254.197905986282,190.136614949209,351.961851305228,350.828395375105,1688.03562818573,4420.68896647692,2283.72835475486,373.621948029246,2729.41687380288,368.680974947343,857.314982668188,1818.06238904546,1413.40939893538,1458.89871891586,649.741450023423,562.436522071607,401.429748191616,921.572804802348,1914.31739692922,464.708878207985,2288.44801375843,441.657360335695,865.249564690814,1193.47875724361,4346.80166564452,1857.91217754443,700.343728897833,568.141541162744,447.891068939652,1478.36649561928
93.9946770183349,101.167558171547,103.078174136138,167.47254405851,304.188172151268,247.658239251356,211.891907286858,105.618085862522,305.733518274066,146.906333890806,133.114384955618,517.159820504381,151.756129371755,103.261569624472,117.076995181317,121.327433160225,172.179114637996,273.992166076296,210.082539250564,143.33231998552,191.346935879843,185.418425351786,134.388916131651,250.562459040862,1793.33023882808,410.239378100845,252.593449975244,160.58522546314,130.35103198877,287.53665130321
75.3483885836052,89.4106806977902,99.945293750918,100.78627837922,164.159377357443,109.113880996389,93.6345497127009,80.9500127840688,214.742621822694,108.348171463031,133.114384955618,150.50509074419,135.880610791772,96.2413626634919,117.076995181317,113.442987266329,73.5648360122875,98.8863224058998,137.168814853599,121.422410657784,115.08298465406,145.127952179504,92.4106853668721,81.3123864844261,217.083146909212,242.96616167285,108.74096298174,111.362873477358,117.465001131386,121.006621643702
59.1394403545307,63.491955090703,71.3602458567752,72.642065650038,78.4116010953491,87.3165671747865,75.6925839671416,59.0466340189543,97.3375060262972,86.8607140390618,84.1379503357471,96.9474883367662,88.1328738467187,65.7195335227263,88.7032402338018,77.1392472916378,66.6827568538271,68.8132583267596,109.486775461268,93.4866249024679,66.1405700193742,75.0315117233131,64.0385075040041,69.0004833781313,99.9751188604334,108.263625090022,94.9551036088105,85.1015110628577,73.0903959375609,121.006621643702
50.5922992569885,50.5797948723934,53.0143773847592,51.6238143232195,52.7993127119748,53.3738950797423,50.8563124504466,50.527252029257,53.725447369241,51.6090144728839,53.2300252303124,53.2248432283152,51.2186869487681,51.8376548788298,82.5728783669977,51.158105025871,52.9326058049568,51.2105894325035,57.1233136090771,52.1320577927026,51.0405833835518,52.4858890485555,50.5406861130188,52.4469753067035,58.9163566868728,55.214010571941,58.0123422348755,52.9338125137656,51.181452821899,62.7209997654349
49.3765119085379,49.1209271599359,49.710382673817,49.4241200922123,49.6436407388194,49.6070953180022,49.9766984425446,49.6011364121515,49.8137545531457,49.4758142666942,49.8058507638472,49.6488398767301,49.9248652307774,49.3307924593559,81.1249119064143,49.8267001637529,49.9702401755471,49.7380701098781,49.8950899617188,49.489912832635,49.6107035843462,49.7810427814186,49.7222592084361,49.7199422000718,50.2312364776023,49.7320411622724,49.4734866001428,49.8925779249649,49.8162204959789,50.0590630819114
48.0561864325964,48.0512183042341,48.4179168714344,49.4241200922123,48.9281581134587,49.3534657958296,49.9766984425446,48.1073420588709,49.4793476893779,49.4758142666942,49.2377738976528,48.1141162817293,48.0998975713774,48.120123751372,80.2382278506726,48.0485360578976,49.1090298272755,49.1905820090817,49.3629221319041,48.086583666621,48.1396313008065,48.9219217489319,49.7222592084361,49.7199422000718,50.2312364776023,49.7320411622724,48.1446122313913,48.0270490362126,48.1646523243184,49.6569052051118
48.0530064975624,48.0505146396435,48.4168562508164,49.4241200922123,48.9281581134587,49.3534657958296,49.9766984425446,48.1007558215816,49.4793476893779,49.4758142666942,49.2377738976528,48.106381903218,48.0230521394653,48.1103714088387,80.2382205824309,48.036063889323,49.1090298272755,47.9881445069232,49.3629221319041,48.0734639325035,48.079761224993,48.9219217489319,49.7222592084361,49.7199422000718,50.2312364776023,49.7320411622724,48.1396952760194,48.0208943065287,48.0559166897602,49.6569052051118
48.0530064385849,48.0505146323964,48.4168562371446,49.4241200922123,48.9281581134587,49.3534657958296,49.7123260709676,48.1007557217035,49.4793476893779,49.4758142666942,49.2377738976528,48.1063818456897,48.023009683129,48.1103708376786,49.8459505966317,48.036063785748,49.1090298272755,47.9880190363868,49.3629221319041,48.073463634726,48.0797607720879,48.9219217489319,49.7222592084361,49.7199422000718,50.2312364776023,49.7320411622724,48.1396951197012,48.0208940457754,48.0559150643057,49.6569052051118
48.0530064385849,48.0505146323964,48.4168562371446,49.3510040486934,48.9281581134587,49.3534657958296,49.0755380663854,48.1007557217035,49.4793476893779,48.6272470918303,49.2377738976528,48.1063818456897,48.0230096829076,48.1103708376786,48.7906042021017,48.036063785748,49.1090298272755,47.988019035784,49.3629221319041,48.073463634726,48.079760772085,48.9219217489319,49.2325564391795,49.2673730371077,50.2312364776023,49.7320411622724,48.1396951197012,48.0208940457754,48.0559150643057,49.6569052051118
48.0530064385849,48.0505146323964,48.4168562371446,48.7915905593815,48.9281581134587,49.3534657958296,49.0755380663854,48.1007557217035,49.4793476893779,48.4274324698612,49.2377738976528,48.1063818456897,48.0230096829076,48.1103708376786,48.7906042021017,48.036063785748,48.6193754102389,47.988019035784,49.3629221319041,48.073463634726,48.079760772085,48.9219217489319,48.4554062574948,48.5319100207272,49.3156949292359,49.0764665656376,48.1396951197012,48.0208940457754,48.0559150643057,49.6569052051118
48.0530064385849,48.0505146323964,48.4168562371446,47.9901628674841,48.9281581134587,49.0019212997109,49.0755380663854,48.1007557217035,48.9527120061421,48.0110239122744,49.2377738976528,48.1063818456897,48.0230096829076,48.1103708376786,48.7906042021017,48.036063785748,48.6193754102389,47.988019035784,48.6220335026278,48.073463634726,48.079760772085,48.9219217489319,47.991255901344,48.5319100207272,48.6695745225894,48.7997553352648,48.1396951197012,48.0208940457754,48.0559150643057,48.7913053531345
48.0530064385849,48.0505146323964,48.4168562371446,47.9901621979521,48.9281581134587,48.5729831895672,48.7513866139278,48.1007557217035,48.9527120061421,48.0109544788424,48.6137059364285,48.1063818456897,48.0230096829076,48.1103708376786,48.7906042021017,48.036063785748,48.6193754102389,47.988019035784,48.6220335026278,48.073463634726,48.079760772085,48.9219217489319,47.9902194371281,48.5319100207272,48.6695745225894,48.7997553352648,48.1396951197012,48.0208940457754,48.0559150643057,48.7913053531345
48.0530064385849,48.0505146323964,48.4168562371446,47.9901621979521,48.9281581134587,48.0570846374233,48.0097311700999,48.1007557217035,48.9527120061421,48.0109544788423,48.6137059364285,48.1063818456897,48.0230096829076,48.1103708376786,48.7065649463237,48.036063785748,48.4728628800639,47.988019035784,48.6220335026278,48.073463634726,48.079760772085,48.9219217489319,47.9902194371274,48.5319100207272,48.6695745225894,48.7997553352648,48.1396951197012,48.0208940457754,48.0559150643057,48.7913053531345
