73769.9538763,4158651.7213969,740687.868690028,2254862.2067733,4473920.14764429,2371951.21765207,210964.209317293,910444.198866351,2219542.56728845,1365316.84685717,1511183.96948455,377901249.69554,542683.577277026,526292.090333725,2997736036.44794,355052.528802813,111859872.122763,397602769.756714,1511470.16768386,1513846.70261353,3037083.79730208,1277192577.81305,94699203.1014222,3959121823.96633,64280.7811026334,1769685.56391386,157526.431780848,2720952.97890085,116665.329378349,10411081.3133372
11928.6014787319,11910.2470703433,295457.429733376,123065.283191317,151547.492819555,297725.219202635,31597.8104410138,910444.198866351,422699.287540814,821408.408081109,207488.905255593,3924629.03197882,390092.311164884,454746.439142594,531391186.645595,126845.468929768,1784124.10180822,1084168.39498307,131928.980191743,1513846.70261353,1777236.37944797,34141783.7070042,1416506.29115755,1269512091.87279,64280.7811026334,6613.50532646047,108725.437020539,394884.171908669,116665.329378349,6249097.87971609
11928.6014787319,11910.2470703433,295457.429733376,37841.2175997992,151547.492819555,134248.504963046,31597.8104410138,7307.26310682228,13352.5642144453,227716.58504698,178998.511004824,3924629.03197882,120239.55576525,454746.439142594,1638815.32595512,7842.19742378187,266922.408000213,556021.620806163,54757.4434706231,385835.510643123,440251.289721711,34141783.7070042,1094701.82798032,483502308.737186,64280.7811026334,6613.50532646047,19201.022054692,394884.171908669,116665.329378349,2687989.54050312
11928.6014787319,9991.12840595205,6829.72244040474,37841.2175997992,27427.488467977,66257.2369018304,19432.3320639842,7307.26310682228,13352.5642144453,115637.058223831,55703.3178226731,550232.856344816,120239.55576525,3667.16267348296,1638815.32595512,3007.08942777824,50176.2341996769,61159.5622886812,7997.69827321149,63579.8158763875,30297.2222140346,5494932.50449724,89238.2332436232,95473782.8633933,8150.72986033556,6613.50532646047,6317.88449117508,272321.107482692,9603.02518058374,648731.21697025
1504.59132359588,7489.64466547204,3357.09731889502,5694.77992835511,2695.40503087162,8850.99428647183,13890.896951508,5782.41427684163,8314.34722359572,1479.11871355028,5460.73285843687,85821.0044347584,12822.1220579986,3667.16267348296,703539.518630721,1547.22748074538,1376.2186785467,23809.6733020713,2842.89474105001,4108.99791370963,1286.81103178289,70275.2261933447,44190.3560947134,6483187.60364665,3173.57646565521,4816.25945005629,4268.79192945101,3104.65392684533,2887.85914240377,5329.91065092733
401.578121757255,907.344413404115,391.656178484615,1000.44568836214,1851.25457099391,6305.92498031033,3605.18144241212,1326.60820539713,498.489648654418,654.846564369481,1140.2024562925,2507.87514833696,2909.24015232457,888.489389199766,5164.05979451006,376.7010803878,295.273863769182,1626.43242983363,419.491083052585,2479.29556200901,508.053576071362,746.656985234609,9889.92983673135,2688.78754261306,333.87376641726,1059.07576542351,417.417207914526,2256.19975048511,674.794064103464,158.273263452968
374.992905035913,495.150726579894,222.000851111951,398.752521054728,418.334877781275,895.67998189224,738.769115823291,485.038741388004,406.055029388743,240.425124564023,124.853374333803,272.261166719413,984.850733532382,182.109822313811,529.529243611467,299.364856307295,238.674175036189,288.571958919377,288.395045638249,168.197354214252,44.6813691377041,339.299764165779,1750.25277365729,433.448228406445,18.9651101143346,627.984973087679,243.811928433064,249.815158779692,278.437819884922,31.1182926770941
372.979812721117,479.834853893125,221.961010503697,352.736938846224,405.472272062061,361.086565254767,332.867933326038,444.140441712092,397.196222824438,229.017584352422,120.377312850231,45.5819180237166,396.779914219328,138.040808946151,139.108716186307,297.82496541843,237.865757057435,44.2436331195648,245.041697735204,154.300565220323,18.8482639561869,319.836397774417,568.77573953667,116.328759222591,17.9494258700241,604.019273909228,243.791938922302,227.023996677873,268.6899809155,19.4451518468239
372.962126714716,325.415599036621,221.956275345308,142.536822180646,396.204742916771,350.502378067994,322.290503928832,442.178130104246,397.196222824438,229.017584352422,87.6842493088654,32.1922059203727,385.997781393611,123.078379887213,131.599510978374,297.82496541843,237.862672271682,41.7192909210715,245.041697735204,145.448677660261,18.8482639561869,319.836397774417,342.597182326125,116.328759222591,17.9414496272564,597.315419930977,243.782306543352,227.023996677873,268.322056175408,19.4451518468239
157.687552818263,37.9252663799852,221.955263363749,122.595165701696,396.204742916771,340.007888396621,319.14235682802,243.514104880115,377.655368768716,229.017584352422,51.0078180177283,27.4376314430469,374.45821316078,123.078379887213,123.946120340367,235.857748375136,237.862672271682,41.7192909210715,123.815604770571,145.448677660261,18.8482639561869,319.836397774417,285.037757093232,116.328759222591,17.9342305082273,580.636277060953,243.769700061888,227.023996677873,42.6284588833712,19.4451518468239
134.366030077852,37.9252663799852,221.953831011227,122.595165701696,344.875211502818,25.9537958110974,319.14235682802,240.939152311175,377.655368768716,229.017584352422,51.0078180177283,27.4376314430469,374.45821316078,123.078379887213,123.946120340367,228.52938724247,234.486183310847,41.7192909210715,122.50399864344,145.448677660261,18.8482639561869,319.836397774417,285.037757093232,116.328759222591,17.9314040298471,345.710629462208,243.769700061888,227.023996677873,27.0394838140601,19.4451518468239
134.366030077852,37.9252663799852,221.953831011227,122.595165701696,295.104629482485,22.1417418021319,319.14235682802,112.670700685086,152.214359043749,31.8040388297937,51.0078180177283,27.4376314430469,374.45821316078,123.078379887213,123.946120340367,228.52938724247,234.486183310847,41.7192909210715,32.8615274478095,145.448677660261,18.8482639561869,146.360651481661,285.037757093232,71.1812620267617,17.9303961309905,345.710629462208,243.769700061888,227.023996677873,27.0394838140601,19.4451518468239
36.8880709754284,8.76539810494956,122.686978182812,36.2752744061476,45.8287812797902,22.1417418021319,100.606444908165,33.5927340847218,39.3683496977183,31.8040388297937,38.6795280051821,27.4376314430469,302.439181623127,123.078379887213,64.206220958924,74.5856998792833,37.6439239808147,41.7192909210715,32.8615274478095,145.448677660261,18.8482639561869,146.360651481661,47.7485028050573,71.1812620267617,17.9303961309905,18.2496224853888,243.769700061888,41.4807550518643,27.0394838140601,19.4451518468239
36.8880709754284,8.76539810494956,121.788190958266,36.2752744061476,21.4074312883466,22.1417418021319,100.606444908165,33.5927340847218,24.7257968306858,31.8040388297937,28.7054088721656,27.4376314430469,302.439181623127,10.4071752631604,64.206220958924,48.5484320984834,37.6439239808147,11.2907005724938,11.1272157340703,19.629553766912,18.8482639561869,146.360651481661,47.7485028050573,71.1812620267617,17.9303961309905,18.2496224853888,187.971604210037,41.4807550518643,27.0394838140601,19.4451518468239
