1916.85944273197,1619.58929132364,2180.48096843793,2563.19009841056,1843.7076107598,2072.4058164545,2342.99808945347,1871.62587500206,1848.80918923035,1847.44287987745,1093.45124139544,2349.35941650823,2118.96791885195,2107.93961208044,2109.84906909443,2166.86325381107,2819.17199181254,1821.11637148382,1987.72131794121,1625.83072241617,1713.43510302371,1611.36197190809,2346.8259465953,1700.42030725466,1866.09147330226,1046.51946242384,2646.47817621036,1844.9544423303,1984.40960218799,2231.12317492938
1672.40811317033,1183.48180192381,1687.5665002606,2320.56661696528,1691.71564608645,1678.39810812619,1753.54894017971,1380.18170766486,1222.1116167628,1847.44287987745,586.286185214942,1479.28039445383,1860.28453727085,1718.75104009247,1795.51031676847,1611.25161574975,2616.22804044064,1308.86623585659,1749.90057234405,1115.64827224977,1526.11873852775,1140.15543540068,1959.32807347894,1375.21757092357,1247.63779660463,948.134664045686,2271.51568909289,1498.16279665254,1843.4775237662,1970.78542251782
1633.86448934116,1026.92935568188,1632.41559033252,2090.43114215373,1566.59270002862,1524.5011983906,1659.49365375979,1255.83822164378,1153.51215057007,1464.93371285037,540.56812673598,1392.72259644072,1768.1582369757,1653.86397344028,1700.35997044817,1504.98207654307,2532.68725206221,1214.6951765811,1677.13587003596,996.186818531714,1521.67485742902,996.010077145835,1875.7152258224,1191.38129041555,1089.89382685819,861.218106110624,2158.96278272275,1326.45095984284,1757.08935375394,1938.78252795503
1617.39750192767,956.962349469772,1577.72755018577,2054.84590673667,1530.82010947693,1446.9259309293,1632.04495202627,1207.74910415508,1099.77249275341,1412.7842867391,510.494644014879,1343.53870152781,1721.29066676932,1638.40141848352,1679.4975643972,1474.55102329006,2468.91068863857,1188.82686763443,1653.75147957187,973.902835285382,1487.03823949317,978.948876835072,1854.00428058683,1141.67075133295,1012.30889585115,839.780275566854,2135.96831428402,1262.88960104624,1739.92060362363,1915.81594628701
1615.14040474182,948.205515433337,1575.76952254146,2050.15309702305,1528.71991794613,1443.12125025285,1630.11964360066,1200.58264540745,1095.68767400431,1412.7842867391,506.235788953675,1341.05169414378,1718.95483230492,1637.28292935494,1677.90533253167,1472.79123385877,2461.02362904621,1186.24133582693,1652.36150676029,970.262237382589,1484.87449554007,977.568222474099,1852.53835085412,1135.79933959755,1007.23172056941,837.836765578514,2134.27458323868,1260.91421477538,1738.11775412778,1914.58009547932
1615.13499630911,948.198428905166,1575.76887251797,2050.14568584806,1528.71387515835,1443.11763468464,1630.11681870633,1200.57828041078,1095.6744963972,1412.7842867391,506.232093129502,1341.05013341993,1718.95080488702,1637.28129888538,1677.90346054396,1472.77877069115,2460.90017466272,1186.23682337914,1652.36087882201,970.225168462095,1484.8712544894,977.567435716284,1852.53763386239,1135.770439644,1007.17069069179,837.835534799693,2134.27216356998,1260.91199054895,1738.11510477958,1914.57912562782
1615.1349962745,939.619105687747,1329.16243410575,1526.71284201813,541.365639961169,1443.11763468317,1568.99557211708,1200.57828040737,1095.67375169636,1412.7842867391,506.232093122283,1341.0501334197,1718.95080487566,1612.60161313399,1366.35110290593,1009.03171177801,2460.89234506322,1186.23682336862,1652.36087882091,970.224897191657,1027.17807938256,977.567435715922,1031.7329083481,1135.76977533851,1007.17020706757,837.835534797454,1218.368902321,886.785866768724,1057.06689199382,1242.70814815448
1615.1349962745,939.188255121075,1329.15432508927,1526.13815450071,527.304291090234,1443.11763468317,1568.97141246709,1200.57828040737,1095.67375169636,1412.7842867391,506.232093122283,1341.0501334197,1718.95080487566,1612.58787102386,1365.92491279965,978.84583364294,1874.43118604165,1186.23682336862,1652.36087882091,970.224897191657,1026.85398126417,977.567435715922,1031.71863971752,1135.76977533851,1007.17020706757,837.835534797454,1218.18745042429,886.771653096393,1057.0303993855,1242.69898404394
1169.32792238545,939.188220434659,1329.15432508697,1526.13815441509,527.304289723922,1443.11763468317,755.163436042538,1200.57828040737,1095.67375169636,1398.54866278941,506.232093122283,1341.0501334197,654.912150822099,1176.64061817806,1138.40321218098,978.845830204834,1874.4179480029,1186.23682336862,1652.36087882091,970.224897191657,1026.85398126417,564.492704815195,1031.7186397056,1135.76977533851,1007.17020706757,837.835534797454,1218.18744933941,753.666650684192,1057.03039936332,1242.69898404081
717.815722890069,939.188220434659,1329.15432508697,1526.13815441509,527.304289723922,1443.11763468317,755.162152551545,1200.57828040737,1095.67375169636,1390.57938127628,506.232093122283,1341.0501334197,654.910777946995,1176.63945037625,1138.40202150577,978.845830204834,1126.06204479003,1186.23682336862,1652.36087882091,970.224897191657,1026.85398126417,564.474379787858,1031.7186397056,1135.76977533851,1007.17020706757,837.835534797454,1218.18744933941,753.662921948255,1057.03039936332,1242.69898404081
668.14353563105,939.188220434659,1329.15432508697,1045.35930467196,527.304289723922,1346.70355736667,755.162152551545,1114.2147102855,571.351218825301,1386.51689160547,506.232093122283,1090.50815216428,654.910777946825,546.71335009249,1138.40202150577,691.449094665008,1126.06092437208,1051.43762768269,1152.58704067174,970.224897191657,777.762097127509,564.474379784723,1031.7186397056,954.165341403812,1007.17020706757,837.835534797454,717.481509815889,753.662921947775,1057.03039936332,1202.57481955582
668.143533199745,939.188220434659,901.379898439337,1045.35656910205,527.304289723922,1346.70254102894,755.162152551545,1114.21426745204,571.348158403515,1386.50975689215,506.232093122283,924.321382408206,654.910777946825,546.713134483469,1138.40202150577,691.433079869206,517.944931074592,1051.43762306193,602.419940512742,970.224897191657,777.761982355591,564.474379784723,580.896414875324,830.872409550964,1007.17020706757,837.835534797454,717.481486714394,753.662921947775,792.882825460512,1202.57465106161
668.143533199745,939.188220434659,851.832436220476,1045.35656910205,527.304289723922,1317.58466230991,755.162152551545,1114.21426745204,571.348158403515,1386.50975689215,506.232093122283,914.576982414831,654.910777946825,546.713134483469,1138.40202150577,691.433079869206,516.36523774399,1051.43762306193,595.483932631417,970.224897191657,777.761982355591,564.474379784723,573.934390841378,829.281762009139,1007.17020706757,837.835534797454,717.481486714394,753.662921947775,781.731698246665,1202.57465106161
668.143533199745,837.36075926279,851.832436197135,937.261561756682,527.304289723922,907.471683210564,755.162152551545,855.73435679981,571.348158403515,1192.14725173299,496.445991963022,808.784196951553,654.910777946825,546.713134483469,584.108482482428,691.433079869206,516.365237743685,1051.43762306193,554.916978608885,791.906338369152,777.761982355591,564.474379784723,573.934390832541,378.149148372033,1007.17020706757,837.835534797454,717.481486714394,753.662921947775,781.731698240405,1025.61049671609
