53149387.442752,459486437.879917,1833745537.91424,33332831.7037089,419851997.935221,78283668.8351668,48440687.8440053,7529648403.06442,22436022.6444236,101406404.902708,429835595.80038,20178986.1346143,366375906.244526,10919791.7388417,988428640.862895,2120440628.97956,33299130.5325868,16062703.2611341,11222844142.6109,1361132054.56296,50475273.0251396,14211007.7235746,82749961.8086089,352907075.117842,1393361728.66515,693205636.325215,28610073.7392304,105647944.421739,52605269.4734448,85354656.6919959
53149387.442752,459486437.879917,1833745537.91424,33332831.7037089,419851997.935221,78283668.8351668,48440687.8440053,7529648403.06442,22436022.6444236,101406404.902708,429835595.80038,20178986.1346143,366375906.244526,10919791.7388417,988428640.862895,2120440628.97956,33299130.5325868,16062703.2611341,11222844142.6109,1361132054.56296,50475273.0251396,14211007.7235746,82749961.8086089,352907075.117842,1393361728.66515,693205636.325215,28610073.7392304,105647944.421739,52605269.4734448,85354656.6919959
53149387.442752,459486437.879917,1833745537.91424,33332831.7037089,419851997.935221,78283668.8351668,48440687.8440053,7529648403.06442,22436022.6444236,101406404.902708,429835595.80038,20178986.1346143,366375906.244526,10919791.7388417,988428640.862895,2120440628.97956,33299130.5325868,16062703.2611341,11222844142.6109,1361132054.56296,50475273.0251396,14211007.7235746,82749961.8086089,352907075.117842,1393361728.66515,693205636.325215,28610073.7392304,105647944.421739,52605269.4734448,85354656.6919959
53149387.442752,459486437.879917,1833745537.91424,33332831.7037089,419851997.935221,78283668.8351668,48440687.8440053,7529648403.06442,22436022.6444236,101406404.902708,429835595.80038,20178986.1346143,366375906.244526,10919791.7388417,988428640.862895,2120440628.97956,33299130.5325868,16062703.2611341,11222844142.6109,1361132054.56296,50475273.0251396,14211007.7235746,82749961.8086089,352907075.117842,1393361728.66515,693205636.325215,28610073.7392304,105647944.421739,52605269.4734448,85354656.6919959
41705502.3029861,368726662.813016,1218433980.17079,23640027.0677318,189517824.82881,53486469.1521159,34569636.2780899,4061993492.1317,22436022.6444236,70258397.8861838,302438966.848127,14354831.9931434,307186726.642182,8810602.25592966,481984556.102551,1406556194.57838,29786524.7387032,16062703.2611341,8582978089.12108,1361132054.56296,44861665.6190515,10741193.9513441,44427869.4733454,244736557.129898,903420594.174725,539574020.680333,27601732.3414392,74203047.9090408,48345501.8618769,44632396.6221172
31215916.845655,292706837.592489,871138019.146942,18848293.558438,161227517.22165,33297240.2541675,30307507.0478628,3935062143.64318,10627965.4817765,53737212.8361157,247904852.333654,10603065.2960069,205219993.97849,6378516.37086173,258314470.27587,815441330.595252,22122380.8423227,12969480.8718112,7386008970.93721,938310683.322227,34490257.8721701,7745671.28036733,38419881.2748434,215882665.717794,751840185.950528,376247293.179909,18836242.9561164,64939086.4385359,27671888.4125111,29412769.6927472
15579703.912232,164879692.343628,246865253.362101,7552230.34373298,29603987.0156752,18026076.9138294,19439779.8355189,1303363286.08446,4077067.88205522,26789364.1818282,135517064.762137,3875461.76746174,37792604.4554505,2720262.80600262,66417401.9529396,351440089.837017,13597124.9816832,7399094.69735402,1686193963.84919,363551158.971583,11738314.9979553,3760663.51517934,13116527.2387208,119935076.297653,241403816.707751,134308207.024406,10719299.2439698,36397750.8810875,8691333.21995484,16574055.4269657
1266681.52865987,28388264.4937578,39743996.0624503,880512.575542221,1431591.29169389,1842807.22264162,4741063.87346627,15996007.9804921,283596.212717736,5934389.45499859,11783062.0522052,1007582.39212752,5068774.99782524,347634.376860288,6950487.82789151,26675909.5478775,3200614.51575468,1502086.00435367,16949538.5643042,75490543.9527459,1557818.73471814,655117.211748911,3523373.67289704,8057929.88829623,23703417.3625992,32179673.0800735,1347830.64124081,5346104.46919649,547286.847501743,1370685.665413
7726.02909950205,255315.364524672,1093060.39925122,4844.97554437658,7806.27067340612,10518.0252645676,16087.3127790032,222512.231041876,2703.28115299508,231096.738963945,58282.0248481602,17400.457852644,45537.4949733648,5434.80799596192,199559.883132823,246348.012254046,6998.1441608435,9045.40642639079,45346.1294911398,181449.801015364,59054.2371628923,3914.72803305739,112225.089776679,74305.9207192842,32610.915152095,302278.982059972,13088.5384174677,9928.84154878649,790.567478618931,20760.4061798709
25.2640867792993,30.0721333848385,49.0509326237072,16.0703806244435,20.0789746283997,26.8325668417556,21.1630082158133,58.1230991057737,22.9195799808795,132.481608523764,20.9913509846128,18.5677321724611,24.0362281854718,15.6534359918198,51.0824612799613,153.41152446866,31.7872589132483,19.0106828009916,31.451369921846,22.4541226799961,22.2662721577697,17.9296784451481,38.2153691820686,21.1935058848978,20.9998004735301,56.3832201829393,21.9772424258836,25.8689133873879,19.1870598841019,28.3189820443647
5.86319161941879,8.53588477411017,8.74861331621355,5.91421317329764,5.55655561335629,6.0199620823671,7.44255479090543,10.0027209366651,6.65194331748694,9.50807581368963,7.46484020884168,6.53040230808142,7.79120716135799,6.33539155146718,8.98248093394932,9.63792017677565,8.71815381931356,4.08574802056455,8.96161069803111,7.71449565534067,5.17591578208862,7.07227580060908,9.31502990578883,10.4977029198733,6.0700737317818,9.12505970413758,8.02896547729188,6.385187449451,4.51010076466764,7.73531386416425
3.50980945331162,3.10370637303618,2.57676608620727,2.62438046313241,1.89966929901084,1.70651915882695,3.75846438742974,2.82575041844279,2.09223375951979,2.10905447802315,4.15358336754207,2.44704442415696,2.62833966780295,2.09966229963425,1.40128466231158,3.17136205922247,2.41499716849603,1.69786235977358,3.41656008383825,2.00581900227303,1.62030877280563,3.65066766259724,3.47015717772979,2.40652575969148,1.79653180300761,3.12757387645229,3.61330781789275,3.59756026472792,1.81991224231115,2.7008863318697
3.45346791712564,3.09514288308947,2.54343808835165,2.5839599845533,1.8872952117199,1.65755090571247,3.75524076652096,2.76158514071767,2.0517791961181,2.07527210883131,4.14355693488164,2.40232000598144,2.61271793153537,2.09063738482178,1.32931161136025,3.10809209409081,2.38557225032378,1.67989306944492,3.34029994685488,1.93401097832725,1.53568824824015,3.64306239342068,3.44507443232874,2.35008517350752,1.75813508038505,3.09112259734525,3.6047509356622,3.59174324831133,1.79560998185389,2.68777164571998
1.98020740467746,2.26450548940625,2.54343657950608,2.58395969514345,1.11904889839866,1.65755012966724,1.69102815280735,1.8259354193824,2.05177774210915,2.07527175532414,3.03086901284428,2.40231406355565,1.70881971783024,2.09063729803393,1.30542259754884,2.13530317788877,2.38557206294013,1.67988742198236,1.82379692853078,1.93230116032623,1.53567859399527,2.0683419674474,2.10901357133253,2.01797129548527,1.75813459586948,2.59725521176028,3.31072147547206,2.40449418877301,1.7956094155254,2.67209740765702
1.83257075413235,2.264417179372,2.24257563638139,1.82298017609696,1.11865383444001,1.65755012966724,1.69096853725728,1.82551387022318,1.23616670756087,2.07527175532414,1.64623885664469,2.11546752713866,1.55986181724074,2.04565333013352,1.29792396475455,1.47426605252235,2.38557206294013,1.67988742198236,1.77090022918378,1.93230116032623,0.89574748545715,2.01867768763259,2.10846248139751,2.01772692653481,1.75813459586948,1.18475706822005,1.40839193507804,2.40383570521317,1.7956094155254,1.46513289024801
1.20429749208529,1.71985968695935,0.770737587708027,1.4563609262334,0.945656537689956,1.28718405222594,1.62489297048182,1.15098784030511,1.23616670756087,1.28736201648576,1.11807397576899,1.38308256834125,1.35332749371673,1.01653657751126,1.22206622531144,1.10745640223536,1.31397823949806,1.67988742198236,1.72904930108007,1.06352328981757,0.895747446943005,1.5379890510776,1.35763715099188,1.22366185438523,1.13913751970836,0.980619628782279,1.05203373917061,0.999394212669586,0.971400480369311,1.41768759485535
