10799456.2680123,14333072.4886067,8681587.36495427,7142084.46654517,38430039.5779604,19244470.8322891,7187345.64692611,14733059.2660438,27601733.9857316,16660486.4918094,25422294.0296869,8649008.4850543,7805569.39268887,32240135.2428299,13379996.7661818,42181436.661255,3557163.57664406,881404.057965393,12250901.2446527,25417661.4857027,14300021.0922756,12434787.6012079,22207732.8906975,4809191.71075175,58903658.4855736,54128968.3113883,18508594.7556852,1558052.74345499,48964218.074806,81133232.5304564
3290478.92423197,6976769.7209965,5873804.72818397,4734840.62679646,3458063.50767899,6886369.76173644,713884.589716185,3218925.05659567,2582169.46001335,4374286.83386828,2627355.32001339,5265189.433321,2009099.21189002,14115954.3282536,3833913.82965383,14437159.1325056,1017565.76352059,347961.166130062,1873527.37999462,4082413.39661306,4343900.85199703,2956685.36701867,3930161.51723888,1982671.56590674,2377277.62968461,17337752.8724109,2612660.5635505,588372.602037448,1062494.7215421,7087175.79926541
1340760.99058774,2367004.52162322,3615180.45115444,2685096.77597696,2756134.98225819,3934206.49276674,263692.683270407,819822.149884507,237818.204860248,157159.803633161,1924669.13503162,3270789.75005087,524134.896962274,1957117.20215901,454033.41660776,3356883.72178095,569137.952179551,233931.133084366,1314875.81387178,913911.884826363,2457318.38192812,446969.533248809,376341.717521411,1067324.85653428,1880185.53380842,3949750.16154369,1501537.159961,397882.57219991,663719.824568833,1333722.06083864
668227.3752643,1306812.05326404,118977.395539752,494787.514742242,280033.678213542,238567.295826619,173398.891296157,292407.29740661,90968.8954545644,56113.7732889486,562253.415992506,1091204.53770025,122022.315592647,371258.26499779,197059.512070874,332244.807701379,90236.8898585389,107618.234617739,877786.2489645,289223.687514792,228850.939620882,100707.224201602,47999.3261034639,40229.6923204508,241903.285221525,64198.971842604,550815.952290864,242469.0975679,161014.692746848,454405.854178207
68116.2590698108,8935.8958385036,25322.1243643788,18919.3579377263,14908.2863128843,4489.9707862113,28223.463525487,10264.4673215799,17510.9309891216,2120.67639644372,6294.37499680271,92912.9583294055,23667.839064654,40020.503572746,81357.916737339,91376.0172329844,14952.3758369451,8708.84760946227,107627.380800572,19701.6460538221,39576.9365345073,10727.6052420991,3223.97727362165,4719.41218604275,22677.9034853744,11502.7361203758,53493.1158679278,42765.6200594687,12517.4720801085,5633.39554524953
1486.57802715285,677.121798135504,1881.5182855697,925.487939079595,1696.43846766845,1223.35350657932,751.839053638515,1116.59435187764,1504.21133204164,1077.65496373546,503.546789886874,1315.42233885816,685.087211946099,553.567707188734,1102.72504853675,1818.77927528353,938.548269439032,1248.08244124977,1526.91423704497,1030.34862160661,741.309992577063,881.89630293044,1665.02723802113,1230.29589127588,1461.6453103614,998.166619381294,1052.21580907945,1028.7498612087,1263.78783287095,1233.57368847771
1426.44403411221,672.7699515518,1864.80305921903,915.53393542109,1663.95707364178,1160.04808175197,723.61547053024,1010.21212481259,1455.47936231903,1052.5466609935,483.460753326184,1296.93405295826,659.691390205608,548.305372732619,1028.37780814642,1793.39261188355,891.820699629168,1240.43441229108,1511.56851088319,1009.98733006006,737.441637197814,854.476004552738,1662.89416800401,1169.96395889446,1427.06781959109,979.125932499106,1032.37435455016,997.248945161094,1239.19984119149,1154.26039264294
1426.43546260909,672.769951338465,1506.42395230474,915.533935416543,1663.95706153659,1160.01617802984,723.61546380908,1008.81400038806,1441.47851479081,1052.54626820682,483.447562594741,1296.93405214065,659.691389939388,548.305372318594,1028.37766510132,1758.84411866701,890.189073462037,1240.43420768094,1511.56851083694,1009.98731883777,737.441637171863,854.475703996281,1485.36787873543,1169.9601862438,1427.06775098595,979.124814189567,1032.37152406464,997.244389686429,1239.13735409791,1154.21665006276
876.696615368607,672.769951338465,1306.15275039265,915.533935416543,968.593045894022,1160.01617802984,723.61546380908,1008.81392942766,1380.07201751344,1043.78263751021,483.447562594741,634.602535045116,659.691389939388,548.305372318594,992.998103328599,1758.80952280349,890.189073462037,1240.43420768094,888.050263474016,1009.98731883777,737.441637171863,854.475703996281,1370.5776282997,779.540919672671,486.552410687434,979.124814189567,491.224920509489,543.747622670703,414.757119778699,1145.48960096399
842.440591470447,672.769951338465,1230.57154849331,789.456340520306,968.555474374107,832.26429053308,579.704482146535,1008.81392942766,1375.04491844114,1043.78263465588,483.447562594741,634.600103758782,659.691389939388,548.305372318594,992.959761090846,473.958150193234,890.189073462037,796.931880133634,888.04813511477,1009.98731883777,737.441637171863,854.475703996281,1370.57762827495,779.53794788605,486.545295371322,979.124814189567,491.059791924195,543.527374249658,414.756849548173,1145.47486167245
842.440591470447,672.769951338465,1230.47406275148,789.344514276393,968.555474374107,323.310647711742,519.605265101778,566.468513092857,1059.37806399033,1043.78263465588,483.447562594741,634.600103758782,659.691389939388,548.305372318594,775.788526161543,473.956753685738,751.876807999689,796.718692504401,888.04813511477,1009.98731883777,737.441637171863,854.475703996281,1265.60234394252,779.53794788605,486.545295371322,954.399488179059,491.059791924195,543.527374249658,414.756849548173,970.660749649122
233.164250145905,672.769951338465,927.120037079223,350.633137005492,617.238985902117,323.310647711742,519.605265101778,566.454883652455,536.963918830295,363.58964485507,483.447562594741,634.600103758782,659.691389939388,387.632304077033,775.788515982082,473.956753685738,578.473911481044,796.718692504401,800.680105891334,480.52461059816,463.910909922248,346.321013415972,597.68730247687,779.53794788605,486.545295371322,682.951620564212,491.059791924195,461.884859546397,414.756849548173,856.094206548566
199.840169258051,672.769951338465,407.957060409024,350.633136968057,176.748131092439,205.209766385876,213.430094645016,557.748748666644,199.631814743208,363.589644506735,323.734612220768,634.600103758782,261.534280843302,387.608238718213,775.788515982082,473.956753685738,577.251309583271,516.834571983136,425.600615468334,344.352242965365,463.910909847679,346.321013210055,185.297041087289,207.361582201389,486.545295371322,162.041958610314,491.059791924195,461.810731408885,329.894519760771,854.813249543112
199.840169258051,149.340276846168,407.957047891391,350.633136968057,176.748112444263,205.209499186534,213.430090219562,557.748748666644,199.631814256119,276.908023078066,323.734535805328,274.176966915421,154.327955603663,246.882524392134,346.779462916837,243.593008889533,353.230613238391,327.368437034517,425.600581045042,318.208411323262,344.315066394277,346.321013210055,185.297028813106,207.360382135446,229.934055392428,162.041957247096,332.835827416969,201.254711243462,329.894433866339,334.545453326812
