2644.25347457614,3045.68861598562,2997.74008180964,2979.07576486961,2668.17360983836,2226.15277710477,1960.30731156445,3290.6864578717,3078.71163991938,3079.26077980923,3088.598842923,2184.40553737534,2182.46112613599,2626.42747804829,2719.23920515889,2642.46136833962,2549.33029714383,3043.55952288616,3140.34666998102,3182.65259393129,3511.36142867387,2861.93264323515,2486.03080515754,3037.81486684807,3210.46734495669,2147.98022766879,2268.02990549436,3274.96301125776,3168.75230533053,3057.30853905185
2619.64119972095,3033.38615149859,2997.74008180964,2701.46923107811,2640.4038297468,2226.15277710477,1960.30731156445,3049.05099233733,3078.71163991938,3079.26077980923,2918.19789843175,2184.40553737534,1964.68496295141,2626.42747804829,2584.93586538441,1691.47122889788,2549.33029714383,3007.81341431447,3019.21197078846,2853.41558677413,3415.23262948873,2854.3514331796,2102.85427023541,3037.81486684807,2764.32474186319,2147.98022766879,2268.02990549436,3274.96301125776,3102.2123503499,2957.80957157232
2619.64119972095,3033.38615149859,2997.74008180964,2513.68654225309,2640.4038297468,2226.15277710477,1897.70271099626,2157.02486173578,3078.71163991938,3035.93611737166,2918.19789843175,2184.40553737534,1964.68496295141,2626.42747804829,2572.95008542076,1691.47122889788,2549.33029714383,3007.81341431447,3006.47865364812,2853.41558677413,3415.23262948873,2854.3514331796,2102.85427023541,3037.81486684807,2764.32474186319,2147.98022766879,2085.31759818517,3274.96301125776,3102.2123503499,2957.80957157232
2619.64119972095,2718.11279315415,2942.704857707,2513.68654225309,2538.44006055918,2206.62792069685,1897.70271099626,2157.02486173578,2556.28853109993,2149.50081093073,2825.04647799457,2184.40553737534,1741.19250739088,2626.42747804829,2572.95008542076,1691.47122889788,2549.33029714383,2357.41710728749,2665.79856790822,2474.68348254533,3201.41470268156,2600.26998140226,2102.85427023541,2556.1569104888,2328.05612723274,2147.98022766879,1782.25948992204,2610.43945614388,1999.15072546453,2681.56734402902
2074.84205906846,2679.07001284139,2041.90580408661,2513.68654225309,2538.44006055918,2206.62792069685,1415.94163277932,2157.02486173578,2556.28853109993,2149.50081093073,2825.04647799457,2184.40553737534,1741.19250739088,2510.53855664402,2303.91752081464,1691.47122889788,2472.26929048856,2357.41710728749,2425.20224228746,2474.68348254533,3201.41470268156,2600.26998140226,2102.85427023541,2556.1569104888,1575.13415566198,2147.98022766879,1782.25948992204,2610.43945614388,1999.15072546453,2681.56734402902
2074.84205906846,2301.53088966816,2041.90580408661,2513.68654225309,2307.94288678508,1923.12175689763,1415.94163277932,2157.02486173578,2467.62832832195,2148.39260934412,2210.22199502613,2184.40553737534,1565.04587649592,2338.01680684754,2160.50423629577,1691.47122889788,2246.03591731049,2357.41710728749,1777.08918537488,2097.24737432134,3201.41470268156,2380.57369280039,2102.85427023541,2348.45523202807,1575.13415566198,1854.89220904449,1782.25948992204,2168.32212711088,1712.36620396381,2681.56734402902
2074.84205906846,1551.16476414172,2041.90580408661,2331.32806683286,1642.02143633017,1802.63751281665,1415.94163277932,2157.02486173578,1347.33024093997,1855.86981821871,2210.22199502613,1993.38726545357,1492.7387617824,2338.01680684754,1665.94604875051,1691.47122889788,1975.42570978549,2217.42589694531,1777.08918537488,2097.24737432134,2848.05248723199,2306.77830611162,1995.64586798883,2298.25500825541,1575.13415566198,1854.89220904449,1722.44425316946,1678.10169376707,1621.14306936925,2637.8102562399
1706.78935942958,1551.16476414172,2041.90580408661,1994.45924772059,1642.02143633017,1584.53138540857,1340.72405825565,2157.02486173578,1063.01822247481,1553.55034163543,2210.22199502613,1925.39866491659,951.504730046047,2214.55175824354,1665.94604875051,1691.47122889788,1672.75202956262,1876.06167528284,1777.08918537488,1676.44871802919,2750.60382076532,1160.75202124535,1802.99190935285,1961.31343396062,1575.13415566198,1665.65066156525,1424.14374400766,1678.10169376707,1621.14306936925,2102.42171427584
1607.72814724234,1526.6962324547,2041.90580408661,1683.44388822626,1642.02143633017,1307.24408262601,811.650698686889,1674.84962047229,830.028105533914,904.798808999976,1651.53804942075,1086.33030616559,616.632828404267,1948.44905088385,1539.92241681977,1465.50190602278,1529.88425676496,1169.58607397562,1777.08918537488,1336.91113327698,2465.26165414697,1071.86700478762,1255.81107540075,1303.47780033072,1481.47282604432,1209.40452558544,1097.14640706532,1678.10169376707,1355.65040710445,1615.62389042469
1269.5164046173,827.933102545228,2041.90580408661,1627.03343200395,926.002712633128,1248.90953879595,617.959597733538,1674.84962047229,806.356766521585,356.903986522621,864.885155869501,485.732801460987,567.704391501717,1817.66978200538,696.949524756417,1017.79744635532,1513.63801671198,1015.24148304449,1461.18276752169,1197.36287057011,2406.03245899758,941.670340690614,637.187082031164,1038.19710907639,1107.97301325023,1085.23600866038,1086.62421975796,1678.10169376707,1042.05452380172,1460.42837732315
1230.69571194626,721.00579290794,1177.51022699983,1625.592658072,882.095819710191,1247.98752108381,310.039379270744,1407.0841881661,806.115532195812,316.355929154973,586.246744203096,470.887110325865,566.764117622438,1816.19742693876,587.268986201876,1000.60502670189,1513.41530468,1011.96733501996,457.271307234531,1195.03617877362,2403.78104278754,941.202165592407,582.773523027679,1022.8955201665,1053.97808636498,1082.4251690664,1086.41099787359,1019.7208864002,544.564298807126,1457.48228500044
1230.67405026188,720.815784461954,654.896217446138,1625.52272461341,882.066768068684,1247.98704196249,309.704104782573,1385.4105861796,806.115390316098,316.284206025191,585.864701091753,470.778870303409,566.76340597905,1816.1963213176,586.899701208142,1000.56755808802,1513.41451731305,1011.96580943264,365.531850190204,1195.03316307057,2403.73866817473,941.201456525876,582.699560208276,1022.88866738394,1053.93687875767,1082.42264985722,1086.41086363441,895.229393288245,543.228292854113,1457.39217270634
1230.67404981752,720.81578382277,654.836678289883,1625.52246562748,882.066767897679,1247.98704195389,309.704102068254,1385.40996526251,806.115390314386,316.284205679551,585.864698220535,470.778869852765,498.616145805224,684.154479508691,586.899699716531,818.369634670434,660.414721001805,507.175137508698,365.530332942947,452.700610484489,2403.73805378362,548.141811955877,582.699555297066,379.847647001666,1053.93687864826,990.500317875721,598.518169950681,895.223664124719,543.228265050575,1457.39088092989
675.573068717748,694.465778903343,122.165572030646,595.767321940858,345.760431910187,1049.65587385699,309.704102068254,1115.65338532533,365.71769626815,128.745671120636,365.434977037923,375.525397242831,3.72723292293358,247.059096851137,299.646583672615,121.915749959418,658.189184536215,250.411603097841,365.530332942947,451.10432445566,1302.48597858097,250.411603114823,582.699555297066,365.55988590678,520.293091927282,750.435324590896,539.875758960278,585.927152684257,543.228265050575,487.288275074379
487.225817885409,576.056997244719,122.165567507333,16.9503003701329,243.706590678207,764.185038849223,306.351595821607,480.645714274184,365.62234034792,128.745671118559,365.43497702434,375.525397241871,3.7272328934796,247.059096851005,299.646583328475,121.915749743184,125.330710430911,250.411603097682,6.82992137611109,227.322097012614,483.873311638759,250.411603097579,582.699555297066,243.644136163239,520.29309192147,714.107422815363,532.220209207062,585.927152661715,131.910814042556,487.288272326492
362.144925218698,118.750606819642,7.07973913954083,16.9498945566265,243.706590604294,365.559885906391,125.3931648719,10.1824276221405,365.622340347692,125.330710430889,118.688152378593,368.787483270965,3.66477845184818,247.059096851005,299.646583328475,121.915749743184,125.330710430911,125.51807375404,6.82992137539168,227.322097012614,128.683216677513,250.411603097579,240.478993239703,7.01728469852605,13.7222971918063,6.82992137538531,480.616161310703,131.973268483129,13.659842750767,125.330710430867
