197.685539014135,439.778916726443,254.539271626356,317.009982636057,226.46195946497,428.302467000287,372.364766449008,320.76680931846,225.817880698278,211.912091458975,332.367105755437,254.982747134041,203.984732767329,385.647586466094,261.572761982999,262.068686678626,287.446950572629,320.122710788381,304.883141277145,388.343557764141,469.38066424908,242.515289943692,208.343245207014,258.218874024781,383.786833962381,268.041447470197,375.943616063903,253.78801113999,273.728425422423,329.200267228307
173.489807185745,178.173176606137,190.7024363209,158.765565363093,176.145118534729,269.16404701003,179.871881973482,195.606958091119,147.811508947098,173.542169289029,237.32012868209,178.185709069668,168.794072165249,201.87984827405,132.823880553761,142.237050512778,174.086408762253,176.201352431295,154.99469962335,194.91033751124,156.96206967628,139.117851478681,161.573080965636,132.909020225906,191.7294794551,194.533613387893,216.16707867581,161.989784516735,171.656302272111,200.157905988636
138.248712701828,116.14695920116,141.948404773559,101.969687180013,130.1855487033,168.01112724385,138.240026070746,141.601358370093,132.165081940068,130.388839379636,165.444416603299,116.523083925881,149.656067568756,155.041315100544,104.695386243056,115.918247541121,146.737924790239,136.857123949459,121.024676883008,137.513957281348,141.187845016369,119.453404080019,130.324654716916,110.467888413091,139.091480309763,123.490105561848,131.333200633302,143.753222921617,124.834440978692,142.877532630338
111.432238819582,114.422312387058,126.075780302856,101.969687180013,130.1855487033,142.81386598492,130.46642704801,135.438145033456,115.085062772404,119.317475169174,128.560175128955,111.295326385212,130.590076228648,117.475480021274,104.695386243056,114.880864362415,130.347433177187,105.948934493222,105.812164958035,137.513957281348,141.187845016369,88.9761876211408,128.747092216758,110.467888413091,109.78140509141,103.01301409518,105.312680283052,130.181020947607,100.431650214849,119.738176279832
97.4626451661959,111.760481240646,120.916105656227,7.79759253436126,36.6891266751344,25.2927890056864,91.1720598938324,25.7204314488276,80.3065595890432,100.918640714758,123.752031793566,3.99046792487356,103.154350923112,25.8065356937916,83.7853249012282,14.881202357825,91.6677822120286,100.098288497501,13.8956456158411,128.092758853347,53.7041238171248,88.9761876211408,24.3361803703622,5.99439347543129,5.12881646964716,7.20967025833364,8.71694167455044,25.2167646057146,3.99926119034233,8.35263465767851
6.96472075791677,5.9697744144232,25.7618751945432,4.97479528577561,31.2706460531538,24.4788618975352,25.0930229291317,25.707183955796,6.96471340169553,27.2515901441697,22.3202948869516,3.97983623006303,26.9535132780127,25.7071839562715,8.95463151438211,6.96471339982625,26.0232680478453,6.96471382777121,5.96975434502338,26.9535947921886,26.655436218968,5.96975586039764,24.162777814137,4.97479528598913,4.97479528558905,6.96471340076328,4.97479528631296,24.7949459842561,3.97983622876005,7.95967245685897
6.96471339972946,5.96975434354713,25.7251911014193,4.09202361219991,31.2706460531538,2.10855873277554,25.0930229270189,6.31659864085809,6.96471339995129,27.2515901005417,22.32029472333,3.97983623006303,26.9535131580838,25.7071839562715,8.95463151438211,6.96471339982625,26.0232680432462,6.96471340025633,5.96975434502338,26.9535131582933,3.32656277917882,5.96975434423684,3.04644248903287,4.97479528598913,4.97479528558905,6.96471340076328,4.97479528631296,2.985954219812,3.97983622876005,7.95967245685897
2.98487826679592,5.96975434354713,22.7157958645493,3.97983623316139,3.97983623850704,1.98991811475389,23.5486261239715,5.96975434315338,6.96471339995129,1.98997661927794,1.98991812366471,3.97983623006303,25.3910998726534,25.7071839562715,8.95463151438211,6.96471339982625,2.98487717176933,0.994959059369256,5.96975434502338,3.97997283266481,2.98487717178602,5.96975434423684,2.98487717224854,4.97479528598913,4.97479528558905,6.96471340076328,4.97479528631296,2.98487717157347,3.97983622876005,7.95967245685897
2.98487717596866,5.96975434354713,22.6363788110663,0.201301812908314,3.97983622861496,1.98991811475389,23.5486167865169,5.96975434315338,6.96471339995129,1.98991811470241,1.98991811802605,3.97983623006303,25.3910998711014,1.1398328807455,8.95463151438211,6.96471339982625,2.98487717176933,0.994959058663628,5.96975434502338,3.97983622910657,0.162482460192295,5.96975434423684,1.00206078174021,4.97479528598913,4.97479528558905,6.96471340076328,4.97479528631296,1.04304200100214,0.00548287206044626,7.95967245685897
0.99495905758722,5.96975434354713,20.1647490892398,6.9692799048304e-09,3.97983622861496,1.7613607390488e-09,20.7758885816933,1.30048930440356e-09,6.96471339995129,1.98991811470241,1.05543103704855e-08,3.97983623006303,20.7758885797038,0.994959058665283,8.95463151438211,6.96471339982625,2.98487717176933,0.994959058663628,2.98487717229157,4.9939012875859e-08,7.20819636484719e-10,1.99065040990087,0.994959058139114,4.97479528598913,4.11949466132075e-09,1.98991812654345,4.97479528631296,0.994959063786393,1.21823764105621e-08,7.95967245685897
0.99495905758722,0.807525154255967,20.1617275503212,6.9692799048304e-09,0.00532442239800188,1.7613607390488e-09,20.7758885816933,1.30048930440356e-09,6.96471339995129,1.98991811470241,2.22419651381187e-09,3.97983623006303,20.7758885797038,0.994959058665283,8.95463151438211,0.0568555003473952,1.22449735324998,0.0579862268454029,2.98487717229157,2.43190482853759e-09,7.20819636484719e-10,1.98991814180032,2.19343324624186e-06,0.0085465148631669,4.11949466132075e-09,1.98991811742929,4.97479528631296,9.67405454129762e-05,1.21823764105621e-08,0.0125974271060361
2.80722229131275e-09,6.98217312293697e-10,20.1617275503212,6.9692799048304e-09,2.69456650334851e-09,1.7613607390488e-09,20.7758885807289,1.30048930440356e-09,6.96471339995129,1.98991811470241,2.22419651381187e-09,3.97983623006303,20.1617275840871,0.994959058665283,2.16845743837302e-09,6.23446363393157e-10,8.56792302894487e-10,2.70545709053135e-09,2.98487717229157,6.78256775298852e-10,7.20819636484719e-10,3.97502368617387e-09,1.20690081467805e-10,6.89422332090979e-09,4.11949466132075e-09,1.98991811742929,4.97479528631296,2.38202046114487e-10,1.21823764105621e-08,4.0409390663744e-09
1.19119096626344e-10,6.98217312293697e-10,2.71409666887441e-10,8.09123165353817e-10,2.69456650334851e-09,1.7613607390488e-09,1.72824771702186e-11,7.23425463777462e-11,6.96471339995129,1.98991811470241,2.22419651381187e-09,3.97983623006303,2.20563019240511e-10,0.994959058665283,2.16845743837302e-09,6.23446363393157e-10,8.56792302894487e-10,2.66020430829587e-11,2.98487717229157,6.78256775298852e-10,7.20819636484719e-10,3.71711982007497e-11,1.20690081467805e-10,6.89422332090979e-09,4.11949466132075e-09,1.98991811742929,4.97479528631296,2.38202046114487e-10,1.21823764105621e-08,1.93961248788553e-10
7.89129198854825e-12,6.98217312293697e-10,2.71409666887441e-10,8.09123165353817e-10,2.69456650334851e-09,1.7613607390488e-09,1.72824771702186e-11,7.23425463777462e-11,5.6060584872865e-12,3.34576717425062e-11,2.64225878995644e-12,3.97983623006303,9.96228533551276e-12,1.62263885595528e-09,4.85605881902391e-12,6.23446363393157e-10,1.99138588412489e-10,2.66020430829587e-11,5.07755331279428e-11,1.01765520807089e-11,7.20819636484719e-10,1.81033981546759e-11,1.20690081467805e-10,6.89422332090979e-09,4.11949466132075e-09,1.98991811742929,4.97479528631296,2.38202046114487e-10,5.32039849056736e-12,1.93961248788553e-10
