872.453350174943,478.094457308931,646.789451604055,1339.89120951883,5138.59137655234,1935.31772797182,2557.70090234453,749.746987477337,1291.05229682513,3769.653398505,1020.71482588888,3035.13442016332,818.621721704674,936.649756587771,4147.11990561919,1407.04613224789,882.627471071754,1160.74150987412,508.71833797441,1362.5214721627,678.341097740735,848.674054048729,1722.65373654329,3744.76837747154,1819.11052384412,589.653624983244,1195.93916243605,1021.59703325802,1164.20968408502,1362.6546172829
872.453350174943,478.094457308931,646.789451604055,1339.89120951883,5138.59137655234,1935.31772797182,2557.70090234453,749.746987477337,1291.05229682513,3769.653398505,1020.71482588888,2195.81308434383,818.621721704674,936.649756587771,4147.11990561919,1407.04613224789,882.627471071754,1160.74150987412,508.71833797441,1362.5214721627,678.341097740735,848.674054048729,1439.59117188157,3744.76837747154,1519.43823612138,589.653624983244,771.500731295484,1021.59703325802,1164.20968408502,1362.6546172829
872.453350174943,409.26078977352,646.789451604055,783.864639879977,1187.63124646451,1688.48490887739,1221.14375245942,616.516055134714,863.378180110106,2884.56209395555,897.290898858829,1348.92412450638,818.621721704674,911.95724028341,2742.68465684348,1407.04613224789,668.595738543488,895.508604659614,498.108667953646,726.220636862383,678.341097740735,594.824362326279,934.038713945166,2923.81448081866,768.909297631504,589.653624983244,771.500731295484,847.773862434109,1045.1195017443,488.382038740844
611.556917161655,302.556275272126,632.958180239559,783.43779809622,553.34688978217,557.741587088629,1005.35062125243,570.855243615584,488.619981109168,1151.60312901397,710.417935937015,915.956598355865,644.666169181304,591.457674098885,1758.15034378864,1296.96239914419,668.595738543488,895.508604659614,498.108667953646,475.298500349518,374.192925367563,594.824362326279,762.188099884701,783.163991026343,611.400987486215,589.653624983244,771.500731295484,618.911761582059,761.426446668056,118.42662555154
611.556917161655,278.453307528836,556.152470117218,658.671825302184,532.015716768982,557.741587088629,731.539436844627,570.855243615584,488.619981109168,734.301240052245,546.876590932887,877.444356591508,433.727839247064,552.748590973134,918.18130034719,961.814009703667,668.595738543488,691.661427514757,474.659538937432,475.298500349518,356.927371292665,594.824362326279,741.595769106708,571.428644767049,529.647865458324,520.778940098081,340.817949383837,299.026337103175,761.426446668056,118.42662555154
261.135073880439,147.15294138738,521.541636188433,607.789444904543,482.018769349849,396.535407286818,654.21394111771,292.664866761591,203.772399061861,511.794253962694,476.327190990786,487.269987343567,433.727839247064,365.538240707691,638.666306128307,711.269984233514,341.174037858707,272.373636384793,420.175460935828,158.686333163817,237.861173048904,457.694539433246,607.160593327716,557.282918390216,334.259678011993,303.337595426704,226.191853850807,124.254927240327,760.660987866431,118.42662555154
148.148115226538,147.15294138738,509.573374916286,488.075792621758,441.112689303429,249.267578584415,453.451401011116,237.925250040929,161.775903022108,434.083679003189,476.327190990786,248.320146777143,244.866073676586,349.914217225072,282.038409264727,521.341341688468,282.646609813111,136.799769959817,406.085719488372,120.341117396521,214.994064139712,443.061745362603,282.216568985497,387.77143062868,207.082734294039,84.1479800875842,226.191853850807,124.254927240327,337.852666757655,91.0298674790465
84.2593547735995,100.52501064511,468.8372009028,422.163615062455,269.104376289127,249.267578584415,453.451401011116,210.601538841007,58.8202423945763,289.54060366343,300.916012065379,114.380581633814,215.253550554381,349.695795051168,207.46009515526,459.438956294957,207.669878536868,28.5655255961925,390.473524067499,56.4881902952161,168.182973416,422.367306556017,76.8513166676828,176.978171745411,107.141051978279,84.1479800875842,159.840423702737,124.254927240327,206.837607292588,62.222967057863
70.3840920967744,45.7680670058431,428.112641311263,309.369592555334,175.883433208595,165.202720154233,453.451401011116,186.488341312534,57.824482294301,249.703861974918,262.182035965742,38.4953576987641,175.351741379134,257.308560945604,141.325272204777,202.034427492068,64.5493230989343,28.5655255961925,380.309316036059,33.6233556112974,163.619480092384,362.825961575111,27.2183080129051,106.188918091865,66.4038030584236,32.6068592887051,138.61492696038,124.254927240327,66.4810806208856,21.5370838139132
44.9176450567638,19.5595595992925,419.907334386811,274.001679834086,144.406722873028,152.610895424324,453.451401011116,150.665877434038,13.092530721527,243.001290269449,253.136671617854,26.0400453225272,134.72824891702,232.927700001386,132.922836084605,45.806459411474,17.8446819865672,12.7926698352788,368.869686019103,17.0137448411311,132.943603140653,359.272235168737,8.7342287346747,36.3391577989888,23.7970885462459,23.5517517715469,133.766303075532,124.254927240327,31.2590754994193,8.8377084241389
23.9255975247686,15.3388729073949,418.228454306081,247.771280235644,142.796397560624,143.174681248249,453.451401011116,132.254908755629,2.60456613337993,242.734656320818,250.03387301855,15.4462039591719,132.858440396361,221.966488661717,131.391807414527,17.4809586192813,5.45048204567015,3.12047451827682,368.427371325876,13.0316816394483,120.149131512961,357.568330697277,4.0059875726449,4.8074215227157,12.2406155745727,13.8472102489319,133.132680027058,124.254927240327,4.62736247500001,2.19598401712228
23.7744182402243,14.1709966291234,416.644838018568,238.327243833984,141.62614151957,141.936235148601,453.451401011116,131.293216087936,1.40746050650733,242.722601542956,249.437306443607,12.9412210566931,132.827265648677,221.31357632842,131.284166269776,1.14961490580957,5.12595202225546,1.62062137241893,367.995943727621,12.8888383015318,119.872245298327,356.40023707314,3.91056416927164,1.35246589367127,12.0127511008711,12.9595851833029,130.982716810293,124.254927240327,1.85590349752558,1.87043933755228
23.5163280246373,12.1942286197604,415.21096553012,237.848261613737,141.4384476756,141.776818361135,27.5908996905514,131.278571817378,1.38381686026976,146.86807671082,249.219321148537,11.7114423305235,132.824743622485,221.091888358767,131.251231909415,1.03250971276186,3.15505010244898,1.2494697911994,367.791994412036,12.3483325669324,119.769410301745,356.059484020545,1.8485184892944,1.28740648599464,12.0023074340933,12.7810846870589,130.820491640609,124.254927240327,1.65455125484622,1.84887616830154
3.30977039802559,12.1715719987649,148.716543152753,130.495219295198,39.1768510978966,119.536502093763,11.9660387497583,120.042103933934,1.38381664346605,119.198173778257,13.0129149837953,11.6753263022332,132.824743622485,220.968642963302,95.8134079722599,1.03160973279449,1.06815988228167,1.22767012796693,314.872219636299,12.3463294594875,119.693814546773,219.090396469585,1.06414432590741,1.27021407871848,11.9666341149273,4.86300416089252,2.8857989084513,119.932038431019,1.58783843406817,1.52928721152693
1.4884840067169,12.1715719987649,1.38373148679736,130.338864506775,12.459945037557,119.374042796209,11.9005298900171,0.945162456002358,1.38381664346605,119.151902172077,11.2942877737761,11.6753263022332,132.824743622485,220.968642963302,95.8134079722599,0.946248539039163,1.06815988228167,0.570731397218565,131.019822730325,12.3463294594875,119.693814546773,131.325405196929,1.06414432590741,1.27021407871848,11.9666341149273,0.647292720324626,0.0226623011024641,16.8659284223654,0.736365874133906,0.534413673603717
0.93571779873777,0.935717715293098,1.38373148679736,130.338864506775,12.459945037557,11.6907578215401,0.45082071851427,0.931732049581025,1.38381664346605,24.3589347017163,1.64446595448229,11.6753263022332,129.638438370599,118.988936157375,95.8134079722599,0.935661805517382,1.06815988228167,0.439235792482341,129.840928449776,12.3463294594875,11.9005146241183,22.8653418982382,1.06414432590741,1.27021407871848,11.9666341149273,0.647292720324626,0.0226623011024641,0.519430386570599,0.727574812554617,0.51918849394273
