2263854.16737964,4885695.48265035,514247.229375978,9451451.16107412,3890205.58800481,9619020.97323125,603723.990886524,7427967.05082505,5150277.13410097,158699.057951772,5539281.55430713,6803337.84810292,6703467.48774097,1785771.405571,758013.409075397,4189059.73942807,2489750.91658294,2638492.13290754,863056.262202909,6629048.98817711,1663069.34242026,136302.08590129,795733.512971853,1623370.94854662,6304015.47246392,117535.648731805,6310165.03738674,737357.179816987,1598669.16064962,580302.173744494
1886864.46056248,4252635.45286761,514247.229375978,301582.011832192,92252.0625505224,17035.5030774595,603723.990886524,4226130.24136478,4089926.47006722,158699.057951772,1955952.18871379,4254081.47027484,148923.550650768,80228.8537798159,758013.409075397,1304872.74019084,1473267.56596475,532443.576705914,222479.379180519,522604.382452307,1663069.34242026,46382.6702383939,675574.758295755,50306.0853848188,661901.208817375,9199.02434433743,2628669.76641533,132086.967319442,563176.130089293,580302.173744494
1886864.46056248,1931335.92835045,514247.229375978,301582.011832192,92252.0625505224,17035.5030774595,603723.990886524,2211068.71666459,3619534.38006875,158699.057951772,1351581.89088946,2190892.80513768,148923.550650768,80228.8537798159,493183.11739476,716031.567742865,503010.753402676,82576.5967087215,132162.539757943,170143.494890808,422650.469156511,26578.0198008446,436292.816036974,50306.0853848188,216972.328419065,9199.02434433743,1208448.25359009,40268.2592801119,365817.42829953,580302.173744494
91251.9228973002,1220105.11502224,59662.8900910145,42882.1348339296,92252.0625505224,17035.5030774595,13326.5496017677,43250.1544019893,63244.5615888876,40976.946275438,424941.489472007,242221.375437514,3182.36835082334,25239.1921420459,57917.6818582936,13537.4986563748,21908.5478502917,82576.5967087215,56199.0539876774,139027.362677315,6350.09610502427,26578.0198008446,7487.65935836185,8077.89667515517,29435.0431366472,7875.89934768699,15589.2453481884,18173.6561868017,77706.7659615988,23601.0769273055
13007.5002592077,5152.68940770527,494.767717560064,5871.82300357136,3184.73435283356,4907.22023517964,9638.67817057609,17140.196721184,4985.11194715316,7595.42674074193,4865.2047098577,1859.59566892057,3182.36835082334,6059.29705401198,1449.55529557014,2302.60775674273,7333.27427373257,2299.52268092044,6249.99395803436,42070.0264831596,2139.47884485226,4374.86950898715,2601.07932566607,2863.88873419754,8015.48350624472,5606.82085239569,3261.41150842664,4189.75238240049,457.561232431919,1071.77815436581
1123.96568116245,808.699841011105,229.574355906719,810.287080101168,308.913355167316,1058.51394654931,373.855564718914,425.448201571548,787.623010731038,251.653278200389,461.501282280835,88.067449188718,620.560979950018,987.658520241864,318.21345728635,93.6182429881728,376.277904606169,531.257594911927,841.213357072101,244.893585360701,719.01038703223,752.632422405583,294.806189405787,767.62678127588,429.139592016995,669.387691128425,155.880028542593,455.69021046723,2.52360417777852,926.683922343988
22.2208723455052,398.136490623298,218.618773821389,593.118069032677,6.45557136259849,459.005443967571,265.809540799219,229.797034218241,515.994851352922,14.1661515601782,259.825050605099,33.2811344612069,310.54948092891,371.288580485734,222.928132768129,27.4599996239007,136.881397973269,518.356959110529,233.21062776004,18.1093823639034,485.934880581361,601.731212732628,26.3508343341252,346.919004725455,358.990619574945,508.858198035031,124.704798299759,26.2801131471373,1.06095640930359,227.968726188564
5.35199884570643,380.864788567105,218.218397680467,588.048763552923,4.42982817724991,447.577423463196,261.069378121905,225.322409406072,515.10654893146,3.05313856359503,244.711256769631,31.3587366006528,302.238590300222,362.140673792903,222.54088150244,11.0851646156498,136.724513061865,518.335196066877,229.564822610166,12.3554883453811,478.626181192985,590.549678061724,21.8561202775104,318.278661124833,356.668919980103,503.807590140332,121.034635171335,19.451917392365,1.05439408625808,219.41758927153
5.35199884570643,210.320560719148,218.217815873508,58.1137528390324,4.42982817724991,300.302898849161,261.043186408829,225.322409406072,217.418341315792,3.05313856359503,244.711256769631,31.3587366006528,302.238590300222,117.126899587279,218.457546660192,11.0851646156498,136.724513061865,518.329928289523,229.564822610166,12.3554883453811,73.0966178822474,504.057777853868,21.8561202775104,318.278661124833,251.989406359237,142.502113335763,121.034635171335,19.451917392365,1.05366836542503,219.41758927153
5.35199884570643,137.853876226957,5.57048838113921,22.9913223158382,4.42982817724991,229.796244974842,261.043186408829,141.40244590471,4.62311149757645,3.05313856359503,221.618565936284,31.3587366006528,299.902484325269,34.7800076743744,34.71373678814,11.0851646156498,129.571193462396,191.879154565519,229.564822610166,12.3554883453811,2.69559448671913,214.370745907387,21.8561202775104,142.497634720143,21.6013332608009,136.02625648697,121.034635171335,17.9629127374481,1.05354315514739,219.41758927153
1.27136248922658,137.853876226957,3.21561020735005,22.9913223158382,4.42982817724991,139.650864424284,173.464819568864,37.5525937159264,4.62311149757645,3.05313856359503,9.41415819802012,31.3587366006528,299.902484325269,8.39934508241432,28.1219123767421,11.0851646156498,26.2257942004862,121.115427699536,24.6928369451993,8.73397735039643,2.69559448671913,45.7217507632044,21.8561202775104,13.1250565507403,21.6013332608009,11.3455260119602,121.034635171335,17.9629127374481,1.05354315514739,89.1407596573658
0.87401773304944,29.8631683486924,3.21561020735005,22.9913223158382,4.42982817724991,12.2490433967931,121.643502947891,20.3991831250264,4.62311149757645,3.05313856359503,3.00013652985338,12.3334274832712,20.2082095152632,8.39934508241432,28.1219123767421,11.0851646156498,7.1955543395593,121.115427699536,13.3244033980499,4.08431235319212,2.69559448671913,7.46475457906365,12.6277489187898,10.6956138069856,21.6013332608009,9.42731627473964,121.034635171335,9.98222230370872,1.05354315514739,8.84577420187708
0.87401773304944,22.5479198604434,3.21561020735005,12.0016694143377,4.42982817724991,12.2490433967931,42.7422678188268,20.3991831250264,4.62311149757645,3.05313856359503,3.00013652985338,12.3334274832712,15.1446662842228,8.39934508241432,16.6105297863343,11.0851646156498,7.1955543395593,9.64629930117024,13.3244033980499,4.08431235319212,2.69559448671913,7.46475457906365,11.9218372007371,10.6956138069856,21.6013332608009,9.42731627473964,30.8011200126445,9.98222230370872,1.05354315514739,8.84577420187708
0.87401773304944,22.5479198604434,3.21561020735005,12.0016694143377,4.42982817724991,12.2490433967931,21.0796114449294,5.6586358859947,4.62311149757645,3.05313856359503,3.00013652985338,12.3334274832712,15.1446662842228,8.39934508241432,16.6105297863343,11.0851646156498,7.1955543395593,9.64629930117024,13.3244033980499,4.08431235319212,2.69559448671913,7.46475457906365,11.9218372007371,10.6956138069856,21.6013332608009,9.42731627473964,30.8011200126445,9.40875733597708,1.05354315514739,8.84577420187708
