501.280126271933,628.120937172785,559.920836270236,528.58511947496,834.885302790353,582.005528909367,519.748755601272,556.302440473252,644.866396541249,494.933381530062,622.156294470195,419.109215162886,566.68690369785,652.276503043031,687.634222214924,817.41942313408,367.5158600964,500.253998313041,569.014056964536,648.089128862397,655.113567123374,443.935258082558,540.33922993034,632.259061256183,637.391769489181,320.809639852072,639.442006937797,553.331571695079,673.132169506916,525.917930272583
424.969827619448,394.697832862373,359.796415424794,361.349251964521,303.837034280001,335.710491313331,330.375118759676,273.617117461381,460.168940907151,344.359558495652,385.997415292285,327.596661485238,353.997883788602,342.791284687001,357.997773561772,420.135991651641,291.223996302191,352.139466529351,340.655872937877,372.646101334807,317.320701343026,265.588356495658,300.672230148355,302.12311954629,338.360632658713,282.622342139507,403.625547011953,311.121403069661,419.329197987568,366.167673653836
302.705504761704,277.914557602337,265.109229155719,227.476169737273,247.784478930082,270.830485879946,237.528289117907,231.21558906449,260.207120339999,245.530710034664,260.651277626461,239.160278396076,241.247219733774,215.848799361786,260.299019301887,261.186200779361,231.749738223386,302.34866343228,251.880096381253,273.18339098442,240.13269372107,250.007110454315,210.354471403074,251.473562616327,262.545214639882,232.026557130469,263.371725471332,238.818476942185,273.597600245649,252.802469192885
199.952266343995,182.046495647532,201.808281205381,201.295580904375,191.907292940701,198.959480638591,196.790606438419,200.29972649086,165.307732339462,195.750546776856,205.057976950421,197.904550441138,190.505719994224,179.896284706271,207.022831635938,192.091078527057,180.771159571045,206.625819090244,179.617011895869,196.417703991791,185.958446210454,193.609926463903,210.354471403074,191.942518652126,205.110771723941,197.483745935603,190.030371993482,185.822182622729,171.894464296151,197.447621437215
160.079039285101,11.6135353340869,191.909293429521,160.416711597022,47.6499696045948,25.4652111513142,174.304931652754,175.140549927613,165.307732339462,13.1611758905881,25.0849221217254,177.400734710564,159.594036118262,173.42020489409,154.321488604065,23.113762140521,29.8267182946865,179.714825309858,95.7912985756325,14.2840521649227,21.5241353003205,140.092992663624,172.019672622478,165.200752257473,141.926059800878,165.487885666618,173.984215061161,14.4258392492839,21.0419132337222,171.708206568346
7.72221557975399,10.8441862668801,12.0031473746178,11.2855027487828,10.569758160907,24.5131668942356,8.88021432579853,3.97985991547512,5.37704722656053,8.78496728764003,7.05813488235776,28.885470509319,4.98121946172978,18.2433103022825,3.27719604369372,15.2765875579385,4.33842606245253,3.97983818147463,6.3433095258074,8.85707579218183,11.7017601130722,1.99016846072436,10.1003957251251,7.30643815003282,14.3619719775838,4.97756843488992,11.9828272857371,13.9337013572306,16.372249199803,5.29255157800776
7.72221418868276,10.8441862653301,11.9525016215857,11.285498860444,10.5697580106446,24.5131668942356,8.88004225342297,3.97983623409937,5.37698240203849,8.78496728764003,7.05813486404622,28.8847189714709,4.98121868712383,18.2431996667221,3.26443708369015,15.2765875579385,4.33842605456994,3.97983622911102,6.34330936113065,8.8570757918535,11.7017601095383,1.98991812302461,10.1003306034609,7.30643764793467,14.3619708259048,4.97756521207111,11.9764770731974,13.9337013572306,16.372249199803,5.21863173396764
0.995227469575411,2.98487983860082,3.13917487607841,1.99285959689337,1.98995211703027,1.98992662190426,3.02381851869495,3.97983623409937,1.99064693968739,1.98997276386967,0.994972767380659,6.45163308641031,1.98994223073146,3.39654953293234,2.30036945822735,8.55168633355038,1.9899630209286,2.98515761700219,1.99082477121669,2.98491690176979,11.7017601095383,1.98991812302461,4.81734550255692,3.99601013859683,1.98994389658537,0.99600381054529,4.23178798029039,2.98487800699195,1.99316073169302,2.02351094882169
0.9949590773399,2.98487718861838,3.02516438795487,1.98991812256054,1.98991811780888,1.98991811594487,1.98991812175154,3.97983623409937,1.98991812048507,1.98991813070415,0.994959064585601,6.11462875603047,1.98991813046518,3.39650965891224,0.994959074918143,8.55168327703927,1.98991812273152,2.9848771760112,1.98991813057751,2.98487721260267,11.7017601095383,1.98991812302461,4.22281623804224,3.97983623305709,1.98991812413396,0.994959064996465,2.98487717361991,2.98487718334923,1.98991811607448,1.98991811946007
0.9949590773399,2.98487718861838,3.02516438795487,1.11265142205229,1.00083515059123,1.00531790683658,1.98991812175154,2.85571694420628,1.24992030306385,1.98991813070415,0.994959064585601,6.11462875603047,1.98991813046518,2.65224336448136,0.994959074918143,2.01643835255118,1.98991812273152,0.99962331089705,0.00163937327556596,0.995776114986711,1.07322165226992,0.563696057751031,4.22281623804224,1.21845769748825,0.999033115258044,0.994959064996465,2.0668285004715,1.02410797129164,0.015972612839505,0.0199286428610321
0.9949590773399,2.98487718861838,2.89730905933538e-08,0.994959068476192,0.994959071546646,0.994959085327991,0.994959089838176,0.994959075644147,5.3703388402937e-08,1.98991811826204,0.994959064585601,5.30867509951349e-08,1.98991813046518,3.02732132695382e-08,0.994959074918143,1.98991813919747,1.98991812033864,0.994959066972569,4.66657184006181e-08,0.994959069630568,0.994959069726747,1.49836978380335e-08,2.98693855461238,0.994959061888949,0.994959060173642,2.9925786293461e-08,2.07003267860273e-08,0.994959064264776,1.03200363810174e-08,1.47499576996779e-08
0.000691441324534026,4.85624841530807e-05,5.98038241150789e-09,0.0314818128063052,0.00112571474619472,0.000904266076076965,0.994959083160893,0.0307693649419889,5.3703388402937e-08,0.00041630624514255,0.00144751601351345,1.97615008801222e-08,0.0981240480998622,3.02732132695382e-08,0.116214590639174,0.00147744015998796,0.0277141737399234,0.00914326770521257,4.66657184006181e-08,0.000452485890491516,0.0179141488747518,1.49836978380335e-08,2.98693854722319,0.0144259140192844,0.0804229894074524,1.37358711072011e-08,2.07003267860273e-08,0.0491773441981422,1.03200363810174e-08,1.47499576996779e-08
7.23389348422643e-09,3.36171979142819e-09,5.98038241150789e-09,2.92698132398073e-09,2.49870026891585e-08,8.62451088323724e-09,1.29555246530799e-08,3.25394466926809e-09,2.82398104900494e-09,2.72939360002056e-09,3.2695425034035e-08,1.20671757031232e-08,2.39133441937156e-08,2.58187355939299e-08,1.21126504382119e-08,3.58659235644154e-09,2.00543581740931e-09,3.47949935530778e-08,5.82440407015383e-09,1.85536919161677e-09,1.1641304809018e-08,7.10042513674125e-09,1.87792466022074e-08,2.25631993089337e-08,1.58977400133153e-08,4.63114702142775e-09,1.17265699373093e-08,1.80057213583495e-08,9.17361830943264e-09,1.47499576996779e-08
7.23389348422643e-09,3.36171979142819e-09,5.98038241150789e-09,2.92698132398073e-09,1.13034275273094e-08,8.62451088323724e-09,1.29555246530799e-08,3.25394466926809e-09,2.82398104900494e-09,2.72939360002056e-09,2.7326450435794e-08,1.14405338536017e-08,2.39133441937156e-08,2.58187355939299e-08,1.21126504382119e-08,3.58659235644154e-09,2.00543581740931e-09,1.3307499102666e-08,2.65049493464176e-09,1.85536919161677e-09,1.1641304809018e-08,7.10042513674125e-09,1.87792466022074e-08,2.25631993089337e-08,1.58977400133153e-08,4.63114702142775e-09,1.17265699373093e-08,1.80057213583495e-08,9.17361830943264e-09,1.1407337296987e-09
