16322.1869499147,18149.5366946495,16731.8153562365,16679.6990099274,17705.3639019443,17501.3467175101,16781.5518909828,18055.2669927999,17921.6833201698,18628.9335012532,18833.9857586227,17069.1503874847,17899.2268978709,17637.2305055336,17769.2987641852,17104.7028057964,17642.7690725171,16607.8090909426,17551.4745460136,16206.3567521545,18637.840970861,17981.0148704809,16544.684672069,17786.3369569219,18271.7901684108,18405.8652998877,17329.9809032177,16637.3150378105,17157.6012610776,17572.9240872505
16322.1869499147,18149.5366946495,16731.8153562365,16679.6990099274,17705.3639019443,17501.3467175101,16781.5518909828,18055.2669927999,17921.6833201698,18628.9335012532,18833.9857586227,17069.1503874847,17899.2268978709,17637.2305055336,17769.2987641852,17104.7028057964,17642.7690725171,16607.8090909426,17551.4745460136,16206.3567521545,18637.840970861,17981.0148704809,16544.684672069,17786.3369569219,18271.7901684108,18405.8652998877,17329.9809032177,16637.3150378105,17157.6012610776,17572.9240872505
16322.1869499147,18149.5366946495,16731.8153562365,16679.6990099274,17705.3639019443,17501.3467175101,16781.5518909828,18055.2669927999,17921.6833201698,18628.9335012532,18833.9857586227,17069.1503874847,17899.2268978709,17637.2305055336,17769.2987641852,17104.7028057964,17642.7690725171,16607.8090909426,17551.4745460136,16206.3567521545,18637.840970861,17981.0148704809,16544.684672069,17786.3369569219,18271.7901684108,18405.8652998877,17329.9809032177,16637.3150378105,17157.6012610776,17572.9240872505
16322.1869499147,18149.5366946495,16731.8153562365,16679.6990099274,17705.3639019443,17501.3467175101,16781.5518909828,18055.2669927999,17921.6833201698,18628.9335012532,18833.9857586227,17069.1503874847,17899.2268978709,17637.2305055336,17769.2987641852,17104.7028057964,17642.7690725171,16607.8090909426,17551.4745460136,16206.3567521545,18637.840970861,17981.0148704809,16544.684672069,17786.3369569219,18271.7901684108,18405.8652998877,17329.9809032177,16637.3150378105,17157.6012610776,17572.9240872505
16322.1869499147,18149.5366946495,16731.8153562365,16679.6990099274,17705.3639019443,17501.3467175101,16781.5518909828,18055.2669927999,17921.6833201698,18628.9335012532,18833.9857586227,17069.1503874847,17899.2268978709,17637.2305055336,17769.2987641852,17104.7028057964,17642.7690725171,16607.8090909426,17551.4745460136,16206.3567521545,18637.840970861,17981.0148704809,16544.684672069,17786.3369569219,18271.7901684108,18405.8652998877,17329.9809032177,16637.3150378105,17157.6012610776,17572.9240872505
16322.1869499147,18149.5366946495,16731.8153562365,16679.6990099274,17705.3639019443,17501.3467175101,16781.5518909828,18055.2669927999,17921.6833201698,18628.9335012532,18833.9857586227,17069.1503874847,17899.2268978709,17637.2305055336,17769.2987641852,17104.7028057964,17642.7690725171,16607.8090909426,17551.4745460136,16206.3567521545,18637.840970861,17981.0148704809,16544.684672069,17786.3369569219,18271.7901684108,18405.8652998877,17329.9809032177,16637.3150378105,17157.6012610776,17572.9240872505
16322.1869499147,17193.4336646137,15893.2332268808,16679.6990099274,16364.0834699873,16407.0438799767,16781.5518909828,17439.2504065154,16336.9900105041,16552.9620681494,18641.3809278007,16380.8187263885,17148.0347970141,17637.2305055336,17026.7781705561,17104.7028057964,17642.7690725171,16607.8090909426,16677.98458619,16206.3567521545,18637.840970861,17981.0148704809,16544.684672069,17786.3369569219,18239.9007288545,17875.2439528544,17005.5850278613,16637.3150378105,16390.3401979425,17572.9240872505
16322.1869499147,17073.3253720701,15893.2332268808,15939.5603140554,16364.0834699873,16407.0438799767,16781.5518909828,16331.7512486054,16336.9900105041,16552.9620681494,18348.5904024017,16380.8187263885,17063.8133432413,17509.9863313318,16915.5599026156,17104.7028057964,17640.4057458478,16513.5648404593,16677.98458619,15879.7694016917,17275.0000552688,15941.6102723475,16544.684672069,17786.3369569219,16345.1369142598,17875.2439528544,15509.8464873871,16368.7291178404,16390.3401979425,17407.7239403993
16322.1869499147,16415.5461062964,14871.506413582,15939.5603140554,16364.0834699873,16282.7408353598,16781.5518909828,16331.7512486054,15967.4200946986,16552.9620681494,17441.6155326887,15642.7606518829,16298.5252106067,16470.2794057156,16915.5599026156,16982.2728305058,15847.1709594739,16315.4308138713,16677.98458619,15879.7694016917,17275.0000552688,15941.6102723475,16544.684672069,16843.8231408501,16345.1369142598,17405.9110325915,15509.8464873871,16221.5831042633,16390.3401979425,17381.1868887263
15957.4648018141,16072.2626138645,14871.506413582,15939.5603140554,16364.0834699873,16282.7408353598,16451.3579447816,16331.7512486054,14895.0594799397,16201.6565762082,16246.6552935448,15642.7606518829,16298.5252106067,16470.2794057156,16548.7538929637,15444.5831339856,15452.4282834119,15075.602351973,16126.3268379655,14514.7329797769,17275.0000552688,15941.6102723475,16544.684672069,16527.4802921179,16345.1369142598,16742.7323481983,15509.8464873871,15641.6296611279,16390.3401979425,17352.5828991029
15743.9151479223,15100.1614164319,14358.3500912568,15039.2214921174,16152.5470776452,16081.0425059191,14999.6439003784,14506.939451041,14895.0594799397,15374.5878800924,15143.4006486837,15629.8630701961,16258.1481238812,14536.2830779962,15659.3397593984,15305.7587863881,15161.3620388445,15057.5554249259,15980.0287528064,14514.7329797769,15743.3682498132,15578.9899980567,14657.617022586,15091.7448951589,14836.4606560471,15833.6173980241,14788.8526770826,15641.6296611279,14881.1801106422,15517.4194114678
15296.8059429593,14270.4862459741,13753.3020955599,14805.4028711426,14781.3692097643,14590.3662035229,14336.9143855008,13436.9728919019,12759.0145037006,14714.4579704621,14844.4218051942,14283.5961933675,14914.4199870444,14536.2830779962,14815.3406459195,15227.6235315131,14204.7071429569,15057.5554249259,14937.0936234733,14514.7329797769,15743.3682498132,14793.7068937531,14657.617022586,13815.093728803,12598.5429958321,14831.5419312008,14165.6720524656,14492.0512812493,14272.4989748396,14674.8540336126
13295.5007024236,13040.3417704075,11932.3500394085,11678.9168636961,13378.6008748419,14288.8824325379,13477.2817208807,8727.92519864537,8337.95063913212,12518.5449990048,13315.2946231599,13804.618074419,12764.8149285938,13471.1176556542,13378.2753033694,14314.4993924874,9110.28302921274,12180.3932997879,12719.1596141957,13838.6782657849,13952.6930002251,12233.79742661,12169.0447472475,12186.5072759549,5931.38160717094,11304.9773183737,7198.65266981094,11766.3756634957,12986.7176840948,11761.548526951
2773.33235727566,3411.16318510019,2080.8363314971,2052.83626913327,1983.15633922851,9058.38787149615,2177.27991251623,1421.4838137041,3339.25240903101,2808.20494619417,2377.72780746924,11992.0060964406,2255.51026627204,2753.80446939306,1903.3323276038,11555.2254069355,3778.40915433335,3628.56821649458,2798.04289019892,6648.24781014014,3636.91616863512,3312.70899398922,2580.06623901985,2389.46381529685,2060.968999941,2607.55774639731,3964.26315635634,2396.95614693331,3212.23260965475,2732.91863768974
2455.42087418793,3405.35873865552,1919.81481685305,2047.0328439633,1868.99859485298,2629.80107580941,2141.09182812314,1420.61188064825,3339.22307230311,2781.83119251295,2325.49292915256,753.57014934082,2093.84658499454,1404.06914479099,1808.21169693045,1747.40635485067,3777.44242225331,3628.14566848885,2791.56786807429,1397.51516393201,2131.51107248176,3309.32398443404,2552.41438300233,2357.22749752215,2060.96352934392,2604.34117542797,3964.25112908089,2395.08888916171,3203.3213191472,2731.06466971406
2314.28273176578,537.47139078116,1919.81481685305,1203.37479478503,1305.52424833601,2197.67455652749,2141.09182812314,1123.1634412928,1849.74094754751,1724.01794367351,2325.49292915256,753.570149212766,1153.68433400833,1404.06914479099,1808.21169693045,1001.09766409327,2477.15980158631,1811.86029455592,1527.66800649252,1397.51516393201,750.425045023723,1682.90287953827,1719.35328574777,2357.22749752215,1740.1804546398,869.562364052366,1485.19638749852,1022.63227334505,2156.64801805111,2731.06466971406
