425443781.742096,559819551.765244,631079454.71033,476668635.988733,581026383.605143,279711279.11179,330299530.929554,760768841.357006,232864942.863477,465829357.680119,223340537.466575,584086852.394823,442128811.58456,675937638.473766,276258432.861889,674905229.794697,390615819.222183,330349156.180773,211302284.771083,533202568.253827,738204302.610535,262333868.435239,414413529.610163,358289542.686127,279463129.960839,806674393.496812,678875812.781376,265121280.086288,231779048.262395,232662784.413108
204593124.792993,119843690.205838,255553943.870769,140252263.01738,72438962.0470811,124888364.386961,87936395.0297112,111823972.952752,82777271.4038452,111983662.795597,53459064.1268132,144693089.96031,84765530.5870129,106791219.763111,62497552.0405935,62840346.5467126,99613067.1543051,78290584.9471636,74145642.8500651,100166366.059905,103079750.817015,72466901.1867584,232048308.157294,125830560.407893,82811910.4863214,192681481.621525,323790961.739726,106985718.625869,79070381.1907305,84047933.0814546
49306684.2800979,36944879.5262234,94864029.1387608,43429856.8083209,30241130.8382258,42091136.459971,61046753.0078451,40023933.2979406,17235461.8668156,59467810.2059321,14574470.0272309,66790758.260046,22042853.385145,56770607.0786131,19549105.2937323,30026775.7567535,44721842.6892174,46812567.6000229,37096272.1384822,42795661.9667026,69197832.4446414,34901623.37553,75992367.1188723,53998307.2071083,51188306.5741129,62721911.8602802,49542199.5555163,38321147.2754241,33354705.9811514,24202792.7904734
9720996.09758336,6877145.63825644,12393914.0804145,7744322.11903869,6830904.07192664,12642852.3409914,11367625.157135,11487622.505128,4031062.02626087,7701129.42746748,6821732.80658443,9060903.06561902,4033457.83527752,15601393.9053088,5126316.48238733,9997268.74691685,13910761.4852105,8456985.24559181,7510687.23582722,11780343.4938735,12372552.2082921,6776678.78333319,5569841.99473262,11091338.3700516,7075221.12366962,11213402.3316225,8877664.72187688,6330293.14829423,9327620.10958812,7242631.64580121
349918.577286241,111649.812390943,65524.7312772616,178225.944086365,189323.074283569,253652.226929877,175077.136011523,253349.693257465,128059.656402961,354029.533738021,206517.422618431,247807.110586718,209159.154703793,716017.97689669,157738.295460515,185816.773613306,409315.12112408,102860.702402709,314238.069516293,211106.158752824,172827.668118681,170142.113545044,134286.667901994,269021.964712554,76403.2449652452,386560.432994261,49717.3254971092,110223.952107923,169667.910393223,119840.982001559
1082.80608394822,167.442041398555,872.673439611654,876.789315082147,359.105930174611,2391.21580306725,2165.57788540346,1769.45922418166,614.325735726311,359.585490355264,765.672127917021,169.451514053958,369.573876634377,1220.43916148725,664.663975147252,880.907906851447,257.181853708841,156.774117303591,492.194827291739,1000.58078903444,550.202959244743,2195.99870158704,1055.59499232978,1585.38095592545,1472.91479606951,1814.31124383226,860.71195086035,345.472348756082,1193.41542178514,1254.20199798372
1.22730143630179e-05,8.34267439131509e-07,2.90418824988592e-06,7.33216324988462e-06,3.63675831067667e-05,1.28172571294272e-05,1.52603456626821e-06,0.000367538542150214,4.95745234729839e-06,2.97579958896677e-06,1.97452595784853e-06,1.67485891324759e-05,5.55331894247502e-06,7.86712780609378e-06,6.96291635904345e-07,3.77857054445485e-06,3.14147200697334e-06,1.40211225243547e-05,1.73392709257314e-06,1.27263081139972e-05,1.02906035408523e-05,8.04770752438344e-06,9.38853713705612e-06,1.79381891030062e-06,4.2911848595395e-05,3.94505887015839e-05,4.18412491853815e-06,2.28095668717287e-05,2.5761907636479e-05,9.48660954236402e-06
1.58706825459376e-09,3.01974978356156e-09,6.53471943223849e-09,1.45623744174372e-08,2.59524313150905e-09,2.33585524256341e-08,4.96333996125031e-09,1.46008005685871e-08,1.39730218506884e-08,8.91668605618179e-09,5.91171556152403e-09,3.22131654684199e-08,1.85054886969738e-08,7.34485183784273e-09,4.86534190713428e-09,7.63770913181361e-09,7.82210918259807e-09,1.41255895869108e-08,5.42127054359298e-09,1.98303951037815e-08,2.13706243812339e-08,1.81189534487203e-08,1.73808984982315e-08,2.79446794593241e-08,1.6924559531617e-08,2.28055796469562e-09,3.23022959491936e-08,2.17642082134262e-09,1.67528924066573e-09,6.28710949968081e-09
1.58706825459376e-09,3.01974978356156e-09,6.53471943223849e-09,1.45623744174372e-08,2.59524313150905e-09,2.33585524256341e-08,4.96333996125031e-09,1.46008005685871e-08,1.39730218506884e-08,8.91668605618179e-09,5.91171556152403e-09,3.22131654684199e-08,1.85054886969738e-08,7.34485183784273e-09,4.86534190713428e-09,7.63770913181361e-09,7.82210918259807e-09,1.41255895869108e-08,5.42127054359298e-09,1.98303951037815e-08,2.13706243812339e-08,1.81189534487203e-08,1.73808984982315e-08,2.79446794593241e-08,1.6924559531617e-08,2.28055796469562e-09,3.23022959491936e-08,2.17642082134262e-09,1.67528924066573e-09,6.28710949968081e-09
1.58706825459376e-09,2.07251105166506e-09,5.11090547661297e-09,1.32690729515161e-08,2.59524313150905e-09,1.24930465972284e-08,4.96333996125031e-09,1.46008005685871e-08,1.39730218506884e-08,8.91668605618179e-09,5.91171556152403e-09,2.79560481430963e-08,6.19252205069643e-09,7.34485183784273e-09,4.86534190713428e-09,2.76509126706515e-09,7.82210918259807e-09,1.41255895869108e-08,5.42127054359298e-09,7.7807271736674e-09,2.13706243812339e-08,6.34668140264694e-09,1.73808984982315e-08,3.47995410265867e-09,1.10803739516996e-08,2.28055796469562e-09,3.21961124427617e-09,2.17642082134262e-09,1.67528924066573e-09,5.250967660686e-09
1.58706825459376e-09,2.07251105166506e-09,5.11090547661297e-09,1.32690729515161e-08,2.59524313150905e-09,1.24930465972284e-08,4.96333996125031e-09,1.46008005685871e-08,1.39730218506884e-08,8.91668605618179e-09,5.91171556152403e-09,2.79560481430963e-08,6.19252205069643e-09,7.34485183784273e-09,4.86534190713428e-09,2.76509126706515e-09,7.82210918259807e-09,1.41255895869108e-08,5.42127054359298e-09,7.7807271736674e-09,2.13706243812339e-08,6.34668140264694e-09,1.73808984982315e-08,3.47995410265867e-09,1.10803739516996e-08,2.28055796469562e-09,3.21961124427617e-09,2.17642082134262e-09,1.67528924066573e-09,5.250967660686e-09
1.58706825459376e-09,2.07251105166506e-09,5.11090547661297e-09,6.63749233353883e-09,2.59524313150905e-09,7.43352757126559e-09,4.96333996125031e-09,9.31208887777757e-09,1.39730218506884e-08,8.91668605618179e-09,5.91171556152403e-09,1.31788056023652e-08,6.19252205069643e-09,7.34485183784273e-09,4.86534190713428e-09,2.76509126706515e-09,7.82210918259807e-09,1.41255895869108e-08,5.42127054359298e-09,7.7807271736674e-09,1.96798737306381e-08,6.34668140264694e-09,1.02006652014097e-08,3.47995410265867e-09,1.10803739516996e-08,2.28055796469562e-09,3.21961124427617e-09,2.17642082134262e-09,1.67528924066573e-09,5.250967660686e-09
1.58706825459376e-09,2.07251105166506e-09,5.11090547661297e-09,6.63749233353883e-09,2.59524313150905e-09,7.43352757126559e-09,4.96333996125031e-09,9.31208887777757e-09,1.39730218506884e-08,8.91668605618179e-09,5.91171556152403e-09,1.31788056023652e-08,6.19252205069643e-09,7.34485183784273e-09,4.86534190713428e-09,2.76509126706515e-09,7.82210918259807e-09,1.08284439193085e-08,5.42127054359298e-09,7.7807271736674e-09,1.55121142597636e-08,6.34668140264694e-09,1.02006652014097e-08,3.47995410265867e-09,1.10803739516996e-08,2.28055796469562e-09,3.21961124427617e-09,2.17642082134262e-09,1.67528924066573e-09,5.250967660686e-09
1.58706825459376e-09,2.07251105166506e-09,5.11090547661297e-09,6.63749233353883e-09,2.59524313150905e-09,7.43352757126559e-09,4.96333996125031e-09,9.31208887777757e-09,1.17215677164495e-08,8.91668605618179e-09,5.91171556152403e-09,1.31788056023652e-08,6.19252205069643e-09,7.34485183784273e-09,4.86534190713428e-09,2.76509126706515e-09,7.82210918259807e-09,1.08284439193085e-08,5.42127054359298e-09,3.79691300622653e-09,1.25176029541763e-08,6.34668140264694e-09,7.44375938666053e-09,3.47995410265867e-09,1.10803739516996e-08,2.28055796469562e-09,3.21961124427617e-09,2.17642082134262e-09,1.67528924066573e-09,5.250967660686e-09
