15,15,15,15,15,15,15,15,15,15,14.9999999999764,15,15,15,15,15,15,15,15,15,15,15,15,15,14.9999999999686,15,14.9999999999991,15,15,15
15,15,15,15,15,15,15,15,15,15,14.3760114776205,15,15,15,15,15,15,15,15,15,15,15,15,15,14.9999999999686,15,14.9999999999991,15,15,15
15,15,15,15,15,14.9999999999982,15,15,15,15,13.4100112909859,15,15,15,15,15,15,15,15,15,14.9999999850006,15,15,15,14.9999999999686,15,14.9999999999991,15,15,15
15,15,15,15,15,14.567175476202,15,15,15,15,11.9870533604158,15,15,14.9999999998181,15,15,15,15,15,15,13.6137147012132,15,15,15,14.9999999999686,15,14.9999999999991,15,15,15
15,14.9999999999986,15,13.4180229066897,14.9999999999982,12.0472090761209,15,15,12.9386948498072,14.9999999999986,11.4584328671026,15,14.9999999999859,12.8712082944385,15,15,15,15,15,15,11.6079633204531,14.9999999999995,15,15,13.4395971943368,15,14.9999999999936,15,15,15
15,14.9999999999986,14.9999999999673,10.5608875715052,14.9999999999982,10.1510117942662,15,15,11.345855221557,14.9999999999986,10.1279827699095,15,14.9999999999859,10.8606479400064,14.9999999999991,15,15,15,13.3032127457623,14.9999999999991,10.3948758762526,14.9999999999986,13.4150849193729,15,10.3409924172474,15,14.2853607231664,15,15,14.9999999999668
14.9999999999982,14.9999999991769,14.9999999784022,10.4664923820105,14.9999999999982,9.32290849637775,15,15,10.1612003088071,14.9999999999986,7.7727139127428,15,14.9999999999859,10.3468175789817,14.9999999999991,15,15,14.9991830948156,11.3055410955694,14.9999999999991,10.0016436920132,14.9999999940728,11.4476132307827,15,9.81154129002425,14.8428123664567,11.7929495260028,15,15,14.9999999999668
14.9999999999982,13.4520696603486,12.6717042829305,10.0107951449527,14.9999999999982,7.60491790217839,14.9999999999995,14.9999999999545,9.42248100982533,14.9999999999986,7.72682464694572,15,14.9999999999859,10.0815025140546,14.9999999999991,14.8881839948399,15,12.4661752212751,10.6573162638356,14.9999999999991,10.0016436920132,14.9199710574412,10.6602152876098,15,9.81154129002425,12.0978525402597,10.3260048150978,15,14.9999999999236,14.9999999999668
14.9999999999982,11.8104722479279,11.7842722811861,9.14094779926836,14.9999999999982,7.59353776950957,14.9999999889965,14.9834397840932,9.2873787610024,14.9999999999986,7.72661601746677,15,14.9999999999859,9.780935752397,14.9999999872666,14.8881839948399,15,11.2700391067506,10.0425625017301,14.9999999999991,9.72080148998202,14.9199710574412,9.6528153349077,14.9999999999991,8.52549931262547,11.6981862205862,10.3192025454059,15,14.9999999971519,14.9999999999668
14.9999999999982,10.9472378904215,11.0790114817623,7.94927074701809,14.9999999999982,7.5911629153552,14.9999999889965,14.9834397840932,8.84199760761931,14.9999999999909,7.72661565836461,14.9999999931351,14.9999999999859,7.86096869784205,14.9874817523923,14.8881839948399,14.9999999999955,10.493824950519,9.93322604338391,14.9999999999391,7.54362733312928,14.9199710574412,9.6528153349077,14.9999999999991,8.10362826431083,10.4926461431478,9.78489409666508,15,14.9999999971519,14.9999999999668
14.9999999999982,10.7001408123679,9.8154197787253,7.89836283134173,14.9999999996521,7.59089932643474,14.9999999889965,12.9105921106438,7.19246915354825,14.9999999999909,7.72661565836461,14.9999999931351,14.9999999999718,7.46620723165188,14.0040492631647,14.8881839948399,14.9999999922265,10.493824950519,9.71829451228359,14.9999999995889,7.53070638401095,14.9199710574412,9.6528153349077,14.9999999999936,6.10924492482445,10.301026826477,9.45870460107881,14.9999999998627,14.9999999971519,14.9999999999668
14.999999999995,9.95343851822145,9.8154197787253,7.89576392821391,14.9999999969091,7.59089671248148,14.9999999889965,11.5060327324509,6.9321367685975,14.9999999980719,7.72661565836461,14.9999999931351,14.9999996200822,7.46607876175494,12.3190363366707,14.8881839948399,14.9996029510066,9.62304703393556,9.13071137872339,14.9528273131255,7.52988541662262,14.9199710574412,9.28027338179709,14.9999999999936,5.91374386299867,9.98485560131394,9.07039079671449,14.9998626010802,14.9999999971519,14.9999997716986
14.9999999999927,9.63635842477834,9.3900801692962,7.89390296039801,14.9999999969091,7.59089366159878,14.9999999719635,11.1761118138293,6.92980797661085,13.2387001133548,7.67232723311099,14.9999999931351,14.9999996200822,7.46605223192591,11.798412055849,14.8881839948399,14.9826860687454,9.62304703393556,9.13071137872339,14.0864496296408,7.52976921650225,13.3252605960788,7.89594501013471,14.9999999999932,5.88934878243936,9.69511223012933,9.07039079671449,14.9998626010802,14.9999999971519,14.9999997716986
14.9999999999573,8.42985184288045,9.20225762451264,7.89359668801899,14.9999999969091,7.59089365435739,14.9999999719635,10.5926458238646,6.9297168186381,12.6841523451803,7.67130255464053,14.9999999931351,14.6359881337762,7.46604854745237,11.2568517969621,14.8881839948399,14.9826860687454,9.15940631637113,9.13071137872339,12.5914980550647,7.52976783667373,11.4052432444305,6.97440842403466,14.9999999010797,5.88287025741101,9.6522332264567,8.4377344123036,13.4633434704047,14.9999998879712,14.9999997716986
