10087.3332959836,9837.2612193386,8745.0856247685,9780.86146329822,9989.08101794192,10396.6950066144,10129.6736955038,9897.03481335914,9818.62813401497,9820.80081426583,10441.4097202844,9692.65273662474,9143.03044154727,8942.67413431691,9026.7358521391,9261.78720608021,8963.92151162964,9787.95797020622,9638.51190705433,8541.18829559405,9293.20432151459,9550.49429111871,9519.50415656513,10183.7929409917,10519.0586442327,9303.47330495253,8843.54691684159,9010.26190892324,8725.86800032914,10087.9813740058
9689.28706364346,9837.2612193386,7187.36272087547,9230.88085315165,9678.65060021134,9109.28134568689,9542.64020249118,9821.03980159284,9703.85028857009,9244.98321213121,9624.74027585748,8587.68295522413,9092.79595931873,8505.27150864987,8616.05025629912,8987.63924808492,8237.70687159237,9159.27824738214,8740.802182348,7858.22998438336,8607.04990262495,9253.56180323615,8709.23779441233,9190.22006386872,9800.80368853196,8617.37453311194,8367.61925030516,8933.10276108995,8202.53951957982,9830.38318912825
9127.21913747811,9040.78191258293,7187.36272087547,8273.73459287304,9175.1596434845,8411.27047925516,9542.64020249118,9140.15383429417,7980.10732843151,8372.01859182056,8099.11104954219,8587.68295522413,7968.51490301378,8505.27150864987,8507.65462062951,7883.62456516419,7660.06139871789,8668.28073281287,8579.96637992242,7858.22998438336,8310.73034141022,7028.33712947388,8230.57926803144,9047.80425992331,9230.96165507866,7511.63065020327,7155.88222457032,8759.60817920055,7670.38266779074,9152.56463370793
7611.54314960271,8483.85981201233,4410.00212717569,7257.75123345645,7757.91680662477,6840.52173863418,8804.62461979713,8476.70767554497,7529.06442678265,7388.05080525804,6404.40731798981,8118.15282730516,5383.57637393676,7911.18381909719,6817.08520575119,7767.48440330748,7024.12605738948,7140.87937734681,6854.40421030685,6814.71875843909,7948.10795141194,7028.33712947388,6711.79198166481,8365.83537634928,8875.64796234107,4832.87045515183,4398.89710923785,6600.68871964764,5144.25674225553,6735.63859257368
4368.7057652678,5161.12651107428,2452.69951740928,3894.73073921872,5641.95445310319,2622.05885908514,7098.37278787158,3041.57773314165,5882.42586228982,3416.443269414,5564.1226445059,3963.99352930401,4084.88744738079,2903.5146688766,1836.0449054598,5082.00352076544,2172.82050984446,2792.66337352644,1449.47143751489,1628.2832147552,5800.28550415827,4231.02209925396,3218.2799016082,4155.19733146845,4460.46010375529,3791.5745040059,3479.23646586949,4056.35590632308,2646.5717474496,3987.24206628827
4365.29008557537,2907.57968805169,2452.62888412956,3888.07747688619,5641.47711478295,2608.59020329445,912.103533647764,2451.44233877641,955.763902852035,1611.87175095599,5563.94144385192,3948.689152869,4084.15725991577,2896.42673671385,1791.08120355614,821.818411011849,2148.40362181121,2742.7439503489,1237.12614307194,1092.68159751161,883.234701992042,1446.43102125698,978.735586627455,3782.72108084681,3098.49240018779,3791.0725620821,3479.18232724857,4050.01635913776,2646.34671162745,3986.99441134646
4365.29007605633,2907.57818811982,2452.628884026,2475.04100811056,5641.47711153453,2608.59020329445,912.099179534087,2451.44233874263,955.763895218943,1611.87150973319,2921.21034673838,3948.68914803685,4084.15722636062,2896.42673671385,1791.08116573095,821.818394307323,1154.9311567647,2742.7439473212,1237.12614303936,1092.68152876748,883.225830171745,1446.43101907115,978.735586617974,3782.72108071485,3098.49239974552,3791.07253719197,1119.26141777973,4050.01634653041,2646.34670940503,3986.99441069643
4365.29007605633,2366.27982165669,1049.12610235292,2439.29409777407,1528.01594743035,877.82611869116,912.099179534087,1410.91851362804,947.37856705775,1611.87150973319,2920.77120239009,942.405717189321,855.907212725916,2896.42673671385,1791.08116573095,821.818394307323,743.226720488371,2742.7439473212,442.853339414067,463.250137894122,883.225830121981,862.330918538344,868.79317411899,2655.63042468235,1480.87673027655,2015.42688751537,1084.81709460073,1284.86303233073,1766.47373626431,1366.97028181016
4365.29007605633,2047.06804325969,1048.92978758837,2439.29407771638,37.2415215275632,877.825080182624,912.099179534087,1410.91838816038,890.690742634602,1611.87150973319,2920.77120239009,942.373080505214,833.668160560907,2896.42673671385,886.941817991779,821.818394307323,743.22672036272,2742.7439473212,442.81374834367,373.235298079338,532.575852361723,862.073185713617,868.792533613249,2655.63039016721,1480.87572448034,2015.42373947123,1084.81709457587,1267.09501602955,1766.46583658544,1366.97019306976
496.678997807182,2047.06804324846,1048.92978758837,419.757162443336,37.2415214240646,877.825080182624,912.099179534087,928.623978787599,890.690742634602,1611.87150973319,327.112955957618,709.609698249224,833.668160560907,816.599876763311,886.941817398157,821.818394307323,328.566859013587,2202.11961705985,442.81374834367,373.235298079338,532.575852204399,862.073185713617,868.792533613249,1704.94538224265,1162.17949151649,798.461011635874,1084.81709457587,1267.09501602955,1766.46583658544,1366.97019306976
485.210108424862,1230.64378381599,1048.92978758837,419.738920295915,37.2415214240646,877.825080182624,912.099179534087,926.691050296437,890.690742634602,1462.38727271811,326.94324883959,700.305319431314,833.668160560907,814.686190312527,886.941817398157,821.818394307323,328.489782943215,286.493206822805,442.81374834367,373.235298079338,532.575852204399,862.073185713617,256.177181050036,1704.93906937267,1157.41683530811,449.248951973045,1084.81709457587,1267.09501602955,1093.31124839272,1366.97019306976
485.210108424862,1230.64376247183,1048.92978758837,419.738920295915,37.2415214240646,877.825080182624,912.099179534087,926.691050287991,890.690742634602,1462.38727258616,326.94324883959,700.305319431314,833.668160560907,814.686190312527,886.941817398157,821.818394307323,328.489782943215,286.493199221672,442.81374834367,373.235298079338,532.575852204399,862.073185713617,256.175671930691,1381.8622019763,1157.41683530811,449.248943279463,1084.81709457587,1267.09501602955,1093.31124740689,1366.97019306976
485.210108424862,474.488118095026,736.232872772435,419.738920295915,37.2415214240646,877.825080182624,429.95887283767,457.93733029458,122.644331245031,560.593924699596,326.94324883959,413.416564856231,414.822638557443,262.297674378425,886.941817398157,808.944051027742,328.489782943215,286.493199221672,442.81374834367,373.235298079338,431.311520167594,544.742452171232,256.175671930691,568.549057178689,1157.41683530811,449.248943279463,570.672327474441,924.274214276409,763.809656289892,680.148708179328
485.210108424862,474.487950030224,735.816473072704,419.738920295915,37.2415214240646,877.825080182624,429.948713844322,457.933626795364,122.59615056146,560.593918490793,326.94324883959,413.416404880009,414.82258092384,262.295655369106,886.941817398157,808.944049959232,328.489782943215,286.493199221672,442.81374834367,373.235298079338,431.156979834739,542.566007803845,256.175671930691,568.549056004022,1157.41683530811,449.248943279463,570.672209597861,924.274212278803,763.809122013638,680.145709950957
