231.778239042043,400.332757292754,481.182092339615,233.600581661168,407.074454406543,261.177369693949,425.043253540484,918.280934420942,465.491096858001,407.987818662372,406.03304254855,17544.52502384,413.170710875695,240.784053328602,212.988832230556,2096.03586143174,400.279424719798,408.205617299398,301.907050174129,217.9501113546,208.163495639704,422.483532723018,2184.00249746545,408.412050165674,225.920392229487,229.539504656788,394.687614861597,416.957082074636,232.565968238492,277.148260388195
204.484612532315,384.343309290154,425.906848054513,215.62402171134,387.293267551037,206.788653494276,399.285008026517,388.488987690541,346.978630259307,386.250925731717,386.447959833055,5456.2563427022,390.970690367465,214.563433761294,201.977999672634,412.827154978634,388.096908487313,396.375179949192,212.668223316497,205.069343790274,205.764114103458,392.138157170339,218.952413392403,389.382492622934,212.157757616897,208.329854425856,390.927818626018,387.605251910104,202.411564777007,227.921352462852
201.031627820316,362.687033455123,327.504670418964,201.363347964565,372.738669547775,202.412363904897,374.267060137949,368.624956023854,319.775794523405,366.486759252138,367.493451714632,2501.69064299373,370.013368641181,202.754132857264,200.732977607461,386.927460804572,367.982821102768,374.07874191032,202.971129965041,201.869897639837,201.612606902781,377.333749200402,208.002179464203,354.724299812718,202.403114696996,201.277210996478,356.427396308371,364.27795610418,200.830510729224,203.8617810612
200.155090552671,322.753806254897,300.186007907398,200.180623163576,342.936801026089,200.326700888221,332.636673657114,305.428997173887,281.480126344974,342.515391368868,327.371007999433,528.290398268489,330.87570397798,200.173039704914,200.078251322379,334.373777368071,345.403011869277,350.290620222159,200.457790035192,200.239756433822,200.310479714492,347.451296660187,201.358149281821,327.696911259719,200.171076962355,200.104882895722,323.840467474477,325.243640611683,200.136133901467,200.535953602883
200.008607672803,301.969978785784,264.781903274938,200.008649195679,320.740520193291,200.0126655137,302.931404844911,203.076308947492,144.581257752971,324.844287264469,302.332774416354,402.169804262925,302.590631136529,200.014112613854,200.007786316675,303.027787226434,322.201180729328,325.967969007826,200.018082049001,200.005370002294,200.034080222978,303.993267801071,200.05120620326,301.88295726571,200.006827897734,200.006129958771,301.035070012129,301.300006215949,200.00409811085,200.012853760706
200.000040741159,300.005771800268,102.985094428898,200.000023673479,316.769764978914,200.000132967429,300.014402766908,108.955376640189,108.955565406931,322.838516468018,300.011145166161,389.537822875767,300.007916307,200.000013725344,200.000008050545,300.009799553161,320.222860269498,321.57034254519,200.000175822156,200.000004672547,200.000400969684,300.014850097062,200.000030697044,300.015874358421,200.000032453481,200.000000324527,300.003049096292,300.00347419296,200.000007329751,200.000189783211
200.000000004314,300.000289371651,102.985094161508,200.000000005231,203.20990167827,200.000000005541,200.885488741179,108.955376335696,108.955565406931,322.812341715947,300.000352589059,301.159925092145,300.000408487468,200.000000008516,200.000000005649,300.000499249485,320.206095709862,200.659877171543,200.00000000461,200.000000003675,200.000000008495,300.000256350093,200.000000011985,300.000305739631,200.000000009944,200.000000004236,300.000341278126,300.000275475223,200.000000013579,200.000000016838
200.000000004314,300.000289371651,102.985094161508,200.000000005231,200.00041442558,158.096787243675,200.000221307116,108.955376335696,108.955565406931,321.1305721198,300.000352589059,300.015371750152,300.000408487468,200.000000008516,200.000000005649,300.000499249485,103.980702316598,200.000038403273,200.000000003532,200.000000003675,103.987168103632,300.000256350093,200.000000011985,102.233016551299,200.000000009944,200.000000004236,300.000341278126,300.000275475223,200.000000013579,200.000000016838
200.000000004314,300.000289371651,102.985094161508,200.000000005231,200.000000012157,100.995086170131,200.000000003418,108.955376335696,108.955565406931,320.858885426907,201.906299292835,300.000449760514,300.000408487468,200.000000008516,200.000000005649,300.000493078717,103.980107661337,200.000000005634,200.000000003532,200.000000003675,103.98013795237,300.000256350093,200.000000011985,101.990182325158,200.000000009944,200.000000004236,300.000341278126,300.000275475223,200.000000013579,200.000000016838
200.000000004314,251.467412233713,102.985094161508,200.000000005231,200.000000012157,100.995086136483,200.000000003418,108.955376335696,108.955565406931,301.3406698172,200.000000227416,101.008802529945,232.593010885956,200.000000008516,200.000000005649,258.786019672181,103.980107661337,200.000000005634,200.000000003532,200.000000003675,103.98013795237,300.000256350093,200.000000011985,101.990182325158,200.000000009944,200.000000004236,300.000341278126,300.000275475223,200.000000013579,200.000000016838
200.000000004314,100.000000313738,102.985094161508,200.000000005231,200.000000012157,100.995086136483,200.000000003418,108.955376335696,108.955565406931,300.005542034281,200.000000007398,100.995174907663,100.000000030187,100.000030899761,200.000000005649,100.00000788216,103.980107661337,200.000000005634,200.000000003532,200.000000003675,103.98013795237,101.286298913242,200.000000011985,101.990182325158,200.000000009944,200.000000004236,300.000341278126,300.000275475223,200.000000013579,200.00000001124
200.000000004314,100.000000101523,102.985094161508,200.000000005231,200.000000012157,100.995086136483,200.000000003418,100.000000210553,108.955565406931,300.000528096897,200.000000007398,100.995174907663,100.000000017732,100.000000020099,200.000000005649,100.000000014822,103.980107661337,200.000000005634,200.000000003532,200.000000003675,103.98013795237,100.00000003158,200.000000011985,101.990182325158,200.000000009944,200.000000004236,300.000341278126,300.000275475223,200.000000013579,200.00000001124
100.000005283612,100.000000101523,102.985094161508,100.99505623001,200.000000012157,100.995086136483,200.000000003418,100.000000008457,108.955565406931,300.000528096897,200.000000007398,100.995174907663,100.000000017732,100.000000020099,200.000000005649,100.000000014822,103.980107661337,200.000000005634,200.000000003532,200.000000003675,103.98013795237,100.00000003158,200.000000011985,101.990182325158,100.000000049191,200.000000004236,300.000341278126,300.000275475223,100.000057825391,200.00000001124
100.00000002968,100.000000101523,100.00000002355,100.995051547643,100.000027700661,100.995086136483,200.000000003418,100.000000008457,108.955565406931,268.304239075757,104.27215132386,100.995174907663,100.000000017732,100.000000020099,200.000000005649,100.000000014822,103.980107661337,200.000000005634,100.000000010614,200.00000000164,100.000000002485,100.00000003158,200.000000011985,101.990182325158,100.000000013552,200.000000004236,300.000341278126,200.000130986455,100.000000011401,200.000000010486
