5604.3072415722,7463.67534362871,6504.35299524489,4093.72295421889,5383.87346889601,7534.92739342748,5733.76388654683,5426.80901214069,5519.9298459895,5643.11984773523,7039.82334907437,4926.00576911981,4769.92834892982,6284.535552676,8250.63654200513,6998.17939247228,4211.03569070618,6838.17435500094,6769.13769591426,7740.75624870691,4180.48305256287,5420.83657950861,5338.26336868927,5348.14462138795,2984.5426309835,5592.41805768767,4866.66591707004,5333.77753744486,4264.71549903546,4751.07660034887
2729.88972173939,3733.32144259665,3792.92138321241,2365.89938206194,3427.14179605949,2880.69966096063,3176.89956100545,2425.36638285331,3851.01114479999,3785.38927982193,4279.84349019458,2810.81326789443,2919.52530763553,3036.70563596551,3737.42864183869,3363.63010409429,2756.10819901997,3129.31821391555,3267.23332448891,3067.56420207308,2389.75930802988,3281.20665090687,2763.11381329437,3285.76618440167,2342.79296902764,3071.71053552975,3321.2944303279,3443.25882717285,3124.6276548412,3116.76686175212
2115.48236343435,2488.40552520322,2641.31578786245,1208.34771770117,2106.74646133543,2021.26472946383,2078.03647253427,1850.83452531465,2777.44324691615,2466.18836595298,2680.87878045523,1578.5064053173,1865.71794041561,2387.44049179449,2316.10648326835,2113.46921501996,1888.65161519161,2752.68118918435,1921.57901446249,1819.21808101743,1565.69406579509,2099.90893416865,2026.08393766202,2376.82557334091,1440.88117250722,2000.97159726139,2216.34409050731,1870.30899095351,2348.86925036461,1848.00991123231
890.939168818081,930.357339998107,991.300848380119,389.254233027039,732.446065004445,616.075944799501,745.901496476359,706.576709715197,1162.09746110346,931.870415107676,885.745637067965,583.265211160002,708.518275750838,833.183501450881,722.442370781458,957.651140392896,707.362777323554,1152.9909561259,775.916639041973,462.32792025511,439.244391232358,843.003158609538,592.675891284535,1539.64252857678,598.385494047386,746.291195223554,921.726166290735,683.480058096984,903.916780177844,1462.67950782236
304.635335865289,302.037495568432,310.88991792337,300.038993526206,302.341778663299,301.532596108068,301.194874756615,302.197938612167,308.609079630981,302.795906314016,302.176040141153,300.828290063262,301.249768478983,303.104776470722,304.621773667799,303.178805187886,302.311515619325,310.433743967279,302.281046077821,101.3633990949,300.20055529958,303.714653474001,301.406019175145,1317.87212847582,301.947174661085,302.636240345989,302.942005244729,301.180417793525,304.206559215088,1295.85645974091
300.000041260103,300.000014579128,300.000189806483,300.000005913011,300.000030426062,300.000013409047,300.000013675504,300.000021862269,300.000094253302,300.000017135655,300.000007170153,300.0000051554,300.000013394093,300.000040058186,300.000042280601,300.000045092427,300.000042648405,300.000265230503,300.000022449083,100.000010236553,300.000005346285,300.000096962479,300.000006437836,1309.2232926035,300.000019621244,300.000038666126,300.000019356283,300.000006265656,300.000032193167,1277.89013679741
300.000005524557,300.000007843552,300.000004088533,300.000005913011,300.000006055928,300.000007220881,300.000007728801,300.000005400413,300.000006402898,300.000006521791,300.000007170153,300.0000051554,300.000006504388,300.000005717807,300.000006025502,300.000005769067,300.000005175669,300.000005284136,300.000005726143,100.00000522955,300.000005346285,300.000005271195,300.000006437836,1302.86795282317,300.000005287279,300.000006192579,300.000007493458,300.000006265656,300.000006028386,1273.47102504204
300.000005524557,300.000007843552,300.000004088533,300.000005913011,300.000006055928,300.000007220881,300.000007728801,300.000005400413,300.000006402898,300.000006521791,300.000007170153,300.0000051554,300.000006504388,300.000005717807,300.000006025502,300.000005769067,300.000005175669,300.000005284136,300.000005726143,100.00000522955,300.000005346285,300.000005271195,300.000006437836,1302.46807699591,300.000005287279,300.000006192579,300.000007493458,300.000006265656,300.000006028386,1270.85363644513
300.000005524557,300.000007434665,300.000004088533,300.000005913011,300.000005735114,300.000006315986,300.000005381444,300.000005400413,300.000005437315,300.000005667144,300.00000533827,300.0000051554,300.000006336134,300.000005717807,300.000006025502,300.000005769067,300.000005083492,300.000005284136,300.000005726143,100.00000522955,300.000005346285,300.000005255759,300.000006050166,308.897886734319,300.000005287279,300.000005530379,300.000005177539,300.00000462815,300.000004798292,325.368263633084
300.000005524557,300.000007434665,100.394189851891,300.000005913011,300.000005735114,300.000006315986,300.000005381444,300.000005400413,300.000005437315,300.000005667144,300.00000533827,300.0000051554,300.000006336134,300.000005717807,300.000006025502,300.000005769067,300.000005083492,102.581106193605,300.000005726143,100.00000522955,300.000005346285,300.000005255759,300.000006050166,300.000005583222,300.000005287279,300.000005530379,300.000005177539,300.00000462815,300.000004798292,300.000013011435
300.000005524557,300.000006921174,100.000022038207,300.000005913011,300.000005735114,300.000005922917,300.000005162799,300.000005400413,300.000004737905,300.000005564953,300.000004069648,300.0000051554,300.000005193356,300.000005539011,300.000006025502,300.000005229588,300.000005083492,100.000142643766,300.000005438367,100.00000522955,300.000005346285,300.000005255759,300.000005526602,300.000005583222,300.000005287279,300.000005530379,300.000005105937,300.00000462815,300.000004798292,300.000005486172
100.006176244114,300.000006921174,100.000004419778,300.000005913011,300.000005735114,100.009445765091,300.000005162799,300.000005400413,300.000004737905,300.000005564953,300.000004069648,300.0000051554,300.000005193356,300.000005539011,300.000005315393,300.000005229588,300.000005083492,100.000004785965,300.000005438367,100.00000522955,300.000005346285,300.000005255759,300.000005526602,300.000005243604,300.000005287279,300.000005530379,300.000005105937,300.00000462815,300.000004798292,300.000005486172
100.000004038063,300.000005704155,100.000004419778,300.000005913011,300.000005593216,100.00000461971,300.000005162799,300.000004947157,300.000004737905,300.00000496405,300.000004069648,300.0000051554,300.000005136702,300.000005539011,300.000005315393,300.000004993851,300.000005083492,100.000004785965,300.000005438367,100.00000522955,300.000005346285,300.000005255759,300.000005526602,300.000005243604,300.000004658544,300.000005530379,300.000005105937,300.00000462815,300.000004798292,300.000005486172
100.000004038063,300.000005704155,100.000004419778,300.000005785927,300.000005593216,100.00000461971,300.000005162799,300.000004947157,300.000004737905,300.00000496405,300.000004069648,300.0000051554,300.000005136702,300.000005539011,300.000004815296,300.000004993851,300.000005083492,100.000004785965,300.000005438367,100.00000522955,300.000005346285,300.000005255759,300.000005526602,300.000005243604,300.000004658544,300.000004891843,300.000005105937,300.00000462815,300.000004798292,300.000005486172
