234.596051195788,206.328268919568,261.294306306038,550.845935294955,347.807577855813,242.896336421372,2493.18709682656,211.468200160919,275.185244771074,352.884109854402,185.969232670832,824.54062511121,618.93847866093,303.362633880889,288.043713499664,246.256231918264,353.753184646683,777.391988224275,215.532767701753,405.148870429667,238.755805451161,827.736457136622,296.61721766777,774.013032692098,364.604295259858,183.115027989984,228.598756528239,695.438530799044,391.152270771879,391.399253276892
123.886811991278,122.029342227078,114.211097260473,126.776073695267,172.675708180853,127.021693548281,137.196553083851,149.229036957143,132.767848356419,178.10929902846,113.949746521239,122.803082982584,105.768432415459,166.947365200065,142.969736379036,116.783909565607,146.924170750966,162.332271580239,123.851939074262,167.582608606038,163.990477056486,180.303156837012,154.740402200488,154.857909437875,160.718559381501,155.914491072873,119.694852468327,135.105830985688,134.8857908635,132.02457743548
71.3799214679093,61.428387814559,70.8375440844679,74.7753397337837,80.8478410612297,76.9546473128777,95.9251401955715,66.8505681763963,87.305097532628,100.591865772174,49.5124623818286,66.3178025651508,57.6837561876462,84.680321874974,67.5473048228258,49.1902243560457,64.7842970036507,74.142755976766,74.1890103309538,84.8260578996483,82.947639735769,95.4687773916589,53.8915855826322,83.5125716489936,85.6428968583048,88.9534550913503,69.1857970711087,95.339985897243,65.922452922604,77.6009431667261
14.1503472378853,18.8056698508291,18.3594051836117,13.7826628278478,23.549047696893,30.3206111945282,26.3002146209527,26.5716028835933,15.8262737462987,23.5730513727526,14.2932574637883,22.6171639830304,14.1955277967655,26.8617591129063,24.7968779666051,10.1727667761318,17.8594936273795,19.8083058018381,20.2644368857726,20.4234935099488,22.8126465579344,28.1592039028498,21.7447202021153,28.0225011211843,29.3693330073681,26.1604137096485,24.1887841568087,18.8442159367693,17.0259352641411,20.0237124259385
1.26513406471179,0.18467664800778,0.389396648872435,0.379546064283545,1.84576645642085,0.29519317616996,0.74188944748505,0.796198274897506,0.336611445337894,0.274059001967316,0.134892347389268,0.266369076240039,0.118063734508951,0.179245065765258,0.499892072270541,0.74113359345597,0.192331146534002,0.405076911693186,0.326633410640625,0.249569712293578,0.96118989499189,0.432223534322816,0.161418115922174,0.949837932254241,0.237752551404242,0.287175166999646,0.19559724167641,0.187186886953441,0.153494482888277,0.34902063201082
0.161345941267768,2.03861480940759e-05,3.69307905430105e-05,0.00188536870211919,0.342545634475869,2.84212653696159e-05,0.0248686009227868,6.92186804371886e-05,0.0246198445407799,3.60803888952432e-05,2.03698455152335e-05,2.47789160994216e-05,1.41508629667442e-05,2.52021091000643e-05,4.9805633352662e-05,0.0249596203233295,2.47197637008867e-05,0.0434046279837048,0.000914412623274075,1.60872053811545e-05,0.0879818329702857,2.67662049964201e-05,3.10205560936083e-05,0.00334869104540303,2.27910210242044e-05,4.43723731677892e-05,2.09123988952342e-05,2.38028414969449e-05,2.31962827683674e-05,0.00897907064802439
0.147386916868072,2.94447772830608e-07,3.23099470733723e-07,0.000980444638116751,0.327745565437567,2.97985820907343e-07,0.0169512093669937,3.60004150934401e-07,0.0219207545538893,2.74502667707566e-07,2.81963934867235e-07,2.26999304686615e-07,3.30353373101389e-07,2.25762391892204e-07,3.35821937369474e-07,0.0202661172083936,2.55383156400057e-07,0.040926466047722,0.000515875649739428,3.47331365446735e-07,0.0821783323693808,2.3856739517214e-07,3.28846681441064e-07,0.00161454002079608,2.98919758279226e-07,2.93896846415009e-07,3.5046969060204e-07,3.20910658047069e-07,3.43250690093555e-07,0.00635848443721443
0.145093499498557,2.94447772830608e-07,3.23099470733723e-07,0.000980444638116751,0.00668985354093365,2.97985820907343e-07,0.0169512093669937,3.60004150934401e-07,0.0219207545538893,2.74502667707566e-07,2.81963934867235e-07,2.26999304686615e-07,3.30353373101389e-07,2.25762391892204e-07,3.35821937369474e-07,0.0202661172083936,2.55383156400057e-07,0.0130810302166537,0.000515875649739428,3.47331365446735e-07,0.00928437988568476,2.3856739517214e-07,3.28846681441064e-07,0.00161454002079608,2.98919758279226e-07,2.93896846415009e-07,3.5046969060204e-07,3.20910658047069e-07,3.43250690093555e-07,0.00635848443721443
1.84758606565083e-05,2.94447772830608e-07,3.23099470733723e-07,7.62035517709592e-06,2.67889515725983e-06,2.97985820907343e-07,2.84687564544583e-06,3.60004150934401e-07,8.44693101953453e-06,2.74502667707566e-07,2.81963934867235e-07,2.26999304686615e-07,3.30353373101389e-07,2.25762391892204e-07,3.35821937369474e-07,1.84312331157344e-05,2.55383156400057e-07,8.58795738167828e-06,4.18776801325293e-06,2.90132334157533e-07,9.70171640801709e-07,2.3856739517214e-07,3.28846681441064e-07,1.49127655504344e-05,2.98919758279226e-07,2.93896846415009e-07,3.29528120346367e-07,3.20910658047069e-07,3.43250690093555e-07,1.67069847520906e-05
2.14820033761498e-07,2.54271412813978e-07,2.47682464760146e-07,3.7458391943801e-07,2.78813104159781e-07,2.76661467069061e-07,2.73696059593931e-07,2.62339767687081e-07,2.53239477387979e-07,2.72287024927209e-07,2.36033201872488e-07,2.26999304686615e-07,2.6932605123875e-07,2.25762391892204e-07,2.58588215729105e-07,2.79627784038894e-07,2.55383156400057e-07,3.58360921381973e-07,2.97663063975051e-07,2.64321670329082e-07,2.83233134723559e-07,2.10902612707287e-07,2.60491788139916e-07,2.63813376477628e-07,2.55545160143811e-07,2.93896846415009e-07,2.71906401394517e-07,2.74617150353151e-07,2.41786437982228e-07,2.50171865445736e-07
2.14820033761498e-07,2.54271412813978e-07,2.47682464760146e-07,3.7458391943801e-07,2.78813104159781e-07,2.76661467069061e-07,2.73696059593931e-07,2.62339767687081e-07,2.53239477387979e-07,2.72287024927209e-07,2.36033201872488e-07,2.26999304686615e-07,2.6932605123875e-07,2.25762391892204e-07,2.58588215729105e-07,2.79627784038894e-07,2.55383156400057e-07,3.58360921381973e-07,2.97663063975051e-07,2.64321670329082e-07,2.83233134723559e-07,2.10902612707287e-07,2.60491788139916e-07,2.63813376477628e-07,2.55545160143811e-07,2.93896846415009e-07,2.71906401394517e-07,2.74617150353151e-07,2.41786437982228e-07,2.50171865445736e-07
2.14820033761498e-07,2.54271412813978e-07,2.47682464760146e-07,3.31071191794763e-07,2.61683567259752e-07,2.76661467069061e-07,2.73696059593931e-07,2.62339767687081e-07,2.53239477387979e-07,2.59084345088922e-07,2.36033201872488e-07,2.26999304686615e-07,2.58617205872724e-07,2.25762391892204e-07,2.58588215729105e-07,2.79627784038894e-07,2.55383156400057e-07,2.54174551628239e-07,2.97663063975051e-07,2.40326698985882e-07,2.59841158367635e-07,2.10902612707287e-07,2.55716031460906e-07,2.63813376477628e-07,2.42371015701792e-07,2.81963139059371e-07,1.89206957657007e-07,2.74617150353151e-07,2.41786437982228e-07,2.50171865445736e-07
2.14820033761498e-07,2.54271412813978e-07,2.47682464760146e-07,3.31071191794763e-07,2.61683567259752e-07,2.76661467069061e-07,2.73696059593931e-07,2.62339767687081e-07,2.53239477387979e-07,2.59084345088922e-07,2.36033201872488e-07,2.26999304686615e-07,2.58617205872724e-07,2.25762391892204e-07,2.58588215729105e-07,2.79627784038894e-07,2.55383156400057e-07,2.54174551628239e-07,2.97663063975051e-07,2.40326698985882e-07,2.59841158367635e-07,2.10902612707287e-07,2.55716031460906e-07,2.63813376477628e-07,2.42371015701792e-07,2.81963139059371e-07,1.89206957657007e-07,2.74617150353151e-07,2.41786437982228e-07,2.50171865445736e-07
2.14820033761498e-07,2.54271412813978e-07,2.47682464760146e-07,2.6131340291613e-07,2.61683567259752e-07,2.76661467069061e-07,2.64227878687961e-07,2.62339767687081e-07,2.53239477387979e-07,2.04448042495642e-07,2.36033201872488e-07,2.26999304686615e-07,2.58617205872724e-07,2.25762391892204e-07,2.58588215729105e-07,1.84407326742075e-07,2.55383156400057e-07,2.54174551628239e-07,2.44920556724537e-07,2.40326698985882e-07,2.59841158367635e-07,2.10902612707287e-07,2.14051965485851e-07,2.58114368989482e-07,2.17619344766717e-07,2.81963139059371e-07,1.89206957657007e-07,2.43692397816631e-07,2.19459138861566e-07,2.50171865445736e-07
