131290819572855232,83256276345.7773,45270169692.6787,600902542201.7,4519850908955.21,8973653324.45577,15258388002.2259,156903060506.215,894934940.626857,1259450617.23214,150720048.663557,44778648171.9561,6148239399.39731,260628068170.92,9410631817.10021,3089986853.42342,28836502.2504708,10096317061.1919,626660575769.021,323625513.526745,1367956140.00762,211573432239.768,629227137.831341,11261194344.6863,2029225107418.98,5484815576.90624,52234270967.2558,8202680014.50491,2049469428241.11,6904845128192.19
131290819572855232,83256276345.7773,45270169692.6787,600902542201.7,4519850908955.21,8973653324.45577,15258388002.2259,156903060506.215,894934940.626857,1259450617.23214,150720048.663557,44778648171.9561,6148239399.39731,260628068170.92,9410631817.10021,3089986853.42342,28836502.2504708,10096317061.1919,626660575769.021,323625513.526745,1367956140.00762,211573432239.768,629227137.831341,11261194344.6863,2029225107418.98,5484815576.90624,52234270967.2558,8202680014.50491,2049469428241.11,6904845128192.19
131290819572855232,83256276345.7773,45270169692.6787,600902542201.7,4519850908955.21,8973653324.45577,15258388002.2259,156903060506.215,894934940.626857,1259450617.23214,150720048.663557,44778648171.9561,6148239399.39731,260628068170.92,9410631817.10021,3089986853.42342,28836502.2504708,10096317061.1919,626660575769.021,323625513.526745,1367956140.00762,211573432239.768,629227137.831341,11261194344.6863,2029225107418.98,5484815576.90624,52234270967.2558,8202680014.50491,2049469428241.11,6904845128192.19
131290819572855232,83256276345.7773,45270169692.6787,600902542201.7,4519850908955.21,8973653324.45577,15258388002.2259,156903060506.215,894934940.626857,1259450617.23214,150720048.663557,44778648171.9561,6148239399.39731,260628068170.92,9410631817.10021,3089986853.42342,28836502.2504708,10096317061.1919,626660575769.021,323625513.526745,1367956140.00762,211573432239.768,629227137.831341,11261194344.6863,2029225107418.98,5484815576.90624,52234270967.2558,8202680014.50491,2049469428241.11,6904845128192.19
14507891799573142,13129439409.646,12530709461.7559,187762609276.555,3493468199954.95,8338111303.50031,6436469681.88062,37448738077.0535,461498767.68455,583656475.212004,20292617.7325432,28613956404.353,2873195234.46691,41620718831.7188,1466104128.13722,1605924101.95079,24409965.5999549,7032280433.64683,162184764989.628,152294591.802193,1048457165.05915,126954815337.24,215476396.254486,5304316284.90908,1676362614791.99,655548828.914259,7562338120.09884,788922068.489609,485048521756.348,1384627120333.94
229526429217544,2774871921.80301,2161792275.79369,30711591010.1022,270523069183.407,3897293847.95857,4620035003.50657,3929499232.97056,406639401.814286,130316295.765727,1594951.15043434,9128685254.99949,1249116173.488,10443856694.6345,992087721.033264,701864914.613806,12999654.0462006,3232636010.27051,28567475393.792,152294591.802193,137527756.940217,52510860192.8505,96630884.788429,2873860930.19564,314349178603.915,80428227.1497635,3877705711.22985,110844613.939469,82652899061.1471,125869926123.934
6244442823.1119,13279942.9907614,35718870.1899035,187791550.065319,14339001.788065,68749565.2684021,1021722874.84979,63543831.9868407,33652134.3485003,23520892.7128761,14956.7321127561,769852270.086487,106814013.214061,93286360.378283,20109717.0280513,48655500.2184647,2793982.38443653,99510941.7418076,2643531.58168467,29517689.3897546,221636.757745239,1693546004.15824,9251177.1169466,387794312.377865,228251651.098054,5726222.61877671,20704650.6596048,13988926.0989197,423485973.006436,314605702.499206
4890745.92066973,38763.718646487,154280.483010201,1733217.36032141,30017.6035683365,1254779.21053602,2173030.42643518,300315.989900014,171845.271689041,229718.320313341,734.631246193126,1678440.00159053,515205.390592641,698343.724110313,1208279.24092764,217942.357060858,318355.945141584,3950493.30317535,180105.005886937,4488390.52779441,2890.2880943506,3044636.36605464,123959.416386548,144001.702990287,294547.608729132,3398.06239392446,2790.27827595337,183929.067189844,221599.26906082,93396.9610872849
464.172205118801,271.847632999221,1100.24797272107,550.845935294955,432.932808843269,433.656542111241,5287.43322185353,493.168062559211,466.604834903959,352.884109854402,192.470184333288,1100.93985304906,2560.84241757716,519.912141245334,1148.27267047635,447.060418205457,353.753184646683,1646.29101881296,959.903954411015,405.148870429667,332.81363540005,969.09353555033,296.61721766777,774.013032692098,1203.95410698943,183.115027989984,239.545724668169,803.903088843142,631.914674121836,498.148732990747
157.724300400356,152.05751664526,162.565331951206,156.874598166087,210.032225324305,153.503523802481,137.196553083851,161.633401448251,166.637659643166,185.283168986799,123.271064174526,149.46237891022,129.176826762305,186.152254744622,167.620946209885,156.300927948887,191.484592433307,221.862616997854,139.61899287398,187.195060641006,201.719138553914,219.797334222829,165.571006800527,189.835525308379,197.704073483383,183.115027989984,131.473098416927,147.195751786545,179.471599476225,150.573141697664
46.9984331475642,45.8693515556732,42.7853399597694,47.0280968784267,61.0401265237643,68.9298457588403,78.0870849803035,58.8095312517456,55.9364169426626,73.8485467674822,42.844435542185,51.9867258034288,46.3381409123584,68.7246583280926,66.3717426394392,40.8695656379264,56.4302964062997,43.7561791406029,47.20811463005,67.5453688633685,67.0490959132712,72.3674013631362,53.8915855826322,79.6927185997414,67.1808787162114,71.1349142493349,59.6679762480231,64.8579964029702,47.2257252584492,57.0493845458979
5.47913516170127,4.71820645625075,6.58481688406232,4.86270019212066,6.80944694112225,9.21026764827218,6.091896436399,10.0898083589138,3.41087083296611,7.04762859965604,3.52399014711057,7.12220051679321,2.28291066165787,7.54937822129898,7.54413722815298,4.3980420144452,5.97490989033849,6.95980525441712,7.86407564227045,6.04468424500033,7.92654800538673,9.9264401866584,4.18442042115532,11.1125229594908,6.95891044913071,9.61771199062105,6.46404970501612,7.27117642816108,4.27827647504068,4.84201249282876
0.440538886050831,0.00457985180298692,0.0186427785540673,0.0587524491800195,0.795900545404947,0.025346459894763,0.174108034680216,0.044784816364313,0.0962499322466783,0.0103325687437064,0.0108639857661501,0.0143436190417106,0.00337829041438908,0.0140295197367095,0.0320272324646567,0.155507190061485,0.0130284634886948,0.116449602734747,0.0409532595848532,0.00965233408555832,0.33264182841117,0.0211729232028119,0.0103374543762129,0.135818859031133,0.0109225544348419,0.0148609718772832,0.00859762770198813,0.0121660153105267,0.0125338081198834,0.0698056056154428
0.148243212620059,5.38418362339144e-07,3.23099470733723e-07,0.00099710198549019,0.327891191588947,2.97985820907343e-07,0.0172027049716235,5.00058149555116e-07,0.0220204446189882,2.74502667707566e-07,4.19917341787368e-07,2.26999304686615e-07,3.30353373101389e-07,2.25762391892204e-07,3.91122398468724e-07,0.0204051659414972,5.45701709597779e-07,0.0409910582346811,0.000524936988767877,3.47331365446735e-07,0.0824447762765885,3.00567080557812e-07,3.28846681441064e-07,0.00169907309054906,2.98919758279226e-07,2.94330334327242e-07,3.5046969060204e-07,3.20910658047069e-07,3.43250690093555e-07,0.006469190575217
1.35785527390908e-05,2.94447772830608e-07,3.23099470733723e-07,3.84104180284339e-06,8.77634874996147e-07,2.97985820907343e-07,1.14087652036687e-06,3.60004150934401e-07,1.94409199139045e-06,2.74502667707566e-07,2.81963934867235e-07,2.26999304686615e-07,2.6932605123875e-07,2.25762391892204e-07,3.35821937369474e-07,1.14655811103148e-05,2.55383156400057e-07,3.28244800584798e-06,1.56381224769575e-06,2.64321670329082e-07,5.94052380620269e-07,2.3856739517214e-07,3.28846681441064e-07,6.26681560333964e-06,2.98919758279226e-07,2.93896846415009e-07,2.71906401394517e-07,3.20910658047069e-07,2.41786437982228e-07,8.45485726586048e-06
2.14820033761498e-07,2.54271412813978e-07,2.47682464760146e-07,2.6131340291613e-07,2.61683567259752e-07,2.76661467069061e-07,2.64227878687961e-07,2.62339767687081e-07,2.53239477387979e-07,2.04448042495642e-07,2.36033201872488e-07,2.26999304686615e-07,2.58617205872724e-07,2.25762391892204e-07,2.58588215729105e-07,1.84407326742075e-07,2.55383156400057e-07,2.54174551628239e-07,2.44920556724537e-07,2.40326698985882e-07,2.59841158367635e-07,2.10902612707287e-07,2.14051965485851e-07,2.58114368989482e-07,2.17619344766717e-07,2.81963139059371e-07,1.89206957657007e-07,2.43692397816631e-07,2.19459138861566e-07,2.50171865445736e-07
