42.804703663985,45.7617269958248,44.0102724092585,40.8582616890857,41.2991421895861,44.33065866913,36.3801744489376,41.5715350287338,40.8947653158654,44.3178763034879,42.7767524406403,44.5741719993522,40.3434272846256,44.0516244428297,44.9112753053321,38.3694527675816,42.1256664795374,42.4659957288476,43.7100573759365,41.2915458662602,38.1955102711524,41.1736787290174,42.0394125488506,44.1000532635243,39.2644583523794,45.5353914911958,41.626904985694,39.8114629928176,43.6605243781016,43.723050052732
33.8973831660124,39.9730749884798,37.8596296806534,28.2495085845704,35.0486295624826,36.3012240201172,29.8771584143166,35.7407509393717,33.0554694629635,43.481353567685,32.6544825182172,39.881167317494,36.1969504679336,34.9242274207791,37.3117174439278,37.2774974927391,37.4744505749687,37.2690707573629,34.971093454246,33.8678726423954,31.653155511661,35.5963218194375,36.567630985615,35.7819180319683,33.1641132984402,40.4776022911609,36.1698419642504,31.0067226508665,38.4765813223609,38.8062026077067
26.3471432571072,35.4713538818736,28.0421042535103,24.617144437605,30.7473218359046,31.284586746587,23.5702763661225,28.847191252797,24.9509589178944,33.1941073778451,25.3778709448212,31.39531011032,25.7843069003721,23.8611416127567,27.2392891734505,28.4789587657112,28.8113879355657,28.2524438853505,27.5061408412796,30.3709295026647,25.2794132188566,28.5671279651889,30.0064820865026,29.2463024814231,26.7660454018471,34.7290219787297,29.9018968773433,25.4763870538281,33.1702805140498,33.1534262818096
15.86092570652,23.8427831346679,16.3378776741207,14.4966767042474,15.1401460107472,19.7546381739419,15.1918997757633,19.8175780535371,17.2835817661207,19.0048152147319,14.3824980775134,20.1028529449945,15.0574172333031,16.0549917489548,15.1653982921197,17.1252129254118,19.9020445149132,17.0343076449047,19.9150334040306,17.3274077954446,16.4226678392181,20.2922544451056,20.9648507059757,19.489908970299,16.1220894929291,19.1097010824229,20.5987590672808,15.5600978952383,21.8473963769679,18.901054768717
4.62547637591786,14.1066499320248,7.72714976212342,8.3317758816105,5.6506170718252,12.4399208743132,9.6323408210875,11.6790922549998,9.43394743611339,6.60100541219379,7.0633480838892,8.65366880202316,6.79276233574581,11.005433968645,5.43603548071633,7.91175193453569,10.8124110742638,9.83730724914255,9.34602573074733,9.3391124661224,7.82664689971762,9.15543116230594,12.0107043925082,11.7511571684545,8.27967053535986,10.2003863684143,10.8716901631435,6.67607832870885,12.5756054712881,7.79222970820672
3.66719771009934,13.066042796328,6.21829988573541,7.69341598474034,4.7236831085221,11.3624847302574,8.99276496444713,10.8933166949973,8.47092262052286,4.90783862766148,6.19970084510044,6.97674678467627,5.78822221711903,10.1668966378894,4.37350964041934,6.64944197435477,7.9460731209507,8.76196061703058,8.32648189761471,8.28999951995831,6.70654967666792,7.38793828041617,10.7230046742333,10.6334353896646,7.02432652217215,8.90753069687344,8.71901182953343,5.69065939403379,9.95221956314413,5.93024676321227
3.66408964200707,13.0609156827088,6.21123275060881,7.68987118272037,4.71837089986604,11.3525441165875,8.98668895390858,10.8903033174317,8.46527146019116,4.89078043539939,6.19005692963083,6.95730051317912,5.7851134000249,10.1600888412595,4.36438261409023,6.64424163553758,7.90994698424208,8.75664497286391,5.83993451228514,8.28083989278025,6.68679239847336,7.38101990862572,10.7146880356535,10.629971835022,7.01927237083191,8.88304515836921,8.71268215892417,5.68766010699619,9.93959886213509,5.92367243791273
3.66408964200707,6.43413214543978,3.18699595523071,6.94218771366366,4.71837089986604,6.42710459252339,3.56138749973627,8.26632992281952,5.76051157215568,4.0965593359133,4.05942097046125,4.88762010450364,5.7851134000249,5.94325161014854,4.36438261409023,2.52415539059677,7.90994698424208,8.75664497286391,2.6672321534345,8.28083989278025,6.58408486070664,7.38101990862572,5.63619640293371,7.64332853948463,7.01927237083191,6.26567125389261,6.27719776310676,5.68766010699619,7.92159775855191,4.28800886277577
3.66408964200707,6.07957196514508,3.09158003009838,6.82159290790685,4.71837089986604,6.3194051596472,3.52380768598141,8.21049884645106,5.63978831149302,3.98245985416952,4.00365764936487,4.59323957160711,5.7851134000249,5.81688198265738,4.36438261409023,2.4869830194408,7.72196030182226,8.57066802714473,2.61919921449146,8.28083989278025,6.00949021998042,7.38101990862572,5.05351603417921,7.57667393611132,7.01927237083191,5.36461968482672,6.0275794620585,5.68766010699619,7.18997756342583,4.17388232517499
3.66408964200707,4.56489804685953,3.09158003009838,2.91748504008206,4.71837089986604,6.31871773312344,2.74969164345021,3.86310145769244,5.6395420027161,3.98239848749131,3.61885617083578,4.59286630510201,5.7851134000249,5.81445521318221,4.36438261409023,2.4869830194408,3.64441663974094,8.19201863784326,2.61913537158875,8.28083989278025,6.00904857295427,2.88033073836027,5.05285361737901,4.8738260516028,7.01927237083191,5.36373831250569,6.02580498625593,5.68766010699619,7.18939059164325,4.17376497548821
3.43333253690662,3.03840172548689,3.09158003009838,1.73244119646233,4.71837089986604,5.2049341539132,2.07619134819186,3.64487611748984,5.61896771531838,3.98239848749131,3.35657072278286,4.50149052524944,5.70271929621606,5.81445521318221,4.36438261409023,2.4869830194408,3.00047599495633,6.05314154785128,2.61913537158875,6.24043247479551,2.58058860489973,1.7581898901401,5.05285361737901,4.37280726136737,7.01927237083191,2.54149087283872,2.84112816607194,5.68766010699619,5.33278849858391,4.17376497548821
3.42957226472902,3.03594488350348,3.09158003009838,1.7273100287855,4.71837089986604,5.18479522502582,2.06768469671488,3.64333638549078,5.61576995965606,3.98239848749131,3.3538206951248,4.50012511842021,5.70213975013769,5.81445521318221,4.36438261409023,2.4869830194408,3.00014187305567,6.03903775895151,2.61913537158875,6.23679058128926,2.57599186567029,1.75576464782876,5.05285361737901,4.37003994210443,7.01927237083191,2.53798281060187,2.83344460886872,5.68766010699619,5.31927292171554,4.17376497548821
3.42957226472902,3.03594488350348,3.09158003009838,1.7273100287855,4.71837089986604,5.18479522502582,2.06768469671488,3.64333638549078,4.30276336783595,3.98239848749131,3.3538206951248,4.50012511842021,4.77582170408232,4.03067205553361,1.63989145824303,2.4869830194408,3.00014187305567,4.12930318368467,2.61913537158875,5.48025460594238,2.57599186567029,1.75576464782876,5.05285361737901,3.31978042854439,4.36476854534601,2.53798281060187,2.83344460886872,4.17230001901044,5.17632713445494,4.17376497548821
3.42957226472902,3.03594488350348,3.09158003009838,1.7273100287855,4.71837089986604,5.18479522502582,2.06768469671488,3.64333638549078,4.29237111693544,3.98239848749131,3.3538206951248,4.50012511842021,4.76291519428867,3.97623762276999,1.63167230615204,2.4869830194408,3.00014187305567,4.10225301221726,2.61913537158875,5.47392258466186,2.57599186567029,1.75576464782876,5.05285361737901,3.28748797781486,4.3625564697669,2.53798281060187,2.83344460886872,4.15859686188264,5.14769893439166,4.17376497548821
