854.020720451259,439.474342763238,339.556037050559,878.553590895171,1257.8101909414,802.34545847391,1022.63303024533,964.900006246299,819.930105356652,575.824618173956,629.138255714082,758.647321834859,715.287113991305,807.824941575133,765.875358234681,418.450368001959,342.468688531907,686.324208351052,372.919653695086,899.535581738292,849.43614681054,411.573011560014,456.475453456012,887.803367628128,643.266626752692,820.245586164291,616.385568510629,249.05022287594,335.096958100108,772.07339500849
360.61988905731,439.474342763238,339.556037050559,206.294411199769,499.802195910323,425.857866380107,554.199261225012,429.873189154599,471.719229732745,486.910812307771,484.753102462916,285.486574125067,450.636721538445,363.34547696644,507.704448148743,418.450368001959,307.507949462957,414.596490448034,192.732564888234,601.945763440238,670.655535930069,411.573011560014,329.899282176406,827.370552209719,398.358982643168,402.931918119261,307.183224150132,174.46166008454,277.841550932136,570.511217390828
360.61988905731,372.269368272577,324.650788319978,133.998578156589,388.731914503708,242.559647069873,554.199261225012,285.87726390357,351.017501568624,401.270250663513,421.468117801767,285.486574125067,412.817296052763,337.343194043178,387.787656994512,283.0883960144,285.135076374825,322.420691319094,177.91716875824,589.987026395042,360.503665558883,281.975943245441,278.901020631229,645.874001550314,261.042648704558,402.931918119261,307.183224150132,174.46166008454,220.479205557669,396.827017110324
360.61988905731,265.301150053,189.52739595834,116.798863883906,328.025392055715,172.239674395744,358.437788031717,176.78741338035,312.6227166991,146.666460225268,388.82209684505,277.908061259372,321.568426311816,297.915179425068,320.969724972088,283.0883960144,257.751896268292,289.451568970404,127.512593901943,566.904021685958,175.367450968443,259.653605945333,253.498410015025,345.111826793506,165.077340171585,402.931918119261,139.416630503872,141.261615637709,142.578563713665,304.063336300869
360.61988905731,239.490728977543,121.332475249005,4.43189604519421,218.738919059336,136.855698967982,284.919717364734,137.089078542275,240.992015315599,131.465660470619,347.881832733362,240.814175572883,240.385829629158,241.028158873108,238.878531514678,240.893799264739,241.511260230154,239.782229118443,121.235603261186,515.000220539394,128.072078473386,239.507639574825,240.993358709447,251.501973995924,119.863751258246,402.931918119261,122.18244008729,122.234843902423,119.698527156194,238.45916653386
360.61988905731,239.336237261469,120.955395457411,1.4734396601732,218.197187698336,135.673826836144,279.352317921821,136.016320927275,239.405605406332,131.14461742624,347.809041278535,238.58811430943,239.444676663264,240.814248208005,237.889177135086,239.309417209892,240.453688191396,239.517954042683,120.912427498859,514.690203921069,119.904658631617,239.328338157645,240.958742450991,250.541789820591,119.705534378007,402.931918119261,121.520608829386,121.269025776967,119.56463236459,238.14102795216
167.952905993909,239.33168454297,120.815099701792,1.46315924746818,218.192904416798,135.6700831866,279.322751379014,135.892666747033,239.175415355224,131.089146298349,134.38127890224,238.579503815044,239.417954217822,240.70223809479,237.888701454242,239.308088234942,240.285685838554,239.499758391828,120.801331863023,514.616608757176,119.901719193215,239.237018184203,164.228551090466,250.339979259106,119.705019649486,402.931918119261,121.448962412332,121.16591528324,119.564225286051,238.139926214913
132.402580636894,132.565564751951,120.815099701792,1.46297318895517,119.739675472919,119.543835804423,239.897421196074,123.654187718402,239.175415355224,18.3067958094553,119.203550150773,201.487138744333,239.417505996017,119.082934122506,237.888701454242,238.927115635789,14.6774736534601,239.395383948159,120.801331863023,131.650908661086,119.723658983154,120.97521922505,120.506808442954,250.332307993566,119.705019649486,402.931918119261,47.2998270848116,121.161437318686,119.564225286051,238.139926214913
132.398900159581,132.409265551658,119.973237287963,1.46297318895517,119.659698791673,119.480395789591,239.564634238127,120.859396718821,239.175415355224,1.49866744830638,119.165984809247,120.968815450775,164.039550434916,118.91243256409,237.888701454242,238.900047600028,0.691795323609085,120.222779099594,120.801331863023,131.110469728275,119.581133527779,120.948666772994,120.465447611917,250.332307993566,119.705019649486,402.931918119261,1.56748602248126,121.161437318686,119.564225286051,238.139926214913
120.48693342487,121.552082428802,14.3241832065785,1.46297318895517,119.659698791673,119.480395789591,130.973650909338,1.67156107708979,239.175415355224,1.49384130407861,119.165909427426,120.947836399276,121.221375756943,118.892812134691,237.62378406241,238.899325678973,0.628551952012003,119.638566256224,120.801331863023,131.110435306098,119.581133527779,119.175773687464,119.893196734451,250.332307993566,119.705019649486,250.76852849084,1.48744708089862,120.162091458237,119.564225286051,121.032261100199
120.46544732865,119.157018188236,11.696528932101,1.46297318895517,28.9471486823877,119.480395789591,130.746452828937,0.729032220085401,239.175415355224,1.49384130407861,119.165909427426,120.947836399276,120.291431114662,118.892812134691,237.604241268199,238.843251798583,0.628551952012003,119.638513935404,120.801331863023,131.110435306098,119.374052989333,119.165909718636,118.794825435358,224.60401777635,119.705019649486,249.386768949807,0.458777660021269,21.2825031492007,119.564225286051,120.661645858846
1.7693683338573,119.155720240845,11.6923868984077,1.46297318895517,0.757110730937484,119.480395789591,130.746452828937,0.727574746294295,119.855232025948,1.49384130407861,119.165909427426,0.528411130285122,0.742849751238509,118.892812134691,120.490815744825,119.3542279292,0.628551952012003,119.638513935404,120.231873360041,131.110435306098,119.374052409081,119.16590943339,1.54669686799139,119.805647877393,119.359882274171,238.714961934798,0.436402916749557,0.849086255484963,119.564225286051,120.659846178246
1.14396602842385,119.155720240845,0.728033639157957,1.46297318895517,0.72435856860875,119.480395789591,22.7748663487935,0.727574746294295,119.165841489211,1.49384130407861,119.165909427426,0.519431482015307,0.723756418728044,118.892812134691,120.462395105553,119.154692175343,0.628551952012003,119.638513935404,118.903656803878,131.110435306098,119.374052409081,118.957337197692,0.401425233140344,119.766289668667,118.957772213841,132.401021098534,0.436402916749557,0.849086255484963,118.957767037096,120.659846178246
1.14386078826897,119.155720240845,0.727574811940258,1.46297318895517,0.72435856860875,119.480395789591,0.654669385740135,0.727574746294295,119.165841489211,1.49384130407861,119.165909427426,0.519431482015307,0.723756418728044,118.892812134691,120.462395105553,119.154692175343,0.628551952012003,119.638513935404,118.895518571864,131.110435306098,119.374052409081,118.957296034744,0.39248133513297,119.766289668667,118.957766457301,130.13072620451,0.436402916749557,0.849086255484963,118.957766453146,120.659846178246
