4119.28327590156,5820.79207593505,11372.0699615546,6825.39779527068,12172.0988295214,9160.25636271191,11361.089441907,7738.58834538135,5976.26047457073,15396.789540429,11369.0251868295,9706.23621562823,3358.86604303308,9415.42063685538,8940.29170446667,10460.8850662667,5989.0962869575,2745.0884928484,13480.5557663961,10099.4826872733,12226.8663927538,7895.48520762535,10148.7966409396,10227.0325348223,8898.4610764346,10903.1428298904,9008.9968820313,9212.8702107166,10428.7054025978,7413.55701296601
4119.28327590156,5820.79207593505,11372.0699615546,6825.39779527068,12172.0988295214,9160.25636271191,11361.089441907,7738.58834538135,5976.26047457073,15396.789540429,11369.0251868295,9706.23621562823,3358.86604303308,9415.42063685538,8940.29170446667,10460.8850662667,5989.0962869575,2745.0884928484,13480.5557663961,10099.4826872733,12226.8663927538,7895.48520762535,10148.7966409396,10227.0325348223,8898.4610764346,10903.1428298904,9008.9968820313,9212.8702107166,10428.7054025978,7413.55701296601
4119.28327590156,5820.79207593505,11372.0699615546,6825.39779527068,12172.0988295214,9160.25636271191,11361.089441907,7738.58834538135,5976.26047457073,15396.789540429,11369.0251868295,9706.23621562823,3358.86604303308,9415.42063685538,8940.29170446667,10460.8850662667,5989.0962869575,2745.0884928484,13480.5557663961,10099.4826872733,12226.8663927538,7895.48520762535,10148.7966409396,10227.0325348223,8898.4610764346,10903.1428298904,9008.9968820313,9212.8702107166,10428.7054025978,7413.55701296601
4119.28327590156,5820.79207593505,11372.0699615546,6825.39779527068,12172.0988295214,9160.25636271191,11361.089441907,7738.58834538135,5976.26047457073,15396.789540429,11369.0251868295,9706.23621562823,3358.86604303308,9415.42063685538,8940.29170446667,10460.8850662667,5989.0962869575,2745.0884928484,13480.5557663961,10099.4826872733,12226.8663927538,7895.48520762535,10148.7966409396,10227.0325348223,8898.4610764346,10903.1428298904,9008.9968820313,9212.8702107166,10428.7054025978,7413.55701296601
4119.28327590156,5820.79207593505,11372.0699615546,6787.8668371564,4607.30604018538,3899.38859011696,11361.089441907,6049.57733958385,5976.26047457073,13613.7351676937,11369.0251868295,9706.23621562823,3358.86604303308,9415.42063685538,7995.30857751518,6505.56082502447,5989.0962869575,2745.0884928484,13480.5557663961,10099.4826872733,12226.8663927538,7895.48520762535,10148.7966409396,10227.0325348223,8898.4610764346,9622.0777734189,9008.9968820313,7543.11588649312,10428.7054025978,5433.89694509932
975.05374423145,1395.80068971115,2258.69115584267,1475.13398236009,2920.32817232278,3451.52509261967,4008.49038601738,1784.63983184432,2546.48303323214,5807.53766049748,4330.66083198552,2883.90879473929,1464.26936290495,1981.71866064746,2506.34428099766,4917.22670512866,2169.51968912742,968.030517606429,3969.06948059303,10099.4826872733,3029.66671073079,1739.60280531279,2730.17411018495,4842.93248935607,4575.17175026716,2909.86150330414,2825.30834502941,2579.69408694845,3700.56955157114,2212.93307687584
938.763295014238,1306.81671786142,1089.06861718943,1108.7426958456,797.503572566062,1068.09245431124,1329.24210391894,1221.6444080645,1464.25796915643,3841.02580370925,4330.66083198552,1081.88390990814,548.220928409338,1981.71866064746,1223.81322818458,1106.06887659914,1036.11591147172,818.873966657757,2291.8424396204,2134.535727276,1119.03545824169,1739.60280531279,2512.84074510382,1960.3030240323,2415.79647133242,1981.12914599909,1360.82229546797,1104.61940385171,1131.81836264811,962.781040309823
291.061135347351,202.342581670523,210.303999341819,176.490514587744,230.861386303774,260.501158489022,281.905103705821,222.7375468743,366.157624599971,426.724195622706,2348.0154967918,190.036433269295,192.740671760808,685.118731173275,267.287268897924,310.180458806753,250.802588592338,206.774439012097,489.696477815978,843.839692010634,377.357974428202,377.54839084889,739.842922993956,497.955681694075,353.963841494738,361.889152692766,307.372913921342,302.911474030118,373.283869750624,252.85702319116
158.0937985554,98.2501927834873,124.567842686395,96.4405328655395,106.888455790058,169.756479067197,127.787495820648,138.535127684578,172.939267533936,163.175302248663,232.133667174516,110.234959459768,90.1584327604955,205.815371695869,112.254322021138,145.125546847918,111.636217142401,124.220717900898,179.469403657662,239.563703810416,126.295743777716,132.988954753424,200.207257008583,175.567623767688,168.07625128947,127.149926409775,163.943832396336,133.322518846833,130.930380590872,133.743949327811
78.5682093156633,85.5825882616058,90.9251305766702,61.6665225559639,85.956784653456,118.754127734411,81.618431586671,95.3596205928401,92.4797947669321,114.628150550587,127.929329806135,86.0391889290035,76.593027566278,105.913265144955,103.655923946111,106.595070269899,68.8587161622661,89.1637422571353,112.155261841396,122.726800640282,75.6919625916577,99.1505493638107,128.684410500155,120.000307743109,92.1981090056804,89.4100194861724,110.345132191825,94.8837373539347,70.907151177363,92.1536347097596
55.2831214641251,80.3007100426351,55.8856742862969,53.3937419047189,68.6723359877768,112.247508797978,52.6126467033962,71.5655188572531,82.2189808672191,88.1412523998628,122.528939166886,81.7512669139989,53.7122144619392,86.7172845406654,99.4856787955435,98.7242081290396,57.2474692261712,80.5818940995279,85.6835240250883,106.366637597496,55.2159557350163,89.7033805544077,71.3506526845888,85.9771672029723,71.2554472320955,82.9283910781128,53.4001908142831,86.9532723020058,52.7279092388309,87.1573490441854
50.1022438121402,79.673348176915,49.1378838122853,50.9268133252638,49.1210672199501,112.128099939914,49.4991222981601,49.4568455471329,78.2454924546878,52.3620127999677,121.136420673172,79.1307286507705,49.471536440259,82.0823596581129,98.9124981475614,98.529834409228,54.3654039809222,78.5444406251238,78.2529547684208,103.739271070073,50.1429129328929,88.4414381526108,50.5152918893573,80.0419485449578,51.3141868115292,56.5824349276007,49.2875203019121,81.5863629174147,49.5359266312479,87.1565513171695
50.0899986871272,52.910594156861,48.994817164625,50.9267729633152,49.0669900811225,51.9239013715189,49.4935147492911,49.3654514740065,78.171370916693,48.9007918608359,120.595831037198,59.9923165044808,49.4692582841362,82.0765117188595,77.6484138156875,54.3267070655577,54.3649413712687,78.5443410329482,78.1570555574319,103.737407833386,49.8659402536647,88.4414351660754,49.2082673006605,79.0459633244894,49.0482372005086,49.0527141006384,48.9109340460423,81.2578561880393,49.5267750310125,51.944143708254
50.089998686802,48.9103204626836,48.994817164625,49.0914487753334,49.0669900811225,49.3025202271317,48.8581396234675,48.8741373561625,76.4474348576146,48.823037566832,50.9005574809259,51.1991856420494,49.4692582841362,82.0765117188235,49.9872405692128,48.8305004399673,48.8762206518786,48.7596637124181,62.2878054989031,48.7931190051604,49.2191244979646,49.6969282626295,49.2082670883731,49.0116426069323,49.0482138311135,49.0505887455917,48.9109340411997,49.3520816254056,49.242382329893,49.0063529870067
48.8629790853956,48.9068419839796,48.994817164625,48.759889532984,48.7803561627923,49.3025202271317,48.8581396234675,48.8741370482244,48.8720990403513,48.823037566832,49.310907869825,50.6477338576419,48.7808275260318,49.2764080592974,48.9752062520753,48.8305004399673,48.8260599698299,48.759663711821,48.9561901391617,48.793104357452,49.219124497825,48.7711886207336,48.9297611256223,48.8032130517392,49.0482138311135,49.0505887455917,48.7790556708012,49.0052411172912,49.1383931990469,48.9769002121471
48.7771816529332,48.9068419839796,48.994817164625,48.7598895329521,48.7803561627923,48.807683239689,48.8581396234675,48.7910999095458,48.8720990389332,48.7916925129685,48.9511282557487,48.7895681754902,48.7808275260318,48.7771814331984,48.9714695478926,48.8007085946975,48.7798921965412,48.759663711821,48.7781161942399,48.7771814331985,48.9038048150682,48.7711886207336,48.8361880930924,48.8032071222076,48.7898567555933,48.7809817107401,48.7790556707583,48.7788699481557,48.7816387955921,48.9769002121471
