222.627369311154,149.774108235295,156.924976647314,143.351675739714,157.926706519465,228.003152782317,215.274203289293,188.923349926165,366.157624599971,299.857263499859,948.083549888644,145.526347523097,122.008283025008,427.744917620994,239.184332550458,219.709132560827,168.385449563266,194.741191097011,423.360554592698,507.489976265815,219.546686154399,231.366505676802,393.808240976588,497.955681694075,214.524288896591,191.963751381847,225.867074130961,203.243975034222,196.98346958686,239.90168013136
111.010735348232,88.5092330018788,103.898246453504,75.7723491649765,91.4881005759947,133.31913168019,99.1457322190918,110.964339490402,133.155586895863,138.826575876318,146.371261819977,88.2943556748057,81.0221194380969,153.899520332201,107.065544262912,118.806285600441,85.7085266598843,103.322580496088,156.055471017062,167.83031915322,100.425988738528,112.888839207775,151.71096403536,129.522254016155,108.548396666133,106.375743355702,133.390745762178,113.7263243312,92.0309049561895,105.14956831912
75.1442987679241,85.0721783008531,86.4189942605802,58.2134964250119,84.0566155129122,117.454893652274,73.237378666103,90.2715520641953,90.6662589015624,113.481092194838,126.120693926419,84.2184795422841,74.9619068225989,99.9208885860478,102.48457554416,104.533776530038,66.7364690062603,87.2546353928695,110.323716081371,120.244339771696,74.1884724700477,95.1959638015246,107.578055390798,117.086883331768,84.0280890729985,88.5861673261722,104.277325218382,91.8051218814738,65.7777805784792,89.6843645214925
55.2831214641251,80.3007100426351,55.8856742862969,53.3937419047189,68.6723359877768,112.247508797978,52.6126467033962,71.5655188572531,82.2189808672191,88.1412523998628,122.528939166886,81.7512669139989,53.7122144619392,86.7172845406654,99.4856787955435,98.7242081290396,57.2474692261712,80.5818940995279,85.6835240250883,106.366637597496,55.2159557350163,89.7033805544077,71.3506526845888,85.9771672029723,71.2554472320955,82.9283910781128,53.4001908142831,86.9532723020058,52.7279092388309,87.1573490441854
50.0923545317107,79.6733415109025,49.0558186189961,50.9267760564653,49.0790987430035,112.128099881717,49.4955667685609,49.3799637111341,78.1874669114055,51.4943454733706,121.136397514453,79.1303599366956,49.4694127882884,82.0776826952934,98.9124949091459,98.5298337121956,54.3649576842214,78.5443541177954,78.1753370058017,103.737700632841,49.90668072139,88.4414355684288,49.336009248081,79.3234486188009,50.2831426646413,52.405911881507,49.1064310046649,81.2988537658964,49.5276591361004,87.1565513171652
50.089998686802,50.2299552862222,48.994817164625,50.9267729633152,49.0669900811225,49.3038272900238,49.4935147492911,49.3654514740065,78.1713709163128,48.823050698203,52.5762355206738,51.2057747288057,49.4692582841362,82.0765117188235,50.5303268342218,48.8441020673861,54.3649413712687,51.0800286249663,78.157055515814,53.0037420585548,49.8659402279053,52.1816861064651,49.2082670883936,79.0459599890361,49.0482138393838,49.0505895900328,48.9109340411997,68.7737767458836,49.5267750310074,49.2689375445796
50.089998686802,48.9127442074269,48.994817164625,49.0914487753334,49.0669900811225,49.3025202271317,48.8581396234675,48.8741383191383,76.4474356485329,48.823037566832,50.9005574809259,51.1991856420494,49.4692582841362,82.0765117188235,49.9872405692128,48.8305004399673,48.8778673277031,48.7596637138781,66.9159553845939,48.793130330651,49.2191244982747,49.6969282626517,49.2082670883731,49.0235940708388,49.0482138311135,49.0505887455917,48.9109340411997,49.3520816254063,49.242382329896,49.0063529870067
50.089998686802,48.9068419839796,48.994817164625,49.0914487753334,48.7803561627923,49.3025202271317,48.8581396234675,48.8741370482244,76.4474341606691,48.823037566832,50.9005574809259,50.7305878305635,49.4692582841362,49.2764080592976,48.9752062527525,48.8305004399673,48.8729284383655,48.759663711821,49.2963051382262,48.793104357452,49.219124497825,49.3901405330081,48.9297611270968,48.9874599844393,49.0482138311135,49.0505887455917,48.9109340411997,49.0053520986288,49.2423823298928,48.9769002121471
50.089998686802,48.9068419839796,48.994817164625,48.8248905501305,48.7803561627923,49.3025202271317,48.8581396234675,48.8741370482244,51.1569298519813,48.823037566832,49.3109096117112,50.6477338576419,48.7808275292018,49.2764080592974,48.9752062520753,48.8305004399673,48.8260599698299,48.759663711821,48.9732382414083,48.793104357452,49.219124497825,48.8182760559538,48.9297611256223,48.9874599844393,49.0482138311135,49.0505887455917,48.9109340411997,49.0052411172912,49.1383931990469,48.9769002121471
48.8629790832133,48.9068419839796,48.994817164625,48.7598895329521,48.7803561627923,49.3025202271317,48.8581396234675,48.8741370482244,48.8720990389332,48.823037566832,48.9511283061642,50.6477338576419,48.7808275260318,49.1850303464217,48.9752062520753,48.8305004399673,48.7826738849488,48.759663711821,48.9561901391484,48.793104357452,48.9210624214952,48.7711886207336,48.9297611256223,48.8032071222076,48.7898579586316,49.0505887455917,48.7790556707583,49.0052411172912,49.1383931990469,48.9769002121471
48.8629790832133,48.9068419839796,48.994817164625,48.7598895329521,48.7803561627923,49.3025202271317,48.8581396234675,48.7910999095458,48.8720990389332,48.7916926876049,48.9511282557487,50.6477338576419,48.7808275260318,48.7771814331984,48.9714695478926,48.8305004399673,48.7798921965412,48.759663711821,48.9561901391484,48.793104357452,48.9038048150682,48.7711886207336,48.9297611256223,48.8032071222076,48.7898567555933,48.8078846412821,48.7790556707583,48.77886994832,49.1383931990469,48.9769002121471
48.8629790832133,48.9068419839796,48.994817164625,48.7598895329521,48.7803561627923,49.3025202271317,48.8581396234675,48.7910999095458,48.8720990389332,48.7916925129685,48.9511282557487,48.7895681754902,48.7808275260318,48.7771814331984,48.9714695478926,48.8007085946975,48.7798921965412,48.759663711821,48.9561901391484,48.7771814331985,48.9038048150682,48.7711886207336,48.916663172313,48.8032071222076,48.7898567555933,48.7809817107401,48.7790556707583,48.7788699481557,49.1383931990469,48.9769002121471
48.8629790832133,48.9068419839796,48.994817164625,48.7598895329521,48.7803561627923,49.3025202271317,48.8581396234675,48.7910999095458,48.8720990389332,48.7916925129685,48.9511282557487,48.7895681754902,48.7808275260318,48.7771814331984,48.9714695478926,48.8007085946975,48.7798921965412,48.759663711821,48.7781161942992,48.7771814331985,48.9038048150682,48.7711886207336,48.916663172313,48.8032071222076,48.7898567555933,48.7809817107401,48.7790556707583,48.7788699481557,48.7870128497647,48.9769002121471
48.7771816529332,48.9068419839796,48.994817164625,48.7598895329521,48.7803561627923,48.807683239689,48.8581396234675,48.7910999095458,48.8720990389332,48.7916925129685,48.9511282557487,48.7895681754902,48.7808275260318,48.7771814331984,48.9714695478926,48.8007085946975,48.7798921965412,48.759663711821,48.7781161942399,48.7771814331985,48.9038048150682,48.7711886207336,48.8361880930924,48.8032071222076,48.7898567555933,48.7809817107401,48.7790556707583,48.7788699481557,48.7816387955921,48.9769002121471
