15.1758868734378,49.108118331827,11.9470663069705,123.224738186722,53.5791728288423,11.7962368343711,60.8066297041222,2785.96028670981,29.0188350703416,52.2604471711296,25.7176979551921,46.500108042282,15.4564569533973,70.5375841699224,23.363095159714,90.3591193984276,986.944246450247,319.012551745784,106.700267327526,395.125722282066,69.2514482351998,562.092196901146,244.005744276972,26.2420619946726,23.0838670524571,3400.2718005909,168.167297267021,36.3453898333118,12.4191787926063,190.792048237186
3.57889693401856,10.5880565069013,6.4059086242634,11.7507300897085,12.7895556567525,10.8851159914877,7.92401993151477,14.2115877756042,13.6475045275138,10.6269009183644,12.4698838920579,11.0002088746841,8.66652049971887,8.88200278793539,12.1333851430951,14.2285282419858,16.601673003117,16.41267038128,13.4180521773698,13.0515418717426,16.416197341394,14.0854568277995,13.6138618452935,10.8020115366361,10.2573039494432,26.0013227357858,11.9131510578058,11.6858598665899,10.2625453353135,13.7070089637311
1.36134320938716,10.5880565069013,6.4059086242634,9.60332269778852,3.90021629303008,10.8851159914877,2.33588161014217,12.0580980500527,4.12506981563642,3.81094069522359,7.71307579306712,3.57843014307021,4.60430340431427,6.93315979196837,10.408750285816,13.1025235245092,11.882406113246,12.8636507200108,4.36943885809285,9.21809983941989,11.9362285099762,9.03083193382395,9.52106161056474,10.628600816777,10.2573039494432,11.6966315045986,11.9131510578058,11.6858598665899,10.2625453353135,11.9198118065252
0.993408503773715,9.70328810428559,2.65540355554993,4.11636173799649,2.44148731797608,9.82675667201262,1.46553573281469,11.7956854675572,2.79448456017757,3.49865602458696,2.36265509926661,2.05869481790217,2.14985267982402,2.83486108330669,1.90615195915388,10.4774477431601,3.13446109139561,8.72961078049658,2.85897799587181,9.21809983941989,2.43920996906025,2.89021297367746,1.3722576358792,7.46761229757466,2.06657871368264,5.6863301559268,6.79095470248188,9.91394506752694,10.2625453353135,4.69043615834308
0.837464654996889,2.06962303658831,1.61713201400592,3.13415572275123,2.12798099455944,2.24544005528638,1.43366842380742,4.46034082163812,2.63328372961661,3.22099231663981,1.8932166799595,1.89020274303203,1.80693848586301,2.6636703249277,1.19522153625579,3.47574929475406,3.00051142085092,3.73288480058029,2.40125859456717,1.93820504169907,2.00656869540811,2.60012809505469,1.17901067593936,1.59622124465178,1.88074893794051,2.52059599927477,2.56503785688896,1.38940832940279,1.79092286810826,2.67774022876155
0.811559185981647,1.7078537095632,1.569683330245,3.12618018945945,2.04735768771494,2.1993822346943,1.42891859647634,1.85334062041377,2.62934356352328,3.09859583411045,1.83382487881004,1.86219380154074,1.7920245673222,2.25473734977008,1.16089007128728,3.46412136743938,2.99937961023788,3.5317005549119,2.39334056046911,1.80181210897807,1.75883239591541,2.54121745625438,1.16930352896231,1.4880431731667,1.87528068369936,2.18100303375428,2.48519430096458,1.2159463732866,1.58573999748107,2.48371846145217
0.798180100454055,1.70783860752381,1.56968328771527,3.12618018923592,2.04220847239851,2.1993822345968,1.42824812544926,1.85288215280971,1.95016133315747,1.55130953939561,1.83382091211795,1.86219380091247,1.79202434011849,2.16324272375191,1.16089007104703,2.62540682768476,1.8492876083255,3.53169733202233,1.73322301939565,1.80180783965083,1.6011908018515,2.5401194646829,1.16930352620978,1.48762282783089,1.87528068369936,2.18099203988217,1.67001379807047,1.21593102347631,1.58573877396284,2.47987357439864
0.797519097790033,1.70783860752381,1.56968328771527,3.12618018923592,1.25349874456985,1.8695450943936,1.42811530710876,1.85288215280327,1.95016133199483,1.55126707866263,1.83382091211795,1.86219380091247,1.79202434011849,2.16092559653956,1.16089007104703,2.62534064295178,1.82377896574252,3.53169733202233,1.73247075285775,1.80180783965083,1.60068728196297,1.38817642056087,1.16930352620978,1.48762282783089,1.72428818908234,2.18099203988217,1.59755529235627,1.21593102347631,1.057035590308,1.76762494509426
0.797519097790033,1.30578549337583,1.56968328771527,3.10818871748591,1.21073091733416,1.8492953165293,1.37042802862429,1.85288215280327,1.95016133199483,1.55126707866263,1.83382091211795,1.86219380091247,1.79202434011849,2.08851153723924,1.16089007104703,2.62534064295178,1.82377896574252,1.71051368476601,1.73247075285775,1.80180783965083,1.60068728196297,1.38817108283557,1.16930352620978,1.48762282783089,1.70595307641,2.18099203988217,0.861310000029784,1.21593102347631,1.03355154534151,1.76762494209816
0.797519097790033,1.30573296042594,1.56968328771527,3.10818871748591,1.21072750119886,1.8492953165293,1.04819423815222,1.85288215280327,1.95016133199483,1.55126707866263,1.83382091211795,1.86219380091247,1.79202434011849,2.08840124788562,1.16089007104703,1.00991770527992,1.82377896574252,1.51548694776365,1.73247075285775,1.80180783965083,1.60068728196297,1.38817108283557,1.16930352620978,1.48762282783089,1.70595307641,1.81195400022359,0.861309999531059,1.21593102347631,1.03355154534151,1.74019998685636
0.797519097790033,1.30573296042594,1.56968328771527,1.92067253712105,1.21072750119886,1.8492953165293,1.03863034601397,1.85288215280327,1.95016133199483,1.2207848234763,1.83382091211795,1.86219380091247,1.79202434011849,2.08840124788562,1.16089007104703,1.00102264193167,1.82377896574252,0.873201412432286,1.73247075285775,1.80180783965083,1.60068728196297,1.38817108283557,1.16930352620978,1.48762282783089,1.70595307641,1.5032447592481,0.861309999531059,1.21593102347631,1.03355154534151,1.74019998685636
0.797519097790033,1.30573296042594,1.56968328771527,1.92067253712105,1.21072750119886,1.8492953165293,1.03863034601397,1.85288215280327,1.95016133199483,1.22078470487335,1.83382091211795,1.86219380091247,1.79202434011849,1.56804434843551,1.16089007104703,1.00102264193167,1.82377896574252,0.873194672354136,1.73247075285775,1.80180783965083,1.60068728196297,1.38817108283557,1.16930352620978,1.08520012717603,1.70595307641,1.5032447592481,0.861309999531059,1.21593102347631,1.03355154534151,1.74019998685636
0.797519097790033,1.30573296042594,1.56968328771527,1.92067253712105,1.21072750119886,1.8492953165293,1.03863034601397,1.61020094409764,1.95016133199483,1.22078470487335,1.83382091211795,1.86219380091247,1.79202434011849,1.56261873372751,1.16089007104703,1.00102264193167,1.82377896574252,0.873194672354136,1.73247075285775,1.80180783965083,1.60068728196297,1.38817108283557,1.16930352620978,1.08520012717603,1.70595307641,1.5032447592481,0.861309999531059,1.21593102347631,1.03355154534151,1.74019998685636
0.797519097790033,1.30573296042594,1.56968328771527,1.92067253712105,1.21072750119886,1.8492953165293,1.03863034601397,1.60995129758716,1.95016133199483,1.22078470487335,1.83382091211795,1.86219380091247,1.79202434011849,1.56261873372751,1.16089007104703,1.00102264193167,1.82377896574252,0.873194672354136,1.73247075285775,1.80180783965083,1.60068728196297,1.38817108283557,1.16930352620978,1.08520012717603,1.70595307641,1.5032447592481,0.861309999531059,1.21593102347631,1.03355154534151,1.74019998685636
