831.480425652574,1095.47493997152,1106.90308088952,1229.2454996868,1197.48344455379,632.797758764468,1100.16771723176,1228.92291955057,1204.42882129289,563.633967932784,725.996509094138,769.95547643435,415.243525808006,836.261422031457,704.82673532712,1015.53706900942,846.932972647647,1064.72047718903,1221.89648779761,1004.50648454832,1188.47578276347,1017.99229050568,1054.14925143318,944.764780891548,1205.17718633721,1118.19972645823,1030.15047245092,1106.47730349409,731.15013180702,946.889494418804
831.480425652574,1095.47493997152,1106.90308088952,1229.2454996868,1197.48344455379,632.797758764468,1100.16771723176,1228.92291955057,1204.42882129289,563.633967932784,725.996509094138,769.95547643435,415.243525808006,836.261422031457,704.82673532712,1015.53706900942,846.932972647647,1064.72047718903,1221.89648779761,1004.50648454832,1188.47578276347,1017.99229050568,1054.14925143318,944.764780891548,1205.17718633721,1118.19972645823,1030.15047245092,1106.47730349409,731.15013180702,946.889494418804
831.480425652574,1095.47493997152,1106.90308088952,1229.2454996868,1197.48344455379,632.797758764468,1100.16771723176,1228.92291955057,1204.42882129289,563.633967932784,725.996509094138,769.95547643435,415.243525808006,836.261422031457,704.82673532712,1015.53706900942,846.932972647647,1064.72047718903,1221.89648779761,1004.50648454832,1188.47578276347,1017.99229050568,1054.14925143318,944.764780891548,1205.17718633721,1118.19972645823,1030.15047245092,1106.47730349409,731.15013180702,946.889494418804
831.480425652574,1095.47493997152,1106.90308088952,1229.2454996868,1197.48344455379,632.797758764468,1100.16771723176,1228.92291955057,1204.42882129289,563.633967932784,725.996509094138,769.95547643435,415.243525808006,836.261422031457,704.82673532712,1015.53706900942,846.932972647647,1064.72047718903,1221.89648779761,1004.50648454832,1188.47578276347,1017.99229050568,1054.14925143318,944.764780891548,1205.17718633721,1118.19972645823,1030.15047245092,1106.47730349409,731.15013180702,946.889494418804
831.480425652574,1095.47493997152,1106.90308088952,1229.2454996868,1197.48344455379,632.797758764468,1100.16771723176,1228.92291955057,1204.42882129289,563.633967932784,559.372496798105,769.95547643435,415.243525808006,733.537448375305,647.495259742953,1015.53706900942,828.923169406503,991.889659297965,1221.89648779761,1004.50648454832,1188.47578276347,995.328680553238,1054.14925143318,944.764780891548,1190.55970613376,1118.19972645823,1030.15047245092,1024.35825676173,731.15013180702,946.889494418804
737.297589872989,1095.47493997152,914.03315425698,1110.6907436119,1197.48344455379,592.449017814244,1100.16771723176,1193.49885212103,1204.42882129289,462.777431402737,470.192048071237,626.361263411215,363.014108239009,624.159429266828,647.495259742953,973.541411815128,706.21442866777,898.423762821881,1208.45778564987,1004.50648454832,1188.47578276347,995.328680553238,925.211727778971,852.718266507063,1020.22011692284,1039.51528803255,905.452549019709,1024.35825676173,665.991779534245,946.889494418804
626.403150535946,1050.12616401869,914.03315425698,592.806940017144,1197.48344455379,354.426244127168,1056.13316858615,1193.49885212103,1041.00445185538,430.311188535003,318.132415353206,592.98271995534,225.209939351821,398.639186100406,485.62836489294,863.080780210204,625.792466348835,579.40412297336,1005.64040181443,961.892190216901,1176.1894987537,659.984736838118,734.963663199206,739.795633708577,1013.60084862157,513.400296220746,905.452549019709,760.1724234108,512.152253808089,779.717497927726
535.464415653793,743.966499299887,809.146553977563,592.806940017144,1197.48344455379,256.050686584632,1056.13316858615,1142.96325644365,1014.80798715176,320.329240524663,275.571156861586,407.216039597435,225.209939351821,189.618050316301,413.874471580438,766.311829079987,471.637092030631,417.095020517653,960.037052392277,758.28656646861,1176.1894987537,456.063409192657,602.068689329828,626.770555579778,443.39371536114,499.924328110025,789.004680192269,518.375717149789,333.807636657024,779.717497927726
276.369643285077,587.942410920661,589.487499643387,439.781792052914,1170.41515381403,183.549099629764,778.398492528256,745.485479480957,786.972549800329,129.204527247311,124.226064660359,280.964487778538,94.572408734066,149.584677985736,260.428518336799,482.56420980336,212.915357829307,183.076622463106,519.013829560975,645.29378576684,1127.97621410339,293.693896297237,447.740369459577,333.932616837483,117.16326896567,363.799137838008,519.144464147395,276.93949503202,190.095486513141,387.214012847844
156.177241809279,408.807402212064,544.053390678174,343.069058849554,1081.49762298575,87.2314267337729,558.667085879569,592.632042182249,724.868743279027,70.0382752268576,64.2776988596795,142.084613787206,43.7043754280896,71.1355918223774,116.473672166426,415.738967601344,98.926951759338,120.944381002667,233.577699311292,399.746370990246,553.799455188874,129.709022547268,338.428966407855,193.316138294758,69.7663610926833,268.284044140883,363.153777403153,251.080540298251,136.615447087956,291.132423215391
69.2098164593054,133.709463405159,544.053390678174,343.069058849554,799.814037141153,32.5758245920509,316.115792607388,433.340495620646,488.908014431488,21.9621012154197,14.2872412833706,75.000833594504,25.8598068000743,21.5012213226768,51.1746379270709,181.646070086244,24.4564777975373,38.8796299595995,195.847154896493,326.587904025717,553.799455188874,65.8554881774132,338.428966407855,193.316138294758,16.8697257312224,148.370044401366,363.153777403153,66.6114743008347,47.4105143434639,196.745674636574
12.8178812503617,133.709463405159,353.051039306642,129.738946071654,687.382492485536,10.1839366365948,316.115792607388,433.340495620646,126.474856565425,9.48535316203847,0.630376825296173,13.2344473563361,6.37042170983022,3.92765182299155,12.0017015549587,40.2768725653948,7.70610695199974,6.05063647992556,26.4911241889324,326.587904025717,407.417357505667,11.5601884529328,40.0764281583683,108.751567072082,3.58720731404536,37.9893031257748,363.153777403153,10.2917315686685,18.2392273293834,196.745674636574
0.803204249890308,133.709463405159,101.159523092624,12.8554436638405,463.718589463151,0.128735921111829,238.66027961234,433.340495620646,11.8503901341993,0.226275276349748,0.00675863166658722,0.728437157455903,0.156068557231959,0.0236538042979706,0.629600510545268,1.12029964412252,0.0460359084695118,0.0447212988455511,2.87160708325576,129.295600685688,407.417357505667,0.758910136514017,0.84619830466813,8.61450952379501,0.00980817255072081,3.21380056697054,363.153777403153,0.0532119751910573,0.980417320207094,196.745674636574
0.00263205371773511,118.996829905321,101.159523092624,0.0183775029158978,463.718589463151,0.000877865772204271,238.66027961234,202.234222177679,0.00807504532638703,0.00137731812064584,4.33274777573907e-06,0.00164411476110164,0.000867799561668024,2.31834650940934e-05,0.00129942416596195,0.00229854776467262,3.98412906253894e-05,4.0379225425271e-05,0.00379518871283698,129.295600685688,142.991084836305,0.000813777435746322,0.000651189243729766,0.00256441546246656,5.13814182535764e-06,0.00261829744624653,11.1220763767385,2.20380382786911e-05,0.00262553064947642,196.745674636574
3.73482407910167e-07,63.6611145084633,0.00128571535413579,9.706605750793e-07,463.718589463151,2.54910664561633e-07,238.66027961234,0.00334586470051483,8.12025457440481e-07,3.45696543795461e-07,2.51098901200386e-07,5.5903133970089e-07,2.91400422955623e-07,2.4252597562149e-07,3.31642631061357e-07,3.16389078010099e-07,2.04672956244378e-07,3.33900203701932e-07,3.04250875167349e-07,81.8902282053041,86.7581534346288,3.48102524233549e-07,1.72996692454609e-07,3.05877551909595e-07,2.45993368415862e-07,4.04097521382891e-07,7.19779176343011e-05,3.16448503172399e-07,4.06078443645326e-07,103.857636787819
3.69895206288446e-07,0.000498648540614291,2.33189688891594e-07,2.79264559786023e-07,77.4715629428759,2.54910664561633e-07,238.66027961234,2.34464655603035e-07,2.36370261765536e-07,3.45696543795461e-07,2.51098901200386e-07,5.5903133970089e-07,2.91400422955623e-07,2.4252597562149e-07,3.31642631061357e-07,3.16389078010099e-07,1.89564839849153e-07,2.63331545576617e-07,3.04250875167349e-07,0.000364623553834061,12.8360394464546,3.48102524233549e-07,1.72996692454609e-07,3.05877551909595e-07,2.45993368415862e-07,2.25324032469674e-07,1.8206562008978e-07,2.106149087814e-07,4.06078443645326e-07,0.000612803495851841
