1798548947.02227,7040896822.43034,17871477541.33,14910598552.4671,8770784295.89811,5743364958.33281,5936659080.87504,51731568.5779569,69684428.0333692,27981236.7207556,428594108.835015,14262657001.4223,4915037432.49925,109309987.137829,6753369457.98599,24592126065.9147,320713073.068259,1139730248.67808,4110875440.64858,14652753455.142,3350462989.57822,3571913244.49889,14133948162.3901,11553820828.5803,294322704.144934,18645338074.7381,10897360661.1108,3767506757.73051,6410494572.44396,4552230.13992991
1798548947.02227,7040896822.43034,17871477541.33,14910598552.4671,8770784295.89811,5743364958.33281,5936659080.87504,51731568.5779569,69684428.0333692,27981236.7207556,428594108.835015,14262657001.4223,4915037432.49925,109309987.137829,6753369457.98599,24592126065.9147,320713073.068259,1139730248.67808,4110875440.64858,14652753455.142,3350462989.57822,3571913244.49889,14133948162.3901,11553820828.5803,294322704.144934,18645338074.7381,10897360661.1108,3767506757.73051,6410494572.44396,4552230.13992991
1677544903.41592,6702250931.99151,17334476797.3933,14493870864.7733,8262573004.91391,5459623735.58764,5617084766.98644,38108945.091034,52336475.2069548,10981136.509985,385381835.38023,14262657001.4223,4619804492.96583,109309987.137829,6340920827.09303,24120218237.87,276689723.980555,1139730248.67808,4110875440.64858,14266710410.6578,3274916184.04512,3448587429.60656,13448254828.5569,11122084847.0996,294322704.144934,18069487241.0398,10725721465.5071,3480162551.317,6113167750.91965,1281617.20744386
1677544903.41592,6702250931.99151,17334476797.3933,14493870864.7733,8262573004.91391,5459623735.58764,5617084766.98644,38108945.091034,52336475.2069548,10981136.509985,385381835.38023,13748728257.2777,4619804492.96583,96885973.6643169,6340920827.09303,24120218237.87,276689723.980555,1036241028.70233,4019534580.04914,14266710410.6578,3274916184.04512,3448587429.60656,12760794429.7232,11122084847.0996,274452175.405051,18069487241.0398,10725721465.5071,3480162551.317,6113167750.91965,1281617.20744386
1458171745.4814,6318112673.23722,16798519216.1636,14245694088.4667,7297648502.55037,4996602956.67896,5322420986.54579,16408311.3126464,25764821.962364,26566.1548700499,274629938.321032,13107160470.5577,4383618350.41718,52181747.6835566,5971038295.89904,23302795203.3224,191475314.472281,770957772.130902,3814764910.25754,13974716705.433,3018952199.10886,3145532324.53632,11702259144.4118,10614925005.419,179297882.473792,17642854113.7369,9922701878.43981,2862867222.52889,5294596860.8224,961786.95173778
770568810.414594,3930738042.29312,14403398773.8043,11273559896.5021,4643836376.20267,2085413966.89782,4152598357.03985,808789.703081685,12078925.3843039,26566.1548700499,36656749.8408277,12442679847.2631,3404602581.03546,5821027.16495249,4329776125.12548,19896605697.8412,1708972.60116971,513088774.057089,3446212354.94658,11469945736.2863,1463862934.57321,2006174874.52097,7951616909.35855,8438212145.73738,58054171.156037,15189557195.5857,7669720352.50273,542713613.962943,2705272274.69831,899115.919916113
8300274.15348066,525710112.215484,7287155448.2032,8863809036.65923,11944608.5770615,935323.128005544,2404488037.47338,641371.832185342,12078925.3843039,20835.7580209199,1585175.33365744,3552054397.48466,1849227601.67236,2420367.09322517,576229351.471265,9868947651.68699,858126.666661111,1466888.03464552,1547488115.08045,4845403854.54067,11944287.236654,49981680.6650909,2007596777.36132,2697762172.95939,742509.860096101,8052454333.9382,1894060495.93909,4937809.1067413,14878492.0938852,685215.757801582
3485051.61341903,1059818.34768346,915711.603222178,9681675.34860918,770408.982021529,617180.878465835,1025969.16467336,632800.775273965,11179888.4951442,20835.7580209199,679597.114505483,7336741.17072531,1058210.60913966,1753753.64493148,178045.660415115,12661243.4454085,858126.666661111,580434.646972465,5104935.23446221,35802248.8854459,3434303.47877206,367657.71324206,6749372.37895192,8175149.17591206,221103.91124823,5955888.35564521,1606183.34033432,313337.130259601,3485256.58667155,662383.835406008
1889906.23488366,1059818.34768346,915711.603222178,449791.126223277,106775.36098374,447445.058231729,158092.575692836,284982.894652,5274008.94031249,20835.7580209199,24773.0473793123,1588426.71854019,1058210.60913966,1753753.64493148,178045.660415115,1152687.59483363,141437.047326219,296642.852349043,1598733.66158113,4638024.96734426,188506.146286078,297685.211858693,864177.320199734,831296.43007381,8954.90985883155,3009330.8662014,275158.565711647,313337.130259601,1470393.99508105,325478.014413716
169608.151933627,46381.6905303496,684581.988323597,348151.111535192,106775.36098374,59242.1348917648,26581.9407946128,28644.566211769,385020.231175832,18832.2237560145,24773.0473793123,978810.695105595,196528.038747179,314578.648942371,60371.3107909971,997038.303328334,15912.4173145638,26229.3239574209,76518.8933155259,14908.2013094475,32876.6478778657,8624.22930092254,864177.320199734,831296.43007381,1549.2635853277,824656.241362358,268731.076772854,313337.130259601,381388.058541465,205303.936615007
46862.7948944233,27710.8677946478,9099.20044956533,17983.5440711319,2772.60159998608,8064.06695603169,16553.2509369403,18066.7286781903,9013.66018625701,18832.2237560145,19472.2513041692,72328.0520082237,19903.591327777,11296.7937134319,3058.67594921182,187256.782459468,15267.709380522,15267.6245643769,11011.6359123018,14908.2013094475,19900.2667489305,8624.22930092254,66253.1215456764,52238.8336501394,1189.91329260165,33870.0057101213,20911.5991399356,7049.90124195428,7705.0228719159,5428.27107140034
6060.49561302371,10897.7173470277,7221.31886828391,1830.55506439221,2100.16381456194,2259.78583899878,16553.2509369403,15013.7590526659,2377.74420134321,18079.0831924779,15871.3916119887,4217.2180909189,17032.7766617945,9452.55914999324,2035.42569387566,3455.75377455807,3032.43679410188,3567.0966993078,1715.49196614764,14908.2013094475,9772.10285917649,7054.93443764505,769.47640591872,7631.06776467081,884.527775593745,8011.2627138215,7871.4417838936,1406.27470806497,7705.0228719159,3885.20437598698
619.270596242167,3731.21163436646,584.030221510371,908.508606923554,360.35517609928,70.0710550014091,528.795629246613,2658.04225327101,577.833900461062,800.341001469146,778.105066086066,841.531323863248,3655.20854133382,1489.48392293616,310.32501491978,763.899551772292,298.729390214516,524.824068870666,696.647086887859,1516.59499670103,796.488071126545,1592.14817927621,37.359045744613,1361.61660648022,552.923941947884,971.088577946477,1330.67881456011,918.002019130979,851.883870530415,309.794863882344
205.566718344235,13.4873953101005,258.193109854494,318.466039412944,125.763951988932,23.7835271529452,230.537821926654,446.704360433677,413.013028478788,470.685606013165,65.3464111599951,236.979704552854,455.927026575519,194.118741284063,225.360380538122,143.200018944252,221.603438632731,237.695643478825,294.94542460833,170.855303301318,206.067702514591,550.344505194605,2.78183171729916,316.205345668056,419.766106948642,147.681519083487,270.13036410863,627.609028509028,361.535407024337,257.307884333545
184.180995293508,4.19258375181835,221.102543493029,278.124799702431,121.294064466847,18.915400434028,226.725739604314,373.927721649708,394.381919334101,439.966047657842,60.8197417198908,221.678653305117,402.145506537232,131.06904279921,219.225964251475,137.766708225207,218.460983605467,221.020577802275,282.199221321996,122.453096467028,187.840876320896,546.526571977116,2.76966962146844,315.1808023733,367.700596595284,140.623272883451,230.668260272353,623.104074784677,345.968720494192,254.277103142751
182.304394482496,3.25124575026302,218.288732015861,276.401000135053,121.061475968983,18.1729282345882,226.266203295122,357.520425717697,387.709305379442,436.540896132124,60.0249718270247,218.926287966727,376.666642024045,121.74110895742,218.576513000571,136.204953848749,218.447854772478,218.296336923308,280.810605249556,119.461138887624,178.384715728576,545.981940917201,2.47766229341732,313.921960399061,360.941086072028,139.041233571084,222.692598181512,623.064333045414,341.041970026669,253.184166071067
