801.355519784171,358.908739712713,1065.68758256458,765.70262511194,1188.14440231643,1598.40513977405,493.767971974308,316.630227122612,498.165620469088,1004.73136329468,1023.20065114377,823.416019996363,566.875437631264,751.417048633741,489.372815966962,1034.74113937577,450.720486870137,321.905615238786,606.17488304963,957.575157494766,617.516029858258,439.54213085778,482.410106272788,498.937792469664,1027.77275609216,414.762833392415,804.123980549358,1052.3658017352,514.64981271714,572.739191405611
533.145096778962,232.810254499838,716.992154395719,383.479895732512,621.568541333042,1248.41766779162,304.368875462787,272.998150509919,326.258409495903,471.679187698604,631.657202538638,653.54353162533,399.332313707626,356.010804057394,227.396251728752,620.358007379884,398.97804294905,220.932769626667,606.17488304963,685.229325797105,465.682270318826,242.262425281681,240.681046560956,397.472257633926,775.568088104936,364.925100105519,419.351419156066,712.684054734703,514.64981271714,294.974292774323
246.049211430797,155.301466834768,389.489330686498,377.809410341173,410.026949124198,505.343938680438,270.626537007892,166.183998765178,288.630642048323,372.259630640285,230.627856642744,324.736825034456,241.025427403869,323.322024780803,215.278633779771,457.484575990191,190.296423960622,161.476136180377,325.253480829646,382.30204130106,199.184453915459,242.262425281681,202.02950907716,168.789704236907,378.224209936446,104.808146204184,417.636490848441,300.037462707045,268.665142291811,294.974292774323
168.463882621454,108.02740535544,167.594863830492,177.981856905189,163.724424800258,239.01324209872,138.407482143343,115.625269201386,142.14229997394,139.44071680593,125.980204349381,141.259586293425,131.72777742133,165.981086073906,108.846015641743,151.007655318484,144.729878293959,122.405921166967,156.34827225986,133.857377017349,155.30372831939,125.659245033741,129.462477405114,135.450867892498,252.817232189708,104.808146204184,182.008057269495,196.013252304833,113.891918458594,156.266480345534
101.042648164143,78.0207303596462,75.4580858551986,109.488099328137,103.970749109679,129.395914892584,92.9984942386811,82.5572624716782,126.573619235891,91.3903249679632,65.8045017265275,97.5333516862245,76.6845172141809,86.4217140203664,90.1416442024663,83.02177748784,73.7437224718852,66.9973609687041,88.2623117204894,98.5735995423227,83.3697274099917,70.0281140371396,91.7486926243963,81.1196766699823,119.146905799479,83.4623907688037,110.416022213928,104.693864327356,83.9398735365089,106.635328559332
67.9831885336002,68.2940558377312,75.4580858551986,46.0501140232373,91.0012985062772,107.563737507914,70.7850715409376,82.5572624716782,103.687254351283,78.6588898264412,65.8045017265275,77.4060562257339,73.7887737428828,86.4217140203664,73.9826936741999,69.6532036537499,73.7437224718852,65.6028801187907,82.7882068913696,92.2675975162674,83.3697274099917,70.0281140371396,72.1248456568069,81.1196766699823,67.0991640043732,72.2871550719701,75.1358191442072,83.4704831929502,79.2889493189763,54.6723349266275
65.9418783160069,68.2940558377312,66.2388227429205,46.0501140232373,82.8428412913202,94.169847102228,68.1178573015731,63.9633263076355,77.4884130446188,66.0612501111864,62.587809422394,70.6265133964542,70.1765150071719,78.5688853198501,65.5420569321286,65.4467075840089,73.7437224718852,65.6028801187907,82.7882068913696,62.1785905642066,81.4894642601921,70.0281140371396,64.8642870766301,71.2739198587567,61.9271401425034,64.7423963440682,54.6914906675071,53.7218223079567,59.1873984462995,54.6723349266275
65.9418783160069,62.0487882939536,66.2388227429205,46.0501140232373,68.3638035276845,75.6192090716245,68.1178573015731,63.9633263076355,60.6914950235631,65.6115794565857,62.587809422394,70.5962256071159,70.0823343770592,78.5688853198501,65.5420569321286,65.4467075840089,73.7437224718852,65.6028801187907,60.9089728500958,62.1785905642066,69.3495592278392,70.0281140371396,64.8642870766301,71.2739198587567,61.9271401425034,64.1704078717003,54.6914906675071,53.7218223079567,59.1873984462995,54.6723349266275
65.9418783160069,60.1971667014153,65.0102034107159,46.0501140232373,43.5039905721832,64.0121418000263,58.8870158493759,63.9633263076355,60.6914950235631,62.0824395050626,48.5266488661156,69.0032753968845,70.0823343770592,72.9561885098225,62.3966488438024,65.4467075840089,67.4078361063767,54.3177607057728,60.9089728500958,61.909266997797,63.5815419799012,70.0281140371396,62.2606789628774,71.2739198587567,61.9271401425034,64.1704078717003,54.6914906675071,53.7218223079567,51.9353081193772,54.6723349266275
54.9012699538462,60.1971667014153,55.4201478676812,46.0501140232373,43.5039905721832,64.0121418000263,58.8870158493759,63.9633263076355,60.6914950235631,62.0824395050626,48.5266488661156,69.0032753968845,65.6714860941916,65.5434296426544,60.1593135392137,65.4467075840089,55.5311837871993,54.3177607057728,57.615776746519,61.909266997797,63.5815419799012,66.8933954143489,62.2606789628774,71.2739198587567,49.1298042491007,64.1704078717003,54.6914906675071,53.7218223079567,51.9353081193772,54.6723349266275
54.9012699538462,57.1629321714694,55.4201478676812,46.0501140232373,43.5039905721832,64.0121418000263,58.8870158493759,58.1466990770722,59.6015358467811,57.4435391113481,48.5266488661156,62.1223532171738,62.2209724466579,55.1888544724977,58.8613090544316,65.4467075840089,55.5311837871993,51.9625546100769,57.615776746519,61.909266997797,63.5815419799012,66.8933954143489,62.2606789628774,57.2151528958661,49.1298042491007,64.1704078717003,54.6914906675071,53.7218223079567,51.9353081193772,54.6723349266275
54.9012699538462,57.1629321714694,52.9374428468711,46.0501140232373,43.5039905721832,61.2394926453992,58.8870158493759,58.1466990770722,42.1188515749562,57.4435391113481,48.2655576277732,62.1223532171738,42.1219668377064,55.1888544724977,58.8613090544316,62.0185562721056,55.5311837871993,51.9625546100769,57.615776746519,59.8625290260715,54.5741014933078,54.1941792799112,44.9089040318935,55.6186612982347,42.754701925347,64.1704078717003,54.6914906675071,53.7218223079567,51.9353081193772,51.3731447995216
43.9892716866759,57.1629321714694,47.9964381869498,46.0501140232373,43.5039905721832,61.2394926453992,49.5403643017879,53.7973391459185,42.1188515749562,54.6746278004006,48.2655576277732,57.6110346781389,42.1219668377064,44.5226573288176,56.8289209233027,52.9659370987688,55.5311837871993,51.9625546100769,51.5726917085821,59.8625290260715,54.5741014933078,54.1941792799112,44.9089040318935,51.6535568927213,42.754701925347,60.3747011780877,54.6914906675071,53.7218223079567,51.9353081193772,51.3731447995216
43.9892716866759,57.1629321714694,47.9964381869498,46.0501140232373,43.5039905721832,61.2394926453992,45.695687916588,50.6278976457742,42.1188515749562,54.6746278004006,48.2655576277732,55.4455700176948,42.1219668377064,44.5226573288176,56.8289209233027,46.0712504593419,52.4472298246516,51.9625546100769,51.5726917085821,57.0499772274128,38.6375674754011,54.1941792799112,44.9051567265365,51.6535568927213,42.754701925347,53.2433429222601,42.4407502028146,46.8709551536789,49.9354418117639,51.3731447995216
39.4110445690048,35.7055723098358,47.593728174411,46.0501140232373,35.7277814066848,48.8302327518097,45.695687916588,49.1743875681732,42.1188515749562,50.3979953322762,48.2655576277732,44.0406078913456,37.8836321078294,31.6440335657771,42.6946772757944,46.0712504593419,45.6982618074385,48.0254228847681,45.2299827596569,30.3353464204312,38.6375674754011,41.4457862490685,44.9051567265365,48.6135612035471,40.0824426879063,40.2890624712286,42.4407502028146,35.3253012260087,39.9287189718757,44.4099111332849
39.4110445690048,33.7251284196813,37.7532217584602,41.2682276606673,35.6339093486677,29.9680788429191,32.7290951755074,42.2446007594546,42.1188515749562,40.7049586579718,44.9905760338431,35.2055000970394,37.8836321078294,31.6440335657771,34.223767052006,12.739118639299,37.4237381884523,11.692982382408,39.6037324483571,30.3353464204312,33.1756353807807,34.5205522292118,38.4169091677722,35.2878523489595,40.0824426879063,26.7621150374575,35.6168702952416,35.3253012260087,39.9287189718757,36.3913411509586
