861090542561.098,881233717637.313,858593528925.615,736388189415.08,927362758370.969,875181282721.553,809833627334.055,815052269288.076,742766069000.602,700219920153.906,735219418102.626,881192028832.074,1028204187262.56,790214766893.513,684360124226.254,569130643082.992,728702219005.19,695203663712.783,777085362725.132,1540972642098.66,613760375921.95,758397469325.797,1018033270687.35,925628648352.373,632130699488.881,741796031863.655,934226512873.34,626835692481.403,1006327351161.64,908117293542.052
861090542561.098,881233717637.313,858593528925.615,736388189415.08,927362758370.969,875181282721.553,809833627334.055,815052269288.076,742766069000.602,700219920153.906,735219418102.626,881192028832.074,1028204187262.56,790214766893.513,684360124226.254,569130643082.992,728702219005.19,695203663712.783,777085362725.132,1540972642098.66,613760375921.95,758397469325.797,1018033270687.35,925628648352.373,632130699488.881,741796031863.655,934226512873.34,626835692481.403,1006327351161.64,908117293542.052
861090542561.098,881233717637.313,858593528925.615,736388189415.08,927362758370.969,875181282721.553,809833627334.055,815052269288.076,742766069000.602,700219920153.906,735219418102.626,881192028832.074,1028204187262.56,790214766893.513,684360124226.254,569130643082.992,728702219005.19,695203663712.783,777085362725.132,1540972642098.66,613760375921.95,758397469325.797,1018033270687.35,925628648352.373,632130699488.881,741796031863.655,934226512873.34,626835692481.403,1006327351161.64,908117293542.052
861090542561.098,881233717637.313,858593528925.615,736388189415.08,927362758370.969,875181282721.553,809833627334.055,815052269288.076,742766069000.602,700219920153.906,735219418102.626,881192028832.074,1028204187262.56,790214766893.513,684360124226.254,569130643082.992,728702219005.19,695203663712.783,777085362725.132,1540972642098.66,613760375921.95,758397469325.797,1018033270687.35,925628648352.373,632130699488.881,741796031863.655,934226512873.34,626835692481.403,1006327351161.64,908117293542.052
861090542561.098,881233717637.313,858593528925.615,736388189415.08,927362758370.969,875181282721.553,809833627334.055,815052269288.076,742766069000.602,700219920153.906,735219418102.626,881192028832.074,1028204187262.56,790214766893.513,684360124226.254,569130643082.992,728702219005.19,695203663712.783,777085362725.132,1540972642098.66,613760375921.95,758397469325.797,1018033270687.35,925628648352.373,632130699488.881,741796031863.655,934226512873.34,626835692481.403,1006327351161.64,908117293542.052
861090542561.098,881233717637.313,858593528925.615,736388189415.08,927362758370.969,875181282721.553,809833627334.055,815052269288.076,742766069000.602,700219920153.906,735219418102.626,881192028832.074,1028204187262.56,790214766893.513,684360124226.254,569130643082.992,728702219005.19,695203663712.783,777085362725.132,1540972642098.66,613760375921.95,758397469325.797,1018033270687.35,925628648352.373,632130699488.881,741796031863.655,934226512873.34,626835692481.403,1006327351161.64,908117293542.052
861090542561.098,881233717637.313,858593528925.615,736388189415.08,927362758370.969,875181282721.553,809833627334.055,815052269288.076,742766069000.602,700219920153.906,735219418102.626,881192028832.074,1028204187262.56,790214766893.513,684360124226.254,569130643082.992,728702219005.19,695203663712.783,777085362725.132,1540972642098.66,613760375921.95,758397469325.797,1018033270687.35,925628648352.373,632130699488.881,741796031863.655,934226512873.34,626835692481.403,1006327351161.64,908117293542.052
861090542561.098,881233717637.313,858593528925.615,736388189415.08,927362758370.969,875181282721.553,809833627334.055,815052269288.076,742766069000.602,700219920153.906,735219418102.626,881192028832.074,1028204187262.56,790214766893.513,684360124226.254,569130643082.992,728702219005.19,695203663712.783,777085362725.132,1540972642098.66,613760375921.95,758397469325.797,1018033270687.35,925628648352.373,632130699488.881,741796031863.655,934226512873.34,626835692481.403,1006327351161.64,908117293542.052
845417678117.033,875772559259.804,829231250831.804,722406088919.276,893382897328.357,814939897476.311,796136047783.778,763520267101.201,716715198476.612,674848751093.48,711799686920.123,852218803038.492,1010035899758.09,759284644929.478,680681903753.779,559036214605.524,688976628278.854,686219023341.982,754972098098.922,1025423506425.14,595394925555.121,748146638099.7,979672877538.51,899512265427.664,617001065861.27,728179561454.103,926553497380.687,605955730083.879,980222388859.236,881674145893.372
756819903662.831,801765815857.885,750170689938.253,655316121979.977,801488231512.733,732222568395.247,750007181133.273,727318670485.6,616249015386.036,600573211772.022,641873548491.606,767769332917.126,952791796867.218,701960752127.938,606691790324.175,491751102209.301,641164382260.085,628761212480.38,697148141053.464,981202181204.976,522977961224.168,662199462559.038,882374172744.631,822366194524.549,548582168850.683,652643545849.406,857977135141.192,538518528833.504,918092886429.583,823913117940.839
508658447813.704,533471861259.016,501464197356.18,408832108050.505,460128316343.349,476497708824.895,567110238669.383,556568761729.576,346174236890.538,409383008197.636,409882955749.915,515499137062.172,729951792284.861,465226387698.332,374572527831.019,279040317216.447,445764441481.743,408365950895.884,496436853243.759,737342657525.616,340080025846.535,392660522420.405,558485101876.733,571494080433.392,323282261647.872,403945720016.673,619292495320.462,328213621894.461,651557475153.792,597572718221.453
57622866965.1221,60487884802.3835,48756834707.1025,43309071004.7649,53775463635.3214,51769549178.0535,95777852795.9727,95748980334.1792,36838572546.8147,47297522844.2367,36101501631.7146,58258382170.9341,117725308555.398,57227172817.7917,41948909233.2573,38627376874.4732,57597972697.332,60305263573.8887,65409695145.1376,95343697611.7755,46355428881.8941,38511534808.6113,57170961773.0989,71680382717.5645,39733665195.2649,49229449350.4488,77193708288.3214,44099784869.4069,88804318737.0777,87350807496.3304
586562411.592122,705111531.889009,669634947.465873,591964833.160917,772364376.83546,745020526.943381,1009521911.8893,1255908761.7312,591432489.485374,797970045.344926,619864983.85743,661211337.092189,1090752620.39846,628133483.034768,510110357.622312,446354232.967376,798471018.547381,616037392.748641,864382108.391263,1236872225.12794,692213543.103811,730289219.020743,709226673.416251,748014805.383967,560270793.738461,741522053.049864,826634203.419738,737750014.507201,808151159.659723,980756603.666884
30834.8687923004,33444.0978291601,35540.0514837492,21715.0468683141,26996.2630155684,25008.7847661798,46799.6175349215,73932.645067397,26323.2095225572,32958.6779509334,28027.8705788215,27919.336091785,46147.7159185713,22443.19233657,37881.6945019844,41188.4975459435,31086.2999353833,34214.2370509958,49205.3734855621,51365.9908922262,40773.4950640641,30951.4854466055,42882.5799017865,36168.7063889984,30284.9293069595,32890.735768375,39339.97154258,33036.2156712352,28179.3680914285,59010.7503819281
3636.87687377431,12604.3483029727,17900.3049863964,253.089451442457,4177.77307729279,2524.51480340833,293.716053319951,13423.7160857881,8557.4009273165,11.9750742259613,1748.38043874458,9756.91351407044,9422.76782541926,1326.18278455769,18847.5882933832,18905.0483607319,928.553046859132,14782.8853215395,12252.2737709244,415.586095443037,6939.55781518851,237.84211662968,12512.5626946079,5488.41959435106,10659.4462597542,7602.7812478333,12061.7920599971,747.40350602251,7626.26000470721,13070.0807912575
1.47097011904407e-07,2.02371978730298e-07,1.5587964696806e-07,1.82188273356587e-07,1.81422905143336e-07,1.74122163798529e-07,6.55405145266741e-07,6.61216120079189e-07,1.5977994394234e-07,3.42754276516644e-07,1.61091605832553e-07,1.77698666448123e-07,1.97802478396625e-07,1.74947317077567e-07,1.82101857149064e-07,5.82570010010386e-07,6.36435188994255e-07,2.01508356667546e-07,5.19531312193067e-07,5.60774225277783e-07,6.55248697967181e-07,6.19413214053566e-07,1.53247427192582e-07,1.56157682340563e-07,1.56732909317725e-07,1.62021763117082e-07,1.60707855911824e-07,4.83892520719564e-07,1.97990644323909e-07,6.86882728473392e-07
