35798.0109278549,39802.292746042,36138.3353045219,37818.5265568072,38067.703316511,37974.908506707,36718.3948194619,39169.5454287342,35984.6665924143,37189.0777345851,37582.6118394497,37445.2939970396,36074.3366452655,36422.7346737537,38000.9032188601,35335.6925380191,38008.847632871,36454.4410539364,34586.2494137785,35862.6642154129,37599.8035566948,33708.0330398926,35357.6043084969,38789.7083911991,37734.6795915531,43033.1700767837,39569.4307071749,38584.8897407706,37589.1680578138,37848.8516267188
35798.0109278549,39802.292746042,36138.3353045219,37818.5265568072,38067.703316511,37974.908506707,36718.3948194619,39169.5454287342,35984.6665924143,37189.0777345851,37582.6118394497,37445.2939970396,36074.3366452655,36422.7346737537,38000.9032188601,35335.6925380191,38008.847632871,36454.4410539364,34586.2494137785,35862.6642154129,37599.8035566948,33708.0330398926,35357.6043084969,38789.7083911991,37734.6795915531,43033.1700767837,39569.4307071749,38584.8897407706,37589.1680578138,37848.8516267188
35798.0109278549,39802.292746042,36138.3353045219,37818.5265568072,38067.703316511,37974.908506707,36718.3948194619,39169.5454287342,35984.6665924143,37189.0777345851,37582.6118394497,37445.2939970396,36074.3366452655,36422.7346737537,38000.9032188601,35335.6925380191,38008.847632871,36454.4410539364,34586.2494137785,35862.6642154129,37599.8035566948,33708.0330398926,35357.6043084969,38789.7083911991,37734.6795915531,43033.1700767837,39569.4307071749,38584.8897407706,37589.1680578138,37848.8516267188
35798.0109278549,39802.292746042,36138.3353045219,37818.5265568072,38067.703316511,37974.908506707,36718.3948194619,39169.5454287342,35984.6665924143,37189.0777345851,37582.6118394497,37445.2939970396,36074.3366452655,36422.7346737537,38000.9032188601,35335.6925380191,38008.847632871,36454.4410539364,34586.2494137785,35862.6642154129,37599.8035566948,33708.0330398926,35357.6043084969,38789.7083911991,37734.6795915531,43033.1700767837,39569.4307071749,38584.8897407706,37589.1680578138,37848.8516267188
35798.0109278549,39802.292746042,36138.3353045219,37818.5265568072,38067.703316511,37974.908506707,36718.3948194619,39169.5454287342,35984.6665924143,37189.0777345851,37582.6118394497,37445.2939970396,36074.3366452655,36422.7346737537,38000.9032188601,35335.6925380191,38008.847632871,36454.4410539364,34586.2494137785,35862.6642154129,37599.8035566948,33708.0330398926,35357.6043084969,38789.7083911991,37734.6795915531,43033.1700767837,39569.4307071749,38584.8897407706,37589.1680578138,37848.8516267188
35798.0109278549,39802.292746042,36138.3353045219,37818.5265568072,38067.703316511,37974.908506707,36718.3948194619,39169.5454287342,35984.6665924143,37189.0777345851,37582.6118394497,37445.2939970396,36074.3366452655,36422.7346737537,38000.9032188601,35335.6925380191,38008.847632871,36454.4410539364,34586.2494137785,35862.6642154129,37599.8035566948,33708.0330398926,35357.6043084969,38789.7083911991,37734.6795915531,43033.1700767837,39569.4307071749,38584.8897407706,37589.1680578138,37848.8516267188
35798.0109278549,39802.292746042,36138.3353045219,37818.5265568072,38067.703316511,37974.908506707,36718.3948194619,39169.5454287342,35984.6665924143,37189.0777345851,37582.6118394497,37445.2939970396,36074.3366452655,36422.7346737537,38000.9032188601,35335.6925380191,38008.847632871,36454.4410539364,34586.2494137785,35862.6642154129,37599.8035566948,33708.0330398926,35357.6043084969,38789.7083911991,37734.6795915531,43033.1700767837,39569.4307071749,38584.8897407706,37589.1680578138,37848.8516267188
35798.0109278549,39802.292746042,36138.3353045219,37818.5265568072,35266.7241646374,37974.908506707,36718.3948194619,38204.235118813,34555.4309865707,37189.0777345851,34719.0816774144,37445.2939970396,36074.3366452655,36422.7346737537,38000.9032188601,35335.6925380191,38008.847632871,36454.4410539364,34586.2494137785,35862.6642154129,37599.8035566948,33156.4912142186,35357.6043084969,38789.7083911991,37734.6795915531,43033.1700767837,39569.4307071749,38584.8897407706,37589.1680578138,37848.8516267188
35798.0109278549,35865.7244313096,34885.6444132087,37818.5265568072,34446.0146736391,35333.5157394115,34376.4286284451,37085.3310685592,33282.4868361689,34991.0660861025,34719.0816774144,37445.2939970396,36038.6398861078,33689.0455737637,38000.9032188601,33471.2918940576,38008.847632871,30266.8045512206,34586.2494137785,35862.6642154129,37599.8035566948,33156.4912142186,35357.6043084969,36937.0239953534,37734.6795915531,35881.5986424733,37186.7509329923,37699.6868616369,37589.1680578138,36215.5826151638
34254.662149927,33834.6515229634,32632.945728875,35372.617466119,31767.2046392527,34165.6859422211,34376.4286284451,35406.7657858272,31724.1596097886,34983.8804419773,31342.9330135164,36130.5965616157,32778.7652847196,32880.2205245739,36967.9860918841,30918.7333639917,35824.8693281146,30266.8045512206,32378.8294836561,35184.9872998987,36663.7233115594,28791.2108583549,33332.4329793784,35489.4698435196,36424.0241806665,35881.5986424733,33847.5040881827,35261.0957964901,35909.7494174118,33189.0316798636
33361.9148324769,27307.0772734558,26671.2918493107,34294.1088285078,26018.3298589767,29065.1613175672,28577.7627127088,27772.8225125078,25433.917903374,30167.898069886,24660.1347174785,35181.7344316495,30159.2594233891,26563.7158597978,34365.2953367026,23848.9284647724,34883.3274481034,27624.0190710081,27143.3841997842,33693.9859762204,34031.6692134756,22941.1488949,32609.8492221793,30509.3806075843,35665.9170150298,30318.062039719,29469.441452982,30784.9201410788,35886.5912728328,27301.6625677716
27343.9187593597,18190.1922833284,18676.9584463346,31688.4913637688,16308.1508168493,19356.0438869871,19674.61648249,18875.4426348688,14931.9125562344,22268.3720244045,17165.2573458253,32302.9947524567,22649.6823827826,19365.9161692858,31389.8832413676,16791.9188378271,30739.3539012912,17703.2977522507,18130.3184823327,30897.3840913469,32561.5009445825,14881.774566556,28249.8471473636,19901.1920191142,31226.983729358,20100.4967182939,20116.3536727043,19519.4275149515,33321.4690752182,18401.5712747953
17013.4728421811,14700.7167152103,14774.6954382305,22878.2036916207,12583.2136844967,15802.2964046627,15288.6896058573,15535.8530193731,11441.7033242523,16395.234913914,15211.6223278696,22754.8533196204,16310.6019763899,15683.8359418915,21491.6502381747,13694.5049093646,22516.8212958991,13149.370727036,13645.8046849396,20719.6885177427,23429.2407127833,12268.8921591115,20477.5993097609,15329.2045566175,21793.7776819908,15293.8862200113,14029.1490889036,13993.9075851875,23224.957350292,14744.8939080745
12473.5775830061,14671.1295877203,14685.3285281635,13647.8754500566,12538.0710701757,15739.1386564965,15157.5695377115,15515.2664618053,11416.2185667693,16012.304214024,15208.6025097824,15935.3641832075,15539.011534606,15647.6857435062,15219.8059107634,13656.3180592737,17101.7453789539,13042.5030353412,13537.0595010082,12735.1982288023,15459.8260996505,12257.7125575179,13722.725833951,15188.5428599633,15070.5133936955,15187.6424614274,13671.1001180122,13729.7419009341,15815.2518545988,14712.2073792755
12417.6202382194,14668.3534725361,14682.4090438358,12785.6831022379,12536.3112365938,15735.3740270469,15155.6140407016,15511.2858307597,11411.9719848698,16011.8875192497,15198.6097275726,15152.6327065378,15537.7114238995,15620.9512135564,14829.1198847261,13643.3710530723,16729.4539450089,13038.9483864665,13532.7289474299,11888.2919055999,14609.0509387339,12252.5897721486,13159.5309618018,15187.8598165686,14571.3996735713,15186.0113412695,13670.1394499782,13727.0506059726,14883.5559123098,14708.7044274582
12413.5653688769,14668.0185428596,14682.0756121843,12785.6088924154,12536.1107676105,14627.388128533,15155.3684999075,15510.646323485,11411.4104302067,16011.6770045459,15197.3286947234,15152.5692025425,15537.1432705862,15619.5382156539,14829.1117322773,13642.6506461751,15750.4398980156,13037.7226464362,13531.9006213221,11888.2834620944,12901.939921391,12252.0987001732,13159.5246475198,10775.377918737,13626.0415139179,15185.7918679894,13670.0548716535,13726.6603827568,14883.5177070161,14708.3641607184
