15898214792.2857,13900804872.788,11680858674.0344,12806673608.7801,3456457853.15868,19589820792.7455,5832853161.01419,6183909507.90333,4739856060.25581,17017353210.3472,31317714576.7622,12908700170.1754,22944858271.0434,4504566893.59203,10534843864.8399,91195650775.0208,5531169732.89562,51271646795.6204,13303721636.8705,25435581283.0533,47154103964.4466,19615574656.0073,50616246101.8461,5042279553.5148,6514466496.28507,66012349757.1887,8787460656.63544,44290159361.3365,50180311305.792,9541624554.46738
418556000.25791,475336005.064898,223883282.451283,323108257.520567,182450993.165429,505782745.194879,354947277.744596,284056645.162111,71402787.2890786,477736131.843993,978199481.388159,352381077.983503,352439057.640153,237966238.209803,310881653.68519,896666713.37034,310506616.692395,598768597.656013,359101443.864656,546023526.859338,955775133.418331,462137716.43908,1350808922.9252,224353386.994384,350399545.52126,756545951.205597,373183769.235354,726476350.772819,1266263187.93584,255251453.836499
32161390.8913263,24111675.2869405,24699010.2527131,14242449.5032983,22828739.0279271,51679051.8225527,22141993.9342625,25282143.0844843,9779205.70472366,24928525.0535606,74606053.2124147,22302476.2336247,15835417.3009863,17741794.179676,11059700.822618,93807555.5812231,26736670.3398223,40308945.5213986,17034670.997798,33353699.9734701,51858167.3775937,45071336.8635287,78149001.2894621,26926565.4811376,18131219.9661875,78694228.0293762,27413378.5406198,71038454.3939492,101898098.820788,12591316.4341195
121179.712188696,217483.54854228,540804.853836628,222780.921423451,283372.064442246,481416.646589302,178550.814946976,200658.974663358,132994.908268721,180916.435361456,829041.927845713,192874.155986947,187931.566216439,255480.302959148,231962.400480225,846446.058894643,121322.494404076,367439.565837175,293366.069901393,357006.120647837,521445.408781652,306047.695641799,692556.456498996,265705.683436388,178688.363931005,653319.306462676,145556.155238438,583345.628313285,825201.727215573,127382.993102067
31202.312914009,90104.8403822833,241795.615108654,151132.196074275,42442.5092900329,241146.740362189,26711.5272387072,60339.4642476801,86042.3474432368,101150.522008563,313382.072233927,64121.6076392662,91051.8682295782,135910.144720993,189092.5764168,135680.280133203,16080.2204541147,67055.2615310462,217411.441164905,164297.54422637,222120.643886138,117162.858966283,106121.007523134,91621.9929051739,85845.8657908177,173336.106640291,51118.2499621886,70235.2217085095,148005.228189629,44325.6692784991
24839.1239095486,47767.8628818171,124606.045380397,53836.7018640009,39340.5625069774,82163.9329963026,20331.6988479108,46438.1243326157,42186.5109440213,49390.316429211,111703.590472111,42959.9910246866,36201.0786910857,58867.0452901874,41301.3571142901,68623.7140597209,15531.2836536692,42101.6984239292,46464.9203713148,97152.9910733923,76417.6162110673,42016.9885376375,65832.810250392,40968.0176160457,53193.0231133343,110508.821713309,40714.2632690357,51619.0125711493,84552.1175114111,32620.5718609527
14224.8541653691,14490.8489071461,43062.5825258007,23227.0898032644,10904.3829572255,31542.3450589302,9232.20451148949,11680.4040149159,23714.8204488754,27027.6875585916,37041.8318351009,15988.8932225486,22880.9366932475,23277.7214693505,21157.9773255419,27668.6895277116,11502.4097895263,10278.9369473481,29659.4191481058,31195.0677203512,24109.7056556598,20046.8423372683,20157.5067230685,16779.5479138246,27503.8433513047,27072.6789196979,13700.0111113127,12420.6475678807,15764.8079470589,15440.2363987254
11452.4126406176,9340.66920342745,19300.3754619665,11410.1108890194,8929.44138139937,11674.9625138579,5216.48766320193,8722.09925315026,10616.1151983369,12743.0080326128,9591.18852127776,8066.45909897728,12684.866305047,13213.7332064168,11992.6166028806,16836.226480316,10098.3475637339,7380.24204840145,12176.3331137663,11625.2101006457,11226.6830000525,8908.18972740959,11237.5713768383,7301.19584831823,10872.1041649697,9212.9267422923,10672.823448412,8994.31500931534,5946.77774375646,10661.5937186246
7933.7504440735,7156.79648300098,11527.9270010832,7316.43858176562,6005.70414244441,8979.41796431796,4502.3729028581,7532.76934494582,8014.53291185467,9089.65714368676,6547.68909345883,5914.75207618516,6739.59170549628,8833.96447077928,8450.62989389423,10296.5655678062,7708.33572876678,5469.82463764357,5754.71297817247,8186.2811496106,7859.15248589173,6335.07363903099,7805.3928609649,6239.16572746167,8325.17941655628,6138.59599989923,8511.85110644368,6968.7537144259,2858.74996985713,8355.98705316307
3980.24359233389,5954.81298800419,8070.30124428973,4691.22442263509,3591.66094671939,5897.72637408703,2959.80000603162,6135.43158317478,2275.08367472982,5690.43684710948,5094.88413460275,3884.34777119463,5014.28023432207,5885.57494790553,2932.60757461618,6439.83652128749,4345.75059985559,4875.60688862516,4659.32425936864,6226.20332137071,4353.79860733138,5068.38503630617,3447.48375958165,4791.8115931905,5439.02564484276,2831.04865076596,4274.77971592751,5080.5955560556,1746.32493015561,5711.71235004804
3267.76649027747,3716.02913000421,6208.45624399475,1670.40944847562,3357.3692715825,2996.8637800764,2863.24188553719,4262.23903253546,1679.55102341509,1842.49032144174,4171.30396561759,3604.3498350629,2987.15127058127,4005.0037983161,1744.54942271583,2582.50043930785,4208.9415373567,4740.30769300589,3440.07159573259,5833.70537215942,3195.37905888615,2507.91601123631,2076.2936682094,4647.08701526215,2112.43423953226,2512.08651659967,3560.80235818551,4123.17651154213,1475.22988228436,2376.53117548295
3155.52340818264,3678.57286250637,4383.16762235103,1543.18012291492,3244.6929391572,2776.18374502626,2808.70254724105,4166.06120660223,1549.10579760924,1683.65614191648,4026.27202670504,3532.40568741438,2513.01964207303,3995.42092886943,1681.74784397889,2501.89146993567,4133.88507676208,4712.23054969933,3377.39908169212,5796.62830180494,3140.14217947119,2407.95676561373,1971.3278771816,4400.38130522306,2063.52317575775,2452.08562806826,3506.40951188353,3870.16905294134,1399.66619155433,2147.82697323434
3089.230532044,3621.54716122596,4170.11389788318,1474.63688336735,3192.25127296144,2729.12363792991,2791.56616434434,4130.39010416347,1499.97312018682,1669.97155813309,3934.63667892442,3530.38864401682,2507.08652065419,3993.15736623495,1633.39180720131,2484.57172679238,3977.32470619001,4705.9527627059,3317.64348331703,5788.62571018523,3115.02074410819,2397.98432054751,1953.19579711615,4349.10033003702,2039.04227240879,2433.66947497998,3474.60924990743,3762.82525341038,1375.29624463149,2082.931495859
3048.95548285908,3611.02853927622,4081.47895315444,1463.03923581348,3184.30002415096,2721.91312953866,2788.4192171921,4117.02146862843,1497.54878440979,1667.24521341681,3916.60636530141,3530.27531157342,2506.80042472808,3992.58527892563,1631.3546688223,2482.63277646946,3950.69575827798,4697.61927465218,3310.27398836086,5788.49261861963,3113.53407265597,2395.76520544855,1946.50501201624,4345.85698827804,2003.53415449268,2429.77461049658,3453.07631683045,3750.38901073015,1368.5043261846,2076.68280902265
