4250850797.67849,3066277695.14791,327812659.296815,292962263.310778,19574481863.3684,227922813.222633,475505584.071568,1543684127.96932,174787877.753047,21404262.4102049,253729374.919961,119266040.747102,1727803459.6449,581635786.002061,4194258.82718789,718075351.724469,6877929317.43602,3910883362.88042,1661147385.41214,1203932291.46133,2757998788.10509,6298422500.54226,16877089.6585339,126690352.606112,1951601149.97073,513041382.76431,78000404.6396699,27993918.3351505,3315738860.75221,5080754619.4754
4250850797.67849,3066277695.14791,327812659.296815,292962263.310778,19574481863.3684,227922813.222633,475505584.071568,1543684127.96932,174787877.753047,21404262.4102049,253729374.919961,119266040.747102,1727803459.6449,581635786.002061,4194258.82718789,718075351.724469,6877929317.43602,3910883362.88042,1661147385.41214,1203932291.46133,2757998788.10509,6298422500.54226,16877089.6585339,126690352.606112,1951601149.97073,513041382.76431,78000404.6396699,27993918.3351505,3315738860.75221,5080754619.4754
4250850797.67849,3066277695.14791,327812659.296815,292962263.310778,19574481863.3684,227922813.222633,475505584.071568,1543684127.96932,174787877.753047,21404262.4102049,253729374.919961,119266040.747102,1727803459.6449,581635786.002061,4194258.82718789,718075351.724469,6877929317.43602,3910883362.88042,1661147385.41214,1203932291.46133,2757998788.10509,6298422500.54226,16877089.6585339,126690352.606112,1951601149.97073,513041382.76431,78000404.6396699,27993918.3351505,3315738860.75221,5080754619.4754
4250850797.67849,3066277695.14791,327812659.296815,292962263.310778,19574481863.3684,227922813.222633,475505584.071568,1543684127.96932,174787877.753047,21404262.4102049,253729374.919961,119266040.747102,1727803459.6449,581635786.002061,4194258.82718789,718075351.724469,6877929317.43602,3910883362.88042,1661147385.41214,1203932291.46133,2757998788.10509,6298422500.54226,16877089.6585339,126690352.606112,1951601149.97073,513041382.76431,78000404.6396699,27993918.3351505,3315738860.75221,5080754619.4754
4250850797.67849,3066277695.14791,327812659.296815,292962263.310778,19574481863.3684,227922813.222633,475505584.071568,1543684127.96932,174787877.753047,21404262.4102049,253729374.919961,119266040.747102,1727803459.6449,581635786.002061,4194258.82718789,718075351.724469,6877929317.43602,3910883362.88042,1661147385.41214,1203932291.46133,2757998788.10509,6298422500.54226,16877089.6585339,126690352.606112,1951601149.97073,513041382.76431,78000404.6396699,27993918.3351505,3315738860.75221,5080754619.4754
4250850797.67849,3066277695.14791,327812659.296815,292962263.310778,19574481863.3684,227922813.222633,475505584.071568,1543684127.96932,174787877.753047,21404262.4102049,253729374.919961,119266040.747102,1727803459.6449,581635786.002061,4194258.82718789,718075351.724469,6877929317.43602,3910883362.88042,1409920813.38083,1203932291.46133,2757998788.10509,6298422500.54226,16877089.6585339,126690352.606112,1951601149.97073,513041382.76431,78000404.6396699,27993918.3351505,3315738860.75221,5080754619.4754
3533583729.11308,2757974858.57932,268198107.107448,78661835.6076061,19574481863.3684,158425252.095271,350042011.746797,1432561938.05971,97297408.6963498,11874455.5143166,182571439.812025,101312984.082816,1277003812.59488,579682801.911304,3519978.86842234,415315536.138357,5076919609.20075,3598118283.67078,1092779593.09738,688058057.397312,2300368186.99017,4831328604.2444,12595779.5400417,37887693.2789442,1951601149.97073,395599534.196314,56390367.6533538,26295869.5237635,2817042284.76768,4778569744.0255
2003070500.50656,1698589022.50618,47744607.7289369,11623474.8588205,16676051808.557,94738338.6319865,269034870.462008,441300323.822034,54632167.559937,3520007.72260047,91763535.305926,68791591.3570306,753861486.904999,408822948.940018,2572715.9427106,181962405.747018,3135982204.91656,2231698425.01866,576193681.567973,345484612.929765,1017246904.21195,2436098738.17735,8483727.01876315,27502938.2794681,860644636.821339,325640793.011977,22899270.5234741,21434915.5987544,1383847612.87247,3357929306.50879
598174436.722293,887080338.394215,30621266.3288655,4334681.70992506,6732125473.95572,48387957.2635977,68645400.0634941,62149082.3198754,2942165.02502378,376310.260912277,44765844.3319515,48806750.6946431,294120918.376335,166277322.221846,2529279.49203139,95886577.5207549,1285607758.89513,930949816.982882,17269919.7299458,84735294.1607078,27456306.6708986,193777021.872667,8483727.01876315,7838022.59450407,161583986.848263,111126783.950297,3137300.7848458,18321020.0527524,403829197.991271,515562373.025617
82605882.0515819,210551241.764124,24887805.9075268,3447391.68152561,16420013.3171968,8288702.53193644,2838646.76824664,19672583.8434921,386018.53805082,313567.417038233,10039475.3210718,32147617.9463209,18516475.3381939,18034323.3922479,1929787.02424851,10079632.2072318,81666631.1598446,114904616.117998,4310013.82598666,1562461.35261306,2874863.02761761,18925919.5574594,4231743.48636267,4947344.46373545,52864810.1676066,5814855.92097097,963863.615861397,10428478.5239185,94308303.0198325,26386361.2264118
3515079.10339747,6217270.21518854,8307206.05010204,2854340.56723853,3702860.72275559,4066107.2004444,1076313.67835254,6769331.20208882,178842.49460931,240600.373315137,7554768.48699661,12152501.3535473,6017435.41014889,2274805.14195812,1476181.1552532,1451146.64811346,6967866.01242617,18301304.011115,3579281.20708226,140251.24239552,787317.70993437,4990053.93588181,436317.802440062,3056406.35121816,19222157.9648254,4433423.74535354,217478.302516787,1191385.64293783,1988983.5507393,1225396.61854065
1707703.39501441,321284.01808043,375904.147329978,1662847.44063996,17172.9425373122,1987199.86038739,623429.809764192,1444663.39898974,82315.4436735414,165295.789166547,5347956.34520214,1711290.86660539,1304400.27601878,44874.8015194102,943257.975456099,27815.8820374729,708818.79892599,2193130.73496741,2049435.16183464,92427.466241582,338978.613922493,1167169.35393865,119742.686033851,2117232.90934406,1939069.40724304,2720545.76865124,119977.778826391,594550.178677046,336493.471731328,890926.261703244
99808.653754903,47260.1464891151,83176.3516274477,104099.550762353,1116.05807922516,10592.3673713366,41893.6903143255,116394.511156469,6663.97854893405,53950.8365823037,136351.28736172,21421.653677902,12791.6889953899,32775.1196569077,11348.430883481,390.088515055525,25144.8911676844,145432.498105457,111255.17074927,58885.6237266178,40169.2666265292,97989.5703944762,64099.9345238277,10604.6655642423,170211.529199868,31458.0033931705,39899.5036331796,28904.1319462904,40826.8454669543,69921.2384692746
6815.25243362511,879.060161530202,3858.29622930114,776.561353176344,301.277130016746,5470.55342517187,6484.96989510162,439.51988437923,1072.69723397089,5310.03341189362,1487.23808135983,1192.9857914713,305.901435131172,2916.93357089815,5553.0547295058,307.81307089556,290.972905223971,7942.49634907017,2111.08528260615,337.074134921797,1914.26239338742,4493.40067072054,336.904959964082,2288.98171391439,452.278975941412,876.765528375607,4023.4010768039,276.09209424171,5359.92697539968,301.441359518619
141.641792475287,170.439801132172,183.594345570197,223.063535480297,146.10491768117,174.462340755884,145.519947496376,131.87189052718,284.869852882722,228.06316839716,95.6890298162875,198.075219767277,169.258845264962,127.824292077419,144.420529462406,192.279686708964,185.227745018988,207.99562154519,263.949215736629,149.476597894529,207.964475330473,236.048045011809,244.860460293517,207.684207922173,204.523998430353,73.5520901760435,242.081658410118,116.511592634926,247.842764595524,148.727447846783
139.39348251282,170.236837237011,183.171582370788,146.585203190417,146.104541484584,52.4789976755687,145.363547902115,131.434432086282,242.319030076503,195.670839030081,94.6215249599111,181.295847871067,169.241939438341,127.454602958238,144.366655738243,164.832084180882,185.157620819544,203.241774843487,186.241027388525,149.343250343084,207.048028271308,219.01039174653,217.535558458017,188.104075199568,169.55643629997,61.7880046967484,241.871677392325,116.510326983839,172.42363099454,135.326030359096
