19872424663.5997,32377096837.4182,55560449542.7767,35061802333.5392,26785526636.4897,50700625320.9779,41538003399.6627,51544787058.7153,46698430685.8228,20678782036.374,22486869445.9089,27924030940.4245,42680666492.2702,27229376825.6067,20298197575.4019,34324017938.1471,45170512764.6375,49210681791.2251,33133440033.1814,21880574069.4495,34444057449.2878,36007999265.0579,19921176336.1572,46939573516.291,46414215997.0383,53599650300.7066,68392973689.6914,71197843953.0171,55864028846.5531,19877285238.8963
19872424663.5997,32377096837.4182,55560449542.7767,35061802333.5392,26785526636.4897,50700625320.9779,41538003399.6627,51544787058.7153,46698430685.8228,20678782036.374,22486869445.9089,27924030940.4245,42680666492.2702,27229376825.6067,20298197575.4019,34324017938.1471,45170512764.6375,49210681791.2251,33133440033.1814,21880574069.4495,34444057449.2878,36007999265.0579,19921176336.1572,46939573516.291,46414215997.0383,53599650300.7066,68392973689.6914,71197843953.0171,55864028846.5531,19877285238.8963
19872424663.5997,32377096837.4182,55560449542.7767,35061802333.5392,26785526636.4897,50700625320.9779,41538003399.6627,51544787058.7153,46698430685.8228,20678782036.374,22486869445.9089,27924030940.4245,42680666492.2702,27229376825.6067,20298197575.4019,34324017938.1471,45170512764.6375,49210681791.2251,33133440033.1814,21880574069.4495,34444057449.2878,36007999265.0579,19921176336.1572,46939573516.291,46414215997.0383,53599650300.7066,68392973689.6914,71197843953.0171,55864028846.5531,19877285238.8963
19872424663.5997,32377096837.4182,55560449542.7767,35061802333.5392,26785526636.4897,50700625320.9779,41538003399.6627,51544787058.7153,46698430685.8228,20678782036.374,22486869445.9089,27924030940.4245,42680666492.2702,27229376825.6067,20298197575.4019,34324017938.1471,45170512764.6375,49210681791.2251,33133440033.1814,21880574069.4495,34444057449.2878,36007999265.0579,19921176336.1572,46939573516.291,46414215997.0383,53599650300.7066,68392973689.6914,71197843953.0171,55864028846.5531,19877285238.8963
19872424663.5997,32377096837.4182,55560449542.7767,35061802333.5392,26785526636.4897,50700625320.9779,41538003399.6627,51544787058.7153,46698430685.8228,20678782036.374,22486869445.9089,27924030940.4245,42680666492.2702,27229376825.6067,20298197575.4019,34324017938.1471,45170512764.6375,49210681791.2251,33133440033.1814,21880574069.4495,34444057449.2878,36007999265.0579,19921176336.1572,46939573516.291,46414215997.0383,53599650300.7066,68392973689.6914,71197843953.0171,55864028846.5531,19877285238.8963
19872424663.5997,32377096837.4182,55560449542.7767,35061802333.5392,26785526636.4897,50700625320.9779,41538003399.6627,51544787058.7153,46698430685.8228,20678782036.374,22486869445.9089,27924030940.4245,42680666492.2702,27229376825.6067,20298197575.4019,34324017938.1471,45170512764.6375,49210681791.2251,33133440033.1814,21880574069.4495,34444057449.2878,36007999265.0579,19921176336.1572,46939573516.291,46414215997.0383,53599650300.7066,68392973689.6914,71197843953.0171,55864028846.5531,19877285238.8963
18811628599.3138,29754586057.7046,52095173057.1277,31788565018.2893,26382268847.6338,50700625320.9779,38739385030.7256,49814835709.0976,46698430685.8228,18929907019.2983,22441925954.1612,27924030940.4245,40891744400.9939,27229376825.6067,20298197575.4019,34324017938.1471,41900295494.9465,46997367692.6097,30674009341.265,20697764593.6533,34317599656.479,32184687976.4587,19298850070.4519,41682515230.1407,44476201034.892,51290343213.2346,64806330021.889,70631802857.206,54349315522.3056,19877285238.8963
17984706530.4557,28518915081.2959,51077730964.8542,31744373489.1606,23586508683.9057,48266367770.4352,34312977784.1355,45870768059.5194,45509389529.5856,17522611332.2583,19811457741.4676,25954686570.1803,38251189004.5343,26280606349.8346,18580552322.5794,33644151775.8119,39281785762.7797,43377459850.2361,29805808464.625,19230743367.684,30913429245.9499,31422843928.6248,17719201116.8168,41416258177.1185,42021806055.7608,49636909671.6699,62654570288.1044,67753181361.2096,50321989368.5179,18942481720.7896
9637228007.06545,20689584338.5848,41145150076.6594,23800852064.7863,15842263725.8874,39047494707.1391,23897018761.9358,35877979177.1222,34633201480.387,9578469554.43132,14346113799.4341,19680599760.6668,29602384666.9408,20202502404.921,13334100636.8208,24429015029.3656,29398946609.2169,35043187475.3223,23139046902.3714,14798372790.7045,22890192203.7602,21613341941.0862,11575227948.319,30620435885.4899,31990995906.2387,40305257899.8886,51980459323.2942,56188257279.8698,40496883873.168,13869602947.1234
684497965.951433,3280372702.52959,18707760988.2611,4534189232.87568,2029082117.10818,12763915428.6664,3945335591.8314,10252593203.6863,13148904190.9989,521364414.72089,2275326270.08686,4780108907.41936,8698044171.9504,6847968190.54772,1778660229.88806,4063797293.02021,5960918694.55212,6589753441.47126,9895804774.45617,2884992444.45155,6113178777.98871,4219193883.94815,1409390559.80192,13205669847.6867,10822762310.7243,12065369203.2888,18551339804.6978,24749249354.5467,17783602203.8961,2992616961.83776
76740684.7976863,110486482.848268,223612694.557943,162629943.150022,70525180.1562235,167821406.065855,63388530.3837203,122843021.173612,260646688.46354,45374174.6132958,91894392.6696925,67699848.8753755,72710190.1001928,135771780.429303,124904721.996241,162654201.061866,112071292.216492,187046290.481826,166504301.400351,82454948.5378281,68314335.6503785,52714220.8680149,67612978.6539941,184668429.272399,86906877.43364,157636897.531479,155687454.955853,193608006.518499,144185905.107243,59849944.7784648
9053781.72029406,7927899.44406605,1254523.337846,12069763.0434479,7330974.84311604,8414338.99425592,6099206.34611072,10000398.2790244,12463836.7201027,12110587.5172564,9401291.04322847,2205487.74169332,1187240.72248692,10453279.9566798,8415695.70328335,2967922.45526717,7107128.67497997,5351553.04112349,1528711.40893509,8528386.17363876,8238683.29336835,6040224.50678034,2822448.08536751,13089860.9096582,2864958.87507371,2411758.71009285,10875992.7023734,15979553.9630757,6647792.60031681,2735645.39659989
828980.580934766,915842.64359512,598845.906758797,576150.753953272,566131.32085765,624241.509189529,848051.556402495,1916365.98249203,540026.791981156,705426.556010158,1279620.43020827,583732.055355814,178338.225865297,670035.058107314,944144.981607694,1038507.15273398,788786.402466913,397867.360287261,287989.517803325,2093751.78597193,1062322.64513326,673506.708218717,1022296.07591516,1935440.3872823,863441.060010628,444641.394869924,919158.134175695,1749726.87221836,1363809.74721631,625758.865617753
29264.2102473866,22471.7283711714,80661.2839415805,65377.2389920706,47131.3090450572,71824.4781722915,59462.4320335195,90379.1194766559,82546.0800942857,24897.0605997561,47141.6667659875,72375.2583551119,29871.2299631721,49746.2812301352,58805.9217094312,47863.3701111599,59452.9295465208,65042.3520667231,13176.6540245149,75852.4101596615,83375.1297152637,53019.3228288811,27008.4307505756,60964.1768562064,57138.3894469756,15102.4057893971,68131.871136775,61129.0423196724,24546.4205760106,68773.5557295817
473.327999135708,520.161823619947,3182.55587533896,336.63793420375,2299.69211679082,2904.54150797744,607.514271090814,4748.15964398975,4821.8687871867,362.011423789107,1201.29916458215,7880.06470886732,861.231987642555,873.565383834563,2835.76331842376,3135.07367760273,9038.81379912404,977.301660579946,351.865872819758,1143.20950998929,1353.41221408142,138.465570606875,520.035409921893,9805.28721463874,3996.51795036595,398.262016601173,1824.54316165292,1045.22273407475,438.821106071342,2657.49312962424
169.57360339249,147.914567811761,109.075468275589,188.447937999408,191.88849648854,87.8507112546879,193.105907063311,124.197189146795,136.814545323395,191.460096835003,143.9240152054,173.559687487795,240.430431168781,202.563391164555,228.478013365929,77.9058601519118,138.592925548008,165.485619043218,258.78573680402,264.584185416916,113.45941511993,116.919692515843,145.111464553098,195.878513253037,196.836009019924,204.948612756933,141.381466740467,216.751498780857,217.539735774305,194.782657107227
