92610490362.4525,105813414935.008,134788717111.709,107167833687.244,128066663445.155,99894236170.5767,87796342790.0527,93554282728.2935,84885730192.7473,92872464642.7198,68588472790.7969,102388507571.758,100911259281.887,63234651293.068,97345535222.7123,92439443579.9109,54044208906.8497,130642557526.587,68319451058.7069,106773386126.892,135408608571.721,79529963117.823,130303610267.575,99646121654.8152,145914263384.123,97162728996.7398,114572888923.002,113928632669.719,91413140819.1902,151965011068.378
92610490362.4525,105813414935.008,134788717111.709,107167833687.244,128066663445.155,99894236170.5767,87796342790.0527,93554282728.2935,84885730192.7473,92872464642.7198,68588472790.7969,102388507571.758,100911259281.887,63234651293.068,97345535222.7123,92439443579.9109,54044208906.8497,130642557526.587,68319451058.7069,106773386126.892,135408608571.721,79529963117.823,130303610267.575,99646121654.8152,145914263384.123,97162728996.7398,114572888923.002,113928632669.719,91413140819.1902,151965011068.378
92610490362.4525,105813414935.008,134788717111.709,107167833687.244,128066663445.155,99894236170.5767,87796342790.0527,93554282728.2935,84885730192.7473,92872464642.7198,68588472790.7969,102388507571.758,100911259281.887,63234651293.068,97345535222.7123,92439443579.9109,54044208906.8497,130642557526.587,68319451058.7069,106773386126.892,135408608571.721,79529963117.823,130303610267.575,99646121654.8152,145914263384.123,97162728996.7398,114572888923.002,113928632669.719,91413140819.1902,151965011068.378
92610490362.4525,105813414935.008,134788717111.709,107167833687.244,128066663445.155,99894236170.5767,87796342790.0527,93554282728.2935,84885730192.7473,92872464642.7198,68588472790.7969,102388507571.758,100911259281.887,63234651293.068,97345535222.7123,92439443579.9109,54044208906.8497,130642557526.587,68319451058.7069,106773386126.892,135408608571.721,79529963117.823,130303610267.575,99646121654.8152,145914263384.123,97162728996.7398,114572888923.002,113928632669.719,91413140819.1902,151965011068.378
92610490362.4525,105813414935.008,134788717111.709,107167833687.244,128066663445.155,99894236170.5767,87796342790.0527,93554282728.2935,84885730192.7473,92872464642.7198,68588472790.7969,102388507571.758,100911259281.887,63234651293.068,97345535222.7123,92439443579.9109,54044208906.8497,130642557526.587,68319451058.7069,106773386126.892,135408608571.721,79529963117.823,130303610267.575,99646121654.8152,145914263384.123,97162728996.7398,114572888923.002,113928632669.719,91413140819.1902,151965011068.378
92610490362.4525,105813414935.008,134788717111.709,107167833687.244,128066663445.155,99894236170.5767,87796342790.0527,93554282728.2935,84885730192.7473,92872464642.7198,68588472790.7969,102388507571.758,100911259281.887,63234651293.068,97345535222.7123,92439443579.9109,54044208906.8497,130642557526.587,68319451058.7069,106773386126.892,135408608571.721,79529963117.823,130303610267.575,99646121654.8152,145914263384.123,97162728996.7398,114572888923.002,113928632669.719,91413140819.1902,151965011068.378
92610490362.4525,105813414935.008,134788717111.709,107167833687.244,128066663445.155,99894236170.5767,87796342790.0527,93554282728.2935,84885730192.7473,92872464642.7198,68588472790.7969,102388507571.758,100911259281.887,63234651293.068,97345535222.7123,92439443579.9109,54044208906.8497,130642557526.587,68319451058.7069,106773386126.892,135408608571.721,79529963117.823,130303610267.575,99646121654.8152,145914263384.123,97162728996.7398,114572888923.002,113928632669.719,91413140819.1902,151965011068.378
90493461275.2083,98121975054.7638,131068817322.795,101736280255.611,125541055393.175,96275122921.3565,82603584988.0074,85401624407.1552,84885730192.7473,92872464642.7198,65864234343.6524,97920677780.012,95379456545.9939,60932955004.5847,96343239854.9894,89466423354.9999,53903047156.1666,119465738591.87,64601377281.5712,102925751455.284,129328876316.145,70085485851.4906,126426700824.53,93064421648.5546,137746202293.975,94767727235.0059,112598892361.99,111124987660.255,86732112844.2016,141996545188.104
85694550157.5686,95937201079.645,124852359485.579,96839074570.1224,116746873651.169,90587248955.6973,78063377251.6173,83607738840.0012,81106854358.7522,82116252452.9825,63705060966.5366,89465157958.3073,93513556357.8701,56750392404.5577,90978339933.5133,81774678544.7122,48914433348.8769,112666756996.86,55162652939.4717,98444545664.0978,118677662455.868,67289829103.0776,123808485424.043,93064421648.5546,132610344900.628,92853638251.9665,103566852173.478,105232563662.612,79730503136.5849,137883457664.385
63096893910.8382,72520107039.5014,87857014576.9204,68967388118.9849,87886744132.1753,61455842127.9702,53741709158.4428,64710438071.7958,57566430541.8215,57421232905.9646,43826859690.7621,68004467677.4072,67810017858.8333,40117123096.428,68596449810.1836,48485721610.2111,28235424594.9891,91824206512.0981,29664601822.3267,70738704893.3774,84952235898.2537,48728080359.7173,89550312431.8055,76420613714.9292,99207224563.8697,74937914325.7722,73542536264.1388,75428013020.5799,58717751380.688,107364790753.049
7152171873.32961,13936318415.5743,7848252117.5811,5029258306.63809,13209735969.7968,2943137242.20915,2483273202.03127,13158798941.0218,6044414505.35929,2695740449.91856,4596673887.95755,3881606513.0836,8840096491.96277,1897968616.61422,13362287111.314,1599545658.11395,878980413.149106,25992256118.7885,1452248588.5989,7717889373.48825,5070513819.91203,4873047898.11304,12275861280.7296,11192528213.1927,9202672262.25307,13828777418.3472,5440426820.4881,6910500622.21724,9434086844.40242,17567799732.7428
49724219.1310324,66354180.1539657,51811097.5614741,56765758.8020896,65451601.3451194,21109753.8430534,33225748.3633598,25921409.9700423,18473388.4706705,18283830.9079992,31654196.3165467,33108549.8567123,28040246.8758288,16403819.8510759,35170865.5949582,25323794.7101572,19190694.832941,78340746.7781309,40480919.9548067,40266955.9877839,32921146.5188832,43007740.9340819,42030127.3187424,52969199.4097173,70323077.7148071,35379835.4443991,24641106.5638146,40717736.5605701,32636260.9048451,43036919.2762142
6899302.06385545,1795794.18918906,6255274.9737761,5587943.37786331,1785865.27200345,2478131.70232593,2609555.67127633,3769033.74414057,2518788.38064429,2351755.64253047,3382365.97840488,3863592.13976887,1333155.58391752,3189828.68000607,5202318.28538311,5056644.60904236,3234919.16388978,6577388.79870796,4149531.33141434,4647600.18658846,5015165.38599611,6873201.85933605,5953869.391961,3550598.40202861,855799.704818287,4504106.60333326,4513711.11477565,6565315.1901646,6453677.16771141,5537513.86441587
447727.318332035,252385.779651227,468588.708710612,439090.774563273,351323.308221611,168890.794977503,238022.634446291,245047.266509594,281893.572771974,270321.038459657,281293.649232564,605727.605460798,201047.224471418,328154.196436145,719792.662955607,541385.698205566,176967.236656636,354486.028694452,464373.439636721,206781.248760267,329533.765564972,853140.294903306,450040.22078273,552618.934125852,103054.802786696,286038.374869503,418935.508732349,387462.386215072,377704.284684422,340262.713718154
9817.10899813904,6384.87885277023,8607.43055495554,6243.58519505619,8641.35466687943,16918.37613879,3808.60690700152,2603.82872151294,3315.94207660229,17690.5419116085,3876.92455318626,6949.41441639342,4797.41310406761,6525.53200595731,10845.6988500031,6223.50693744712,10753.424878376,3051.93664032861,3004.33712122221,10414.0675879711,4024.85210801004,4615.15226678055,2991.98858318683,6012.16826245114,3296.04388162211,19220.2036910582,5504.98129104779,3810.56625396189,4019.97367734333,13070.4134818085
517.91712725766,402.265597085435,556.275078550522,260.583124305085,430.332175883552,416.323515495862,483.404816224371,552.373010263098,613.561915861911,598.415748244643,718.760195669295,306.516154596818,322.657492346617,336.283426376586,241.043945683311,477.204056905281,295.11112185478,802.22631376476,577.417669521919,420.70788072114,397.021500857646,489.614501543536,538.796507525608,519.339914357121,468.388100523311,393.797116360137,313.147427425831,297.725162061579,483.047723355121,358.756152031065
