7152171873.32961,13936318415.5743,7848252117.5811,5029258306.63809,13209735969.7968,2943137242.20915,2483273202.03127,13158798941.0218,6044414505.35929,2695740449.91856,4596673887.95755,3881606513.0836,8840096491.96277,1897968616.61422,13362287111.314,1599545658.11395,878980413.149106,25992256118.7885,1452248588.5989,7717889373.48825,5070513819.91203,4873047898.11304,12275861280.7296,11192528213.1927,9202672262.25307,13828777418.3472,5440426820.4881,6910500622.21724,9434086844.40242,17567799732.7428
141186605.851585,190787557.752422,140100137.328077,152505367.025383,213160180.840851,87661218.3068658,87830022.2338384,127110462.787115,102606160.665724,72365909.1873377,90560397.862207,87423246.901937,102396079.471426,39560950.3337023,135760241.962477,65328961.327776,49216806.6122944,319398015.571191,84141980.4320204,119207488.84736,133299377.421748,92088904.7789431,182750759.753899,153758187.098908,200729765.754489,123472063.948716,125467548.592355,141831809.334624,137477229.750724,175157514.058914
31615590.1087148,31335298.30934,28884326.2970286,32582405.9736059,30244642.1151415,7910264.97724459,19020253.1633105,11900553.842129,8213041.23572817,8310112.65421192,18306474.6954592,18386283.7720714,7308242.42975122,7114593.43034946,22920372.2932179,15602306.7539348,13760546.6447329,42471556.5175196,23295649.7127594,26326441.27905,18375159.2306469,27740979.4293053,28443134.3095495,24191001.7165691,31574938.4709248,14406111.1770949,12119979.6400718,25378119.1658308,20409210.5059863,19178826.0936446
11702705.8526368,3992569.08194622,11111590.8466956,9141034.39429731,3650906.15492878,3695465.65488885,5001736.40849632,5102432.16190644,3580655.97753681,3795153.54944568,6232042.73706804,6440036.70685028,1531750.53862097,4055068.94689445,8202725.98668554,7689803.45979518,5586814.8758403,11126905.6627607,5679618.39863672,8805723.68883995,8315419.99776586,10725289.4320044,10416371.0137962,6113095.92508402,2595834.21971907,6612132.00863079,5626868.46276151,10736893.5226645,9940980.73162983,8731507.26917895
1951983.51028724,609224.992587957,1924469.79763596,2030517.99325099,808361.071277834,691594.419778686,817978.448102746,1257463.87947858,874854.126151439,812799.487113557,975947.414716034,1437439.05056686,662160.635476907,1274699.37319649,2266389.64623296,1941052.85959832,871090.806800559,2227659.52120868,2392485.75306011,1191698.21883639,1386866.75871581,3311343.21480439,1855417.4258027,1549759.80033604,204317.364903214,1537192.78184529,1934430.7215462,2109063.34476732,1867948.53392829,1743766.94109354
175707.464813999,142610.983910281,196009.143640474,202262.134141935,150172.658627492,122045.558025856,101753.775374108,119264.323823968,168521.477948849,101264.450166185,97131.8119319618,297148.652449625,129128.995427433,138263.921123301,248697.569127767,194494.633485456,63694.1785431087,136034.552148671,158152.828334186,95822.1500347445,152047.663895521,304655.564885571,178038.41743833,200755.875951598,58689.881305772,83931.934349647,151035.068915934,123951.211204827,150350.960574245,111122.33718982
40299.0808537034,18960.9201810925,26942.5156621708,41006.6754960204,26137.550731808,31206.5446509536,29910.8363434523,21058.0991345348,14292.5459722592,31058.7097169027,14726.5933084905,34782.5362554051,29861.0416463056,22122.9939505415,36259.7894847333,28551.9457841681,18266.1560069204,31995.1909060662,24216.3063469496,32205.3871116764,20513.3007580342,20471.7204038424,12942.0617381529,32186.284759787,14272.3066757723,40657.8111077569,25282.2002915438,17983.8534972732,12486.1346363334,36162.9105886437
9561.94011074087,6213.37137251364,8537.325723194,6120.71722690259,8601.29564911164,16773.2303848339,3704.92057228508,2541.97502811892,3289.71086726564,17544.8975979739,3793.14318081133,6770.91296587726,4732.26990176769,6433.96807346091,10647.4425041164,6149.89480032757,10698.7394537637,3017.77922449147,2924.51983249965,10242.7026099744,3899.91348755316,4529.05983199411,2886.12749072286,5833.72228691549,3202.44070888475,18944.6481059152,5227.02524974595,3647.4664205108,3972.39096041568,12963.7602621588
3350.46784677473,3052.6297367096,4335.09823253309,2970.34084970324,3287.52226339249,7716.66563382041,1813.4227747375,870.851976924343,2513.85634593848,9763.31299158549,1264.18416761582,2352.07999883173,2654.90198578049,3317.77526890007,5391.53253753553,3330.41055286438,4761.29764354305,1466.96273966982,1395.58148734061,4270.42845575892,1152.63408534886,1786.93492737116,775.011554105715,1681.83961140763,1199.03350477707,8835.15606785684,1442.86056473162,729.124201872721,1195.03805244907,5351.29976432044
762.825570530048,646.419723353019,787.131649836506,513.961911388633,673.520784138374,706.082394119341,697.970733927866,738.453743752179,780.903502363436,827.992093149295,1176.2342019316,550.575648367444,573.985691792606,536.728836661671,448.372141949301,679.926318591985,526.340272115048,1145.70978787838,828.210013502197,627.108913699461,925.566820164319,722.237502253434,757.353243619169,1002.68900392677,629.372215885371,646.03896182782,867.023802887629,595.284016944443,805.910935944563,540.24393972991
665.107669575182,509.130394507423,713.165681993247,357.217280079728,588.262029869884,615.817119333106,636.601460708427,643.097847278699,749.771744210733,777.117481329701,831.144161267195,468.309063907747,458.56129482528,474.566961118872,414.961054652361,631.106716747771,400.911157078786,966.764411332253,688.084496504125,544.625697662386,518.471897642479,607.921017286732,655.775908981863,689.187054362322,599.332297062154,589.304175313237,414.541720763384,419.222251018966,603.071748259666,502.931058066087
549.292688293259,429.659348487035,592.391322428206,273.430902573381,505.265657988385,456.179976756027,526.936294312563,601.551294315548,664.946722339895,660.037284355544,760.449481579985,354.426327345101,367.287232834081,370.366650736712,305.775568972488,527.506922329816,344.334316255198,863.868657273231,594.964083189571,462.808132479904,448.02026306381,540.215295892465,580.320832549438,546.938094360426,526.220141637662,440.458103594528,328.07003589075,334.016359803397,509.81513398388,432.471213147056
518.983796541177,403.511716047217,557.444352666619,260.763791083584,432.33697829244,417.074730641448,485.519738000829,560.863896453327,614.85470460954,600.261497867228,730.065696977167,307.132945960062,323.583782518876,337.313191413257,245.228095143819,478.715479307455,305.503297609335,803.44715879326,577.671931555573,427.596419728547,404.274456650041,520.475553166416,539.227203249889,520.890450616055,481.151162261242,394.568530800293,314.102457953486,320.878231183976,483.930237758799,370.863920219341
517.91712725766,402.265597085435,556.275078550522,260.583124305085,430.332175883552,416.323515495862,483.404816224371,552.373010263098,613.561915861911,598.415748244643,718.760195669295,306.516154596818,322.657492346617,336.283426376586,241.043945683311,477.204056905281,295.11112185478,802.22631376476,577.417669521919,420.70788072114,397.021500857646,489.614501543536,538.796507525608,519.339914357121,468.388100523311,393.797116360137,313.147427425831,297.725162061579,483.047723355121,358.756152031065
