2388.63120234795,1989.13909739822,2940.27551616847,2744.73668305663,2111.10411791243,2556.78865366339,2688.36939349922,2873.44475195402,2804.95964253364,2701.46939631127,2574.76672442288,3540.32925411605,2671.15890014538,2715.3739709287,2300.61954366686,2882.51519719556,2685.58253939279,2086.40445314142,2109.7976942297,2742.6947447256,2035.03345587437,3238.40724117514,2153.50808738128,2515.51249762877,2980.31190044154,2834.86555751067,2652.61792043586,2477.89668163415,3207.12247792065,2934.34853762975
2169.39029181591,1910.11688668425,2260.65132947048,2380.60428076418,1898.35859783688,2167.66245634862,2395.56673179298,2383.40259478216,2115.1069141894,2477.48752295798,2105.92101211357,2878.24382629112,2120.00765987819,2458.40595937725,2300.61954366686,2372.02427944479,2504.53016788946,1707.83119665221,1804.35263162149,2631.11608280705,1854.57804007834,2888.91060560385,1913.09354411975,2298.53371054669,2615.37019416617,2492.30875103414,2447.73319719461,2076.5658551711,2797.31479400274,2604.64132211602
2116.07809030175,1844.48698621998,2118.94719277058,2282.87777337092,1787.37032320914,2095.52260704497,2302.02365932327,2296.11765325086,2025.485186879,2403.16997753375,2022.24903619014,2566.22532714175,2015.77744506408,2367.01873405374,2034.03529339043,2250.80142693969,2406.29708741946,1535.89367499752,1735.21993902788,2475.22926506925,1726.45548809207,2793.5954241613,1851.10205096829,2217.85489255377,2552.5552061076,2354.29046464468,2332.35486374895,1981.51312089118,2628.29733975778,2517.75203343496
2099.22596337749,1791.88047895604,2049.69900990357,2214.1920771841,1679.96484046046,2059.2118522745,2233.29940998394,2227.71802220772,1941.34885476502,2380.72459852784,1948.12061545561,2421.38191636574,1939.15853359803,2311.8013915829,1943.45654360427,2182.1882959395,2351.97176272632,1459.16147554228,1671.94015389646,2414.39335083386,1637.88487087326,2726.72946977683,1809.50580506764,2199.61082346701,2541.95768216106,2333.27969788398,2249.95134209673,1937.9715582724,2532.58236917804,2448.22009215354
2097.40317522182,1777.99340012796,1987.51798881308,2157.30185876663,1631.88503595718,2047.81763402064,2181.09890492402,2190.17598859857,1896.12323877023,2376.88628994953,1927.32872195647,2346.96613873001,1914.14548250331,2283.02781897097,1888.41422455504,2162.16212309284,2310.54990494662,1409.90658681648,1639.93476302419,2343.97822468083,1609.32769610884,2710.77192408154,1797.29427529712,2186.21138028938,2541.20150354049,2316.0044640607,2180.666313097,1931.79208793641,2469.29011150746,2394.32377340889
2097.39523008409,1775.73589134056,1980.58446728862,2125.53972649258,1626.45744237296,2040.32129729479,2175.43846772756,2189.4218640729,1884.15101637768,2376.21152308699,1927.08707945902,2314.77428834297,1913.09899021024,2282.85648106666,1863.42931948463,2156.88611901675,2302.65466647676,1377.44453497754,1639.26952416838,2304.9990247864,1607.64846986948,2709.96794694073,1797.21647435178,2155.45371679013,2501.75802467047,2230.86081151069,2143.9290075584,1931.69965586209,2456.66591174239,2389.25266871657
2097.37732206985,1774.57375104147,1980.55347855205,2123.10594489838,1626.43260501087,2034.67689762029,2175.43010729535,2189.3870756189,1856.27494260376,2373.4804481937,1927.06420339085,2314.49260725798,1912.45237258737,2282.83175461416,1856.98940311817,2130.28450816968,2302.22355724843,1377.36598565267,1639.11013583781,2299.764786054,1607.25892585297,2709.9087630457,1797.1437246129,2148.94505564095,2392.37708759178,2225.18434864443,2143.81890726644,1931.61419446533,2455.08085202933,2386.46926685106
2097.35749112711,1771.90161540139,1980.22776960775,2104.25841664704,1626.41490179962,2034.22539463672,2175.42290293707,2189.36147901462,1856.02933454767,2370.68340823704,1927.01927934771,2060.0189136808,1912.30294023966,2282.8273219656,1856.42987727133,2128.87977804219,2301.84515578455,1377.18362165995,1639.03782322568,2299.46571827425,1604.99410340775,2709.48880759237,1796.58862755946,2148.88193663904,2378.65224845165,2217.98873660669,2143.73362283196,1931.53309421943,2454.12185020686,2386.44029434025
2097.35611566381,1769.48376243313,1978.4968635866,1476.4326520063,1626.3937960614,1792.17672432339,2175.40011373927,2189.35974065883,1856.02644207071,2368.64576821251,1926.53179048696,1973.62544423955,1912.28101055494,2282.79425113891,1855.52367744026,2002.66572672306,2301.73469731858,1376.64964512474,1639.01436553086,2299.02732670835,1604.74287531892,2709.47438655823,1794.80381458004,2147.94348374794,2378.25875903586,2217.24558287335,2143.71308928369,1928.56005044008,2453.19605183277,1943.78169222551
2097.35432268607,1768.65021334627,1974.17934069607,1457.07133032239,1626.38609056127,1783.01873434228,2175.3204048118,2189.3590325121,1856.02377892635,2368.1379030231,1926.2829397159,1970.93169928434,1912.27619365648,2282.77894241984,1845.8272463045,1698.39658336778,2301.32622466244,1365.61917267758,1639.01325489093,2298.47749724124,1604.4108532405,2201.2568791992,1793.97456057767,2146.54175351669,2377.90793693588,2215.79463302589,2143.70760759665,1925.01713457308,2453.18944390106,1943.65903786654
1445.01956129055,1768.62366983936,1973.13474324778,1457.01031101587,1626.38060607627,1782.95676665148,2175.31976555362,1522.0670500128,1856.0223082304,1734.51872190173,1156.70155204599,1967.58703279294,1912.27501854337,1656.50330446291,1840.81287792827,1698.17020406581,2301.30251671889,1360.15323557691,1368.6807657062,1866.62469468221,1603.89017231142,2062.82835042777,1307.56572967967,1858.46663925588,1451.09537546843,2215.1834938522,2143.70195912767,1924.77119125959,1912.85240263441,1943.31452984708
1442.01602267838,1768.58007572293,1972.99282480743,1456.63690266659,1626.38027383975,1782.91899289336,1764.79698401687,1522.02482892517,1856.02206189205,1729.85116575588,1156.18223090952,1966.593135122,1440.18556046048,1652.90753756561,1840.73899746116,1695.90696847856,1829.43002132389,1360.14955883904,1368.59103741738,1686.33734930018,1600.14491264484,2055.42195060527,1307.48513945093,1858.40273032228,1450.4700101343,1525.16069244904,2127.54731553404,1475.18414405432,1875.35814402516,1809.6672266651
1441.92371531565,1768.57975660117,1972.99242701402,1456.63553014875,1626.38026381086,1492.37299549565,1762.21457875568,1522.00409009737,1535.01720546892,1729.73610113073,1155.83207467562,1966.55868498108,1438.75016586723,1652.61155920754,1840.73899746116,1695.85155019011,1828.51990738067,1360.14955883904,1368.516423905,1685.80771728824,1600.14345976609,2052.89896592099,1307.33854839066,1727.90649525403,1450.24119545527,1522.13432449675,1931.93110368668,1467.71487154544,1874.1095866787,1483.48569650736
1441.92191723427,1571.60941575647,1563.45834731026,1329.26395922821,1618.12525437847,1486.53358135234,1762.17492609681,1522.00383007595,1534.76122063274,1333.7489494066,1087.03512393332,1493.58896024581,1438.74961329866,1652.60599229954,1840.73899746116,1695.85155019011,1158.17285562591,1237.46478769782,1368.45857898877,1477.06988872561,1600.14345976609,1377.00229656314,1307.23503302515,1637.318710412,1450.24112396261,1522.12801235943,1931.91882702009,1467.71469947965,1874.1074871162,1483.46183811522
