37155.4051727704,38135.0808139185,37205.7881640891,41334.5573905551,40750.6595347485,40237.5410595136,38384.2043918878,39868.9318541777,39663.4667659646,38254.3353641805,44652.2010098442,39332.4440219914,37006.2786726429,42410.833684668,35967.9850800592,35990.1342158052,37568.8770783871,36257.1689851884,40424.7006345076,41755.7661283728,37243.1913269042,38112.1568051556,37430.0776790807,39906.8088353004,41286.7633613162,176683.423273671,37208.3285985737,36967.6335208568,37391.487049671,37097.2675966919
37155.4051727704,38135.0808139185,37205.7881640891,41334.5573905551,40750.6595347485,40237.5410595136,38384.2043918878,39868.9318541777,39663.4667659646,38254.3353641805,44652.2010098442,39332.4440219914,37006.2786726429,42410.833684668,35967.9850800592,35990.1342158052,37568.8770783871,36257.1689851884,40424.7006345076,41755.7661283728,37243.1913269042,38112.1568051556,37430.0776790807,39906.8088353004,41286.7633613162,176683.423273671,37208.3285985737,36967.6335208568,37391.487049671,37097.2675966919
37155.4051727704,38135.0808139185,37205.7881640891,41334.5573905551,40750.6595347485,40237.5410595136,38384.2043918878,39868.9318541777,39663.4667659646,38254.3353641805,44652.2010098442,39332.4440219914,37006.2786726429,42410.833684668,35967.9850800592,35990.1342158052,37568.8770783871,36257.1689851884,40424.7006345076,41755.7661283728,37243.1913269042,38112.1568051556,37430.0776790807,39906.8088353004,41286.7633613162,176683.423273671,37208.3285985737,36967.6335208568,37391.487049671,37097.2675966919
37155.4051727704,38135.0808139185,37205.7881640891,41334.5573905551,40750.6595347485,40237.5410595136,38384.2043918878,39868.9318541777,39663.4667659646,38254.3353641805,44652.2010098442,39332.4440219914,37006.2786726429,42410.833684668,35967.9850800592,35990.1342158052,37568.8770783871,36257.1689851884,40424.7006345076,41755.7661283728,37243.1913269042,38112.1568051556,37430.0776790807,39906.8088353004,41286.7633613162,176683.423273671,37208.3285985737,36967.6335208568,37391.487049671,37097.2675966919
37155.4051727704,38135.0808139185,37205.7881640891,41334.5573905551,40750.6595347485,40237.5410595136,38384.2043918878,39868.9318541777,39663.4667659646,38254.3353641805,44652.2010098442,39332.4440219914,37006.2786726429,42410.833684668,35967.9850800592,35990.1342158052,37568.8770783871,36257.1689851884,40424.7006345076,41755.7661283728,37243.1913269042,38112.1568051556,37430.0776790807,39906.8088353004,41286.7633613162,176683.423273671,37208.3285985737,36967.6335208568,37391.487049671,37097.2675966919
37155.4051727704,38135.0808139185,37205.7881640891,41334.5573905551,40750.6595347485,40237.5410595136,38384.2043918878,39868.9318541777,39663.4667659646,38254.3353641805,44652.2010098442,39332.4440219914,37006.2786726429,42410.833684668,35967.9850800592,35990.1342158052,37568.8770783871,36257.1689851884,40424.7006345076,41755.7661283728,37243.1913269042,38112.1568051556,37430.0776790807,39906.8088353004,41286.7633613162,176683.423273671,37208.3285985737,36967.6335208568,37391.487049671,37097.2675966919
37155.4051727704,38135.0808139185,37205.7881640891,41334.5573905551,40750.6595347485,40237.5410595136,38384.2043918878,39868.9318541777,39663.4667659646,38254.3353641805,44652.2010098442,39332.4440219914,37006.2786726429,42410.833684668,35967.9850800592,35990.1342158052,37568.8770783871,36257.1689851884,40424.7006345076,41755.7661283728,37243.1913269042,38112.1568051556,37430.0776790807,39906.8088353004,41286.7633613162,176683.423273671,37208.3285985737,36967.6335208568,37391.487049671,37097.2675966919
37155.4051727704,38135.0808139185,37205.7881640891,39817.965968041,40750.6595347485,40237.5410595136,36785.9447323237,38244.1777971395,39663.4667659646,38254.3353641805,40560.0355232293,39332.4440219914,37006.2786726429,38611.2870687735,35967.9850800592,35990.1342158052,37568.8770783871,36257.1689851884,40424.7006345076,38201.9136914173,37243.1913269042,36303.1491973486,37430.0776790807,38680.2831370128,41286.7633613162,176683.423273671,37208.3285985737,36967.6335208568,37391.487049671,37097.2675966919
37155.4051727704,38135.0808139185,37009.0265734838,38447.1570655219,37700.7010222204,40237.5410595136,36785.9447323237,37272.0943062581,36505.1684805255,36054.894573464,40316.2626973512,39332.4440219914,36293.7253981941,37380.1606016337,35004.6633877205,35990.1342158052,34039.0382240015,36257.1689851884,38735.6834425044,38201.9136914173,34224.3098703561,36060.152541108,37430.0776790807,37638.1683207041,38464.3589595026,176683.423273671,36150.7440800895,36967.6335208568,34346.2026910467,35243.985079417
35557.6927878076,37887.7930813292,34586.6712568732,36084.6084150154,36395.0190820781,36986.0950564058,33915.5748819751,36327.0414244993,35345.2654492467,34095.3475118614,37507.2715411417,36638.5479205438,33901.6851785648,35612.759256151,32797.8577529491,34150.1217014778,34039.0382240015,36257.1689851884,37926.9234410579,36270.1365588966,33487.3729460316,35153.9514658723,36812.5981228342,34650.4545416451,36481.2148691045,39219.5524000977,35981.4134687744,36660.1554803795,34167.085554778,33373.8829772878
29286.2914243078,35390.2249169639,28954.2390277188,29337.2738436035,31508.7782969024,35346.5919100246,26760.4795286631,29193.5362388582,29384.0948736278,30126.8397008277,31396.0256323987,36638.5479205438,28592.8866413616,28792.3254899208,28447.8452101511,29554.6587152906,27847.5990212177,35936.4281719286,35740.7587998485,29287.6962402832,29191.5368198064,28421.0287099314,36235.618578553,30169.6188136467,33157.2533275285,37651.7308256397,30679.1503726533,35783.2641478351,28552.8077344075,27895.336138382
21635.2324207238,30971.9602387628,21062.9233341743,21315.8456863287,22477.9263806914,31704.5090620694,19323.976169975,19290.453189773,20856.9678141769,20607.0714498195,21275.2152452926,31990.2207066246,20077.2768315298,20658.3339949885,19988.6372323516,22281.9760010307,20169.2292810051,32358.8115967164,28446.1073848196,19971.4722596878,21168.6251122974,19984.3889137739,32514.6707165443,21536.9649252695,24878.8056522671,34646.0334648168,22544.9746174511,31877.5188460428,18702.8921052034,19445.1366269759
17801.5663282221,22229.8407231083,18278.9722535218,19576.8051277468,18681.0674924907,23553.1929446812,16893.3329837181,17206.426392319,16629.8245288431,15992.398785976,17493.9068944929,24846.357999048,16923.0169594231,18017.4980124199,15693.5847627313,17398.1235051894,15805.246791142,22503.4372909028,19463.2013847978,17057.796577919,16551.5083350512,16668.8854306173,22209.1796086907,18491.4650883537,21825.7589820802,23678.5151575277,17578.6626484292,24904.3423238273,15139.2208319218,15322.15675597
17591.9952826743,16291.6427050819,18246.2524395191,19574.2665311791,18635.0773421441,18522.2904148633,16871.5441069444,17202.5031973302,16527.9727177572,15908.9864320896,17464.7833676145,16891.1953731529,16901.8100788765,18014.2042573447,15577.8972041877,17257.451426701,15698.1088138278,16405.280099275,17184.8910393429,17051.2299582784,16466.5792532863,16649.2446707656,14244.967781991,18482.0367809025,21796.5848991463,17370.0722464071,17281.8409412717,19001.8760471835,15073.5044772212,15294.1159723321
17590.3672464625,15859.9722530393,18240.4270704629,19566.2482967517,18630.9378068709,18334.8328909722,16866.1445432202,17175.2476450738,16525.9488608751,15906.4527658765,17458.7168128538,15693.2755121104,16897.0799284025,18003.6610980726,15574.7933486258,17252.5428599034,15696.4182480575,15705.3503999464,17180.1038193854,17045.8686144578,16464.8022130624,16641.6809222492,13210.3596721355,18471.9652733772,21794.1075993548,16468.1588462512,17265.486989083,18598.938434311,15070.1781411544,15286.1794177677
17590.2434428989,15859.9654278485,16302.6353112827,17533.0646903087,18630.3154937549,13199.8257002213,16865.5208046388,17173.2785869501,16525.7481980088,15906.14237866,17458.098057308,15692.7090723755,16896.6998982023,18001.9009672863,15574.5420983754,17251.8012324484,15696.1681799365,15705.3173187932,12152.9681483062,17045.1130331824,16464.3211526167,16640.704802602,13210.3136872418,18470.936797857,15996.0758981483,16468.1371069882,17264.4874987932,13561.2403851047,15069.8365851877,15285.3215724873
