10130.4304783908,7655.4753677431,4658.18220680941,4663.56160164153,4791.86463153305,8372.35026308045,4052.33379683189,3917.11704551625,8869.11456347083,4331.13942575564,4878.88132692708,6897.00507535831,8321.24462001507,5151.71883384446,3461.25519811886,4309.49460629943,7436.98043119238,5795.74665197549,4000.79274710594,5792.74913256787,4884.83677891693,3889.91252334968,6005.11693687947,5404.56250901323,4103.55598741579,7765.25541366304,4675.38301744559,4610.26932593936,3729.62943653214,5632.71560685692
10130.4304783908,7655.4753677431,4658.18220680941,4663.56160164153,4791.86463153305,8372.35026308045,4052.33379683189,3917.11704551625,8869.11456347083,4331.13942575564,4878.88132692708,6897.00507535831,8321.24462001507,5151.71883384446,3461.25519811886,4309.49460629943,7436.98043119238,5795.74665197549,4000.79274710594,5792.74913256787,4884.83677891693,3889.91252334968,6005.11693687947,5404.56250901323,4103.55598741579,7765.25541366304,4675.38301744559,4610.26932593936,3729.62943653214,5632.71560685692
10130.4304783908,7655.4753677431,4658.18220680941,4663.56160164153,4791.86463153305,8372.35026308045,4052.33379683189,3917.11704551625,8869.11456347083,4331.13942575564,4878.88132692708,6897.00507535831,8321.24462001507,5151.71883384446,3461.25519811886,4309.49460629943,7436.98043119238,5795.74665197549,4000.79274710594,5792.74913256787,4884.83677891693,3889.91252334968,6005.11693687947,5404.56250901323,4103.55598741579,7765.25541366304,4675.38301744559,4610.26932593936,3729.62943653214,5632.71560685692
10130.4304783908,7655.4753677431,4658.18220680941,4663.56160164153,4791.86463153305,8372.35026308045,4052.33379683189,3917.11704551625,8869.11456347083,4331.13942575564,4878.88132692708,6897.00507535831,8321.24462001507,5151.71883384446,3461.25519811886,4309.49460629943,7436.98043119238,5795.74665197549,4000.79274710594,5792.74913256787,4884.83677891693,3889.91252334968,6005.11693687947,5404.56250901323,4103.55598741579,7765.25541366304,4675.38301744559,4610.26932593936,3729.62943653214,5632.71560685692
10130.4304783908,7655.4753677431,4658.18220680941,4663.56160164153,4791.86463153305,8372.35026308045,4052.33379683189,3917.11704551625,8869.11456347083,4331.13942575564,4878.88132692708,6897.00507535831,8321.24462001507,5151.71883384446,3461.25519811886,4309.49460629943,7436.98043119238,5795.74665197549,4000.79274710594,5792.74913256787,4884.83677891693,3889.91252334968,6005.11693687947,5404.56250901323,4103.55598741579,7765.25541366304,4675.38301744559,4610.26932593936,3729.62943653214,5632.71560685692
10130.4304783908,7655.4753677431,4658.18220680941,4663.56160164153,4791.86463153305,8372.35026308045,4052.33379683189,3917.11704551625,8869.11456347083,4331.13942575564,4878.88132692708,6897.00507535831,8321.24462001507,5151.71883384446,3461.25519811886,4309.49460629943,7436.98043119238,5795.74665197549,4000.79274710594,5792.74913256787,4884.83677891693,3889.91252334968,6005.11693687947,5404.56250901323,4103.55598741579,7765.25541366304,4675.38301744559,4610.26932593936,3729.62943653214,5632.71560685692
9378.08200585207,7501.41155320191,4658.18220680941,4663.56160164153,4707.72334420532,8372.35026308045,4052.33379683189,3917.11704551625,8869.11456347083,3990.36241421865,4878.88132692708,6897.00507535831,8321.24462001507,4756.54748801156,3298.07928484945,4309.49460629943,7127.1735911776,5795.74665197549,4000.79274710594,5455.30338387843,4635.98477829695,3783.93899486518,6005.11693687947,5255.04410120061,4103.55598741579,7765.25541366304,4494.38697798905,4518.19438584681,3729.62943653214,5632.71560685692
9271.76329909513,7064.7463081555,4658.18220680941,4233.1854209101,4567.7199924116,8134.24607722657,3733.48248526254,3896.05177605888,8578.95494661837,3990.36241421865,4878.88132692708,6184.31079486029,8321.24462001507,4756.54748801156,3273.45198869278,4062.5682996932,7127.1735911776,5732.70249613057,3715.03866087128,5260.40930836758,4475.96365422183,3713.2617933056,5636.8958424858,5041.9989525938,3995.51500888139,7715.1923856067,4339.09467163292,4402.88141972115,3680.06986441671,5459.66195719029
8817.43507623104,6501.41768199632,4429.96182194502,4233.1854209101,4346.93783837148,7913.24517423962,3418.40434187285,3503.00140698387,8205.64453248815,3754.50845465892,4878.88132692708,5862.62141923759,7805.54902424219,4515.21464823517,3133.9035292192,3961.21187735373,6906.34640759104,5503.35786857413,3576.25990832913,4924.37069149642,4240.65814860858,3406.93716485386,5487.70181695002,4528.81842511707,3683.938547259,7053.42760365435,3915.40800641622,3960.81382558047,3389.68651525769,4836.88382466867
7635.71379774564,5601.54793757352,3769.8617826435,3756.294058341,3643.16102459254,6582.76009279627,3153.76397663736,3210.60324838246,7051.92737439575,3222.2128112068,4416.441171226,5196.65930202403,6592.93460583798,4092.06253435687,2699.55564996858,3407.91310489931,5867.45069861657,4758.61419541616,3248.52416413227,4263.294026019,3778.20876845251,3138.38218066838,4410.05526296322,3979.9010215464,3259.61857488071,5721.81414722891,3626.85755594571,3525.70374260465,2974.78868632149,4170.54424645742
5811.21181370678,4311.90651195178,3152.4100389259,3009.48361578401,2772.36097972837,5106.06954166457,2427.14957313416,2701.1683745662,5584.40678186995,2712.21076456413,3491.660761515,4197.26187619954,4607.70983521859,3272.78929783893,2354.18974671658,2768.47354968261,4847.31385284373,3473.82891272942,2703.32088191727,3237.87295644177,3149.30207754131,2610.93253302814,3435.52377756627,3258.88824788139,2503.73280818651,4406.29828071395,3099.54056173882,2975.49118658959,2501.01812459046,3176.04319702732
4787.84815410572,3593.19146404347,2620.55876170933,2343.42196268318,2197.60423301709,4191.34943935142,2032.36550157294,2086.7675132218,4666.58286443295,2291.24116067918,2913.29946824906,3462.16143208043,3703.30742331476,2790.88399870077,2007.34426801509,2229.28253410115,4051.14853767589,2695.15662431809,2221.81541469552,2831.63023049818,2864.95995735352,2210.45295446616,2759.74017509285,2773.63234086959,1628.88297143244,3766.08152569017,2745.21878587599,2538.08442364968,2101.43127826963,2764.4931741488
4733.89686494049,3546.6494773188,2576.93967114146,1908.78649681186,2058.75976856335,3984.31728077736,1959.7132484925,1868.56681877041,4563.90822275318,2258.63946935854,2675.99936200244,3389.98178820226,3634.6392117336,2741.71955441598,1975.94873633619,2125.1906955112,3964.84716998612,2461.80619995536,1979.80129216382,2805.56968033884,2822.28360877761,2144.25978883604,2660.43859455118,2724.80664010099,1112.70911714456,3730.84333848399,2711.4115062023,2511.07419068362,2063.54973316144,2754.97972417799
4729.65866828666,3544.48885338833,2576.33402715911,1885.37061897352,2053.70667521296,3979.55145274764,1959.28152792221,1866.36281535808,4549.62008279481,2258.58148885005,2545.04620315399,3389.70512821441,3633.55963087443,2741.06093202123,1975.35335757953,2124.98642217002,3961.07290122935,2459.86515474005,1974.53304387582,2802.73781340675,2822.25925982443,2140.04279413006,2660.2846511099,2721.60148627596,1074.01114254453,3729.62473450303,2707.96045364676,2508.36990674597,2058.83530508379,2751.99986416394
4704.00023114745,2996.68897546582,2576.11517567839,1885.3643851664,2051.34672463245,2121.6910375663,1959.09399414041,1865.4303756694,4544.38231806233,2257.17495047796,2542.55628138338,1867.06943845482,3631.77081812464,2740.17449313793,1958.00939548671,2124.83616949253,3900.41639619027,2459.70666019827,1974.40517454273,2768.58202143452,2820.12832145021,2138.05330900019,2660.14699467884,2718.94528503315,1073.99676901638,3724.79052303757,2684.83760574537,2496.00579712703,2055.89928606919,2745.63101275387
1099.66096363723,1984.44985622059,1036.90448912614,1362.03728287007,1223.16567476632,1149.51515572091,1173.37335044793,1009.16530126711,1238.73938826555,925.887517842159,1249.26092775164,1328.71901550171,1437.63891425646,1254.06241027615,1714.57230376585,1365.06767521183,1436.22880519861,1628.37049439126,1135.04187370204,1487.98263778116,800.600945817325,1569.02756987055,2160.64385454848,1089.20072947627,1073.99675578792,1465.97541318267,1634.81085574143,1240.21223622188,1642.52803463843,1961.26867323016
