9907.0894206142,7043.61771445381,8196.54657191956,9732.95280461863,10962.8027419285,9432.81766787156,8571.30762580508,8064.2530404306,9032.27321875207,7533.42498600591,10129.8914657229,6675.58386348272,10676.1539986357,8088.48925464991,9955.17731149667,4533.13897777418,10543.5094588357,11612.7882289881,8413.77795159986,8940.5322070521,9287.1633507629,6786.62780487539,11536.4269675833,7034.16753178131,9138.19094031303,6258.90205087642,9698.55380085078,9995.39136737089,6878.54157245758,6664.19943810339
8543.9958691465,5930.48462354337,6297.86091777263,7915.11917573327,9170.6950405534,7869.66550602666,6477.79125697211,7137.02865817359,7540.4525481394,6005.205242449,8563.7608321076,5168.50748973644,9142.98376447301,7289.58190497419,8286.24768616339,3726.6051695281,9917.06588668,10068.729257931,7201.20391020331,8131.94165968976,8545.39976595819,5928.06246786097,10143.4227046543,5350.05758955785,8274.35228161316,5526.99080926831,7348.09337082297,7982.47422778899,6418.98337164661,6304.62101293696
7542.1198114289,5162.42924910927,5391.96195110385,7017.59239378393,7668.84082174573,6676.79449360001,5460.81418961939,6237.60979627538,6590.74256943057,5111.52924840326,7757.4766501497,4602.91532806952,8369.49250908327,6771.4053983206,7614.34685488788,3386.47553317572,8531.27769979131,8984.44077456516,6229.27751815358,7203.2162144903,7520.2191908946,5344.69554428914,9154.25772399627,4694.64514516862,7604.63742137233,4956.85876782843,6388.16334039198,6724.60823502527,5893.89179703408,5718.04525679505
6362.19191482721,4545.1256604347,4643.40055337757,5862.43061909163,6344.58896099036,5758.76040114215,4880.44383608397,5477.05588924694,5527.56311033719,4553.88905349913,6264.84003328899,4269.0445930456,7032.62758003818,5628.12712560976,6470.62579548796,3121.57636542947,7410.19066655705,7708.89685634023,5248.96384824094,6302.55241991198,6384.7222607064,4655.94714248791,7721.57613243228,4397.70607843531,6619.3907298332,4233.08124076764,5933.99713736619,5949.80006354691,5207.60295400192,4917.67515552998
5564.06735361502,4330.48772941412,4430.28674617691,5402.11716728871,5273.36800166226,5514.56960024615,4807.83383113765,4514.38149493729,4859.19023837544,4458.68044874284,4937.60659545313,4234.42676227467,5652.83159323642,4505.14736083542,5667.70682927613,3043.87650153857,5825.62213498417,5652.00616490385,4429.78094400175,4868.21444491108,4736.33504097543,4120.54331923163,6056.13616607108,4367.40455408572,5180.19943640387,3600.26986468325,5898.37168271385,5761.99425701859,4226.48404743569,4005.3749096925
5540.96935684286,4329.5603751928,4429.89705979884,5393.15365728252,5170.34104639971,5512.77510490635,4807.8173388227,4276.20334174769,4837.53689678058,4458.65556605446,4639.41219409471,4234.36471587263,5395.49886062597,3851.53800379053,5627.70681292983,3043.72466776566,5131.56038824726,4705.67180956393,4294.39244128979,4259.61112115507,3982.77641185171,4086.94788137585,5452.45552934186,4367.17681816503,4592.64311213535,3494.20704623143,5897.33530412474,5761.82716682809,3792.66919800106,3513.4734681432
5111.26685849814,3080.1148213931,2846.15825892617,4001.22492936527,5170.28651527581,5512.69829602143,4807.33675257008,4275.18499955329,4837.50768185626,4458.34467485191,4638.04601434313,4233.24255607474,5393.46727286662,3820.80094724075,4587.42721366563,3043.56671078275,5105.71833114726,4685.82424142464,4294.31239132407,4241.7387292318,3926.55577255243,4086.93011105772,5440.65768989876,4367.00322009996,4565.9815517177,3493.92651454691,5896.9938425844,5760.53703019181,3769.52208843311,3468.56082800849
4260.75820365551,3042.22797327703,2844.87339697676,3983.25995552408,5170.28640236618,5512.67627770941,4807.22657145248,4275.18148456872,4837.3739685024,4458.25520408252,4638.04174963952,4232.9299723156,5393.45783483187,3820.66839650883,4339.58798682495,3043.41792694524,5105.66326007219,4685.65877386557,4294.31230252572,4241.66638433428,3926.35451840184,4086.92914590888,5440.65503447749,4366.96581940503,4565.51526331623,3493.92234779392,5896.85341876145,3266.00765912705,3769.34798422262,3467.92867704068
4260.11446462919,3041.00341723868,2844.19789448424,3983.19288182461,3915.52757960558,5512.67475336473,4807.19593988255,4275.18145550476,4371.36262089728,4458.24401780343,3425.47773523078,4232.92049162558,4224.8262173312,3820.66752398711,4339.51187866679,3043.32261088598,5105.66261141116,4685.65690288525,3536.0309161397,4241.6656397276,3926.35278359778,4086.51734109466,5440.65494104751,4366.96095851445,4565.49534921522,3493.9175269467,5896.8086033754,3170.22229248438,3769.34740200279,3467.9244243219
3397.44473142706,3040.85080117749,2843.9533438027,3983.15493434651,3910.22645389159,5512.67183017253,4807.19364740805,4275.18145550476,3694.44855436856,4458.23088315379,3320.91249295123,4232.77852803311,4055.88214130735,3820.66751726238,4339.45197371915,3043.30763830444,5105.66257943523,4685.65690288525,3476.89020816596,4241.66561772983,3926.35277464698,4086.51315509929,5440.65489397453,4366.9604211623,4565.49534921522,3493.36390881548,5896.7611041814,3170.08569325671,3769.34738796506,3467.92397415217
3371.04139238095,3040.82186565428,2843.88102629764,3983.13421286016,3910.20995081978,5512.67133081099,4807.1877844458,2847.19340254228,3693.78374437853,4458.22524688074,3320.10526132205,4232.69660477079,4055.53710585575,3820.66751726238,4339.45114307661,3043.30448636161,5105.66257943523,3292.50737512928,3476.69204223574,4241.66561772983,3926.35277464698,3444.43353621417,5440.65489397453,3453.87769224117,4565.49534921522,3493.34065356764,5896.74741825562,3170.04396321801,3769.34738796506,3467.92397415217
3371.03521811061,3040.81918456795,2843.86837931529,3983.13108067292,3910.20543000586,5512.67123396502,4807.18641184812,2768.85016478111,3693.77144217451,4458.22332324849,3320.10523882439,4232.69152963874,4055.53682500898,3820.66751726238,4339.45094850122,3043.3039273134,5105.66257943523,3172.72501053998,3476.69191035584,3315.18532408631,3497.65223876216,3323.90614144867,5440.65489397453,3453.77130276726,2933.35922614383,3493.33970329848,5896.74503181709,3170.03932794972,3769.34738796506,3467.92397415217
3371.02122253946,3040.818996373,2843.86473177797,3983.13078473895,3910.20459189543,4247.61482819612,2775.2001644562,2767.93951274249,3693.76896321176,4458.22292939494,3320.1052368031,4232.67206581525,3142.85515926081,2241.56300397236,2954.33921273946,3043.30383691509,2431.44513875984,3171.90374705382,3476.69187314883,2082.98308086946,1936.21418053749,3323.84691212581,2369.11659289106,3453.76085960621,1951.99205847157,3493.33970329848,5896.74438226803,3170.03904486844,2428.20834465441,3467.92397415217
3371.01940504774,3040.81898418226,2843.86403703384,3983.13077751729,3910.20452804255,3298.45670235746,2716.47151148604,2767.93895655997,3693.76888828301,3365.18559357117,2144.64936977923,3003.93226550101,2116.5311764666,1990.1181599658,2927.57917260923,2614.86178823492,2155.12607092398,3171.90330837698,3476.69187211659,1978.4716721273,1851.36920394548,2451.54234028727,1910.29169693979,3453.75954086904,1867.06365662267,3493.33970329848,3677.60150301212,3170.03902480105,2270.41123452783,2456.94297508013
