2618.91310621253,2501.41626557153,1348.68206059636,6573.97499575489,1443.65966514955,2813.28918144983,3054.91511638071,2278.07436858275,3828.37098291545,3024.81729567962,3557.26247272502,2030.90720194367,2385.66132980071,5852.16480780115,3807.98729253507,2009.22094866278,3003.89666070541,1913.77103143624,4047.44780998767,2858.22251824932,3009.03404971883,2669.69076977865,5493.57754673585,1626.50521650411,4990.32530016006,3232.68156776632,4591.01400709685,2744.9768291205,2266.5419396626,3193.30993361232
2062.47918378187,1739.96088250356,1021.2748101746,4187.0373609336,1220.75918036237,1438.93384439186,1576.73321204136,1494.65073755743,1369.7565109105,1976.3630038116,1986.90937786925,1700.64999779489,1715.92361817839,3259.8011378605,1390.91657114046,1365.46685711836,1887.04182049067,1456.25452777198,2951.28642542312,2017.41327183394,1810.00555927389,1908.68077317351,3046.62656688959,1145.13472053767,2441.20448065333,1904.10318851606,2551.07551054836,1811.00809312112,1698.25670262347,2344.21567057485
1548.21127024471,1199.46489319145,863.434215537371,2102.67482557557,1082.65563982809,879.711895732534,1027.9263788826,1096.32684015142,883.727513723268,1443.21664805512,1303.21860119973,1487.69127505395,1295.37964595289,1551.93679763875,878.567438689535,1105.31247006454,1298.44790183466,1141.50624590083,1893.56803733724,1414.5752290543,1156.38270079376,1440.98693521726,1161.24582998642,945.135004112699,1851.56595564829,1073.25110693414,985.280342378242,1081.31194640918,1353.99996261561,1360.59025775274
1160.14702177168,697.991392980305,686.43567334333,784.310024649388,937.826590504,646.694345220948,760.992333127176,839.855135109817,694.075217959895,1080.67798432086,819.231391418477,1256.08469629487,893.704307607564,823.419981156767,688.60173955228,898.203664892078,883.915450061793,885.412176811373,1022.10380711821,954.276289478983,844.540910148366,999.677091020477,719.374023362625,783.266149822874,533.575139778965,748.8859486921,708.033232617847,790.817660818994,1120.97644729439,937.780712635359
1067.54451003805,501.467545428751,608.441486122948,489.119026086389,907.243403105239,496.769253154137,605.333103804574,712.324405042579,551.693544190713,988.672130398508,595.845468574409,1219.24524079784,680.344899725598,540.395281537968,502.172091551819,852.120976903922,714.532147915741,741.405652685638,618.675197023279,797.826179889528,768.020190472776,868.638379750714,457.556054347392,720.738750039153,223.975377972813,548.713531671097,469.520887978547,616.393846765405,1024.53226406617,630.526398719825
1066.8026801613,469.297558288385,607.326583601653,435.752484685816,907.010452856111,495.509316434834,601.198239479897,711.479870977128,550.634583040716,987.847738865697,590.021829359847,1219.14327295174,675.878918260586,507.871879002563,498.758850171533,852.040043022994,711.977138680497,738.8889342331,598.099216945164,794.124517625094,767.896669925294,868.145625043021,428.991588880735,720.363553878555,201.357721059442,542.306311668995,440.631278248533,613.773116485584,1022.5543682419,592.193735871779
1066.8020913208,469.242921773166,607.326159725452,435.63606423793,907.010432798148,495.50921499702,601.197430531503,711.479831793871,550.634520540459,987.847689496329,590.019261001708,1219.13762779514,675.877509666455,507.767363173347,498.758115727263,852.038019999872,711.976384961054,738.888441488014,598.094030490405,794.123878216921,767.896174776968,868.145611398277,428.886352966556,720.363533209291,200.006869885142,542.304918787043,440.551824264169,613.772403298914,1022.55385962786,592.146936690432
673.009245293898,469.242773348236,607.326159616745,435.635831811316,121.865065708675,495.509214981751,601.197430363725,543.116188595424,550.634520537627,535.444557667997,590.019260221196,1219.13759816503,675.87750935289,507.76721534973,498.758115485803,818.662367611258,711.976384853799,612.230381174498,598.094028429265,794.123878037524,767.896174622824,584.670793790568,428.886059927706,720.363533208367,200.000197188802,542.30491827527,440.551667036944,613.772403166197,734.464737021318,592.146810535027
510.313652617594,469.242772847518,607.326159616745,435.635831190541,100.14370134454,204.029317792924,439.184929688542,537.966844790512,481.713744938725,530.743890022058,590.019260221173,442.812409290811,675.87750935289,507.767214918026,436.814252746314,698.429656463197,455.299320645574,426.101010764266,598.094028428551,475.803308626138,591.147268848073,584.526778894227,428.886059367767,561.230766560575,200.000006684065,542.30491827527,440.551666479689,613.772403166197,507.578766413402,592.14681033757
510.282078464842,469.24277284651,567.903036844539,435.635831189323,100.000835047228,200.002493773874,428.954218396386,537.966548075908,481.615797428763,530.74367912585,558.512795869075,437.855847991779,561.231652464609,507.767214916951,432.421061926188,698.428115195376,445.960370607588,426.044279707811,598.094028428551,470.359579256398,591.07607298491,584.526776201708,428.886059366721,561.189455974504,200.000000191129,452.3754693701,440.551666478208,544.819432482805,507.493314265503,592.14681033757
510.282075058365,469.24277284651,567.105100811278,435.635831189323,100.000007791141,200.000015146776,428.953298036633,537.966548060205,481.615796305267,530.743679116082,446.300243710321,437.855397186576,556.427334719777,507.767214916951,432.420259829522,698.428115168534,445.959062899696,426.044264964446,452.049649331579,470.358869421437,591.076072642355,457.474102269377,428.886059366721,561.189455444349,200.000000140719,452.158306942719,440.551666478208,541.329123728086,507.493299666905,592.14681033757
510.282075058134,469.24277284651,567.105090837718,435.635831189323,100.000000612391,200.000000122345,428.953297930504,483.911040922879,446.922494287017,484.604885659479,446.29465447593,437.855397163202,556.427307609413,507.767214916951,432.420259728273,503.098596940044,445.959062770652,426.044264962898,452.032349103501,470.3588693512,532.040560139499,456.778105212683,428.886059366721,492.317786567819,200.000000140719,452.158292653816,440.551666478208,541.32908113017,507.493299665125,592.14681033757
510.282075058134,469.24277284651,534.104647530439,435.635831189323,100.000000612391,200.000000089839,428.953297930504,455.310255592269,446.922229465936,425.870988137327,446.294654267119,437.855397163202,436.559356051527,507.767214916951,432.420259728273,503.088567272967,445.959062770652,426.044264962898,452.032348462341,470.3588693512,532.03265897311,456.778102261095,428.886059366721,492.31711607277,200.000000140719,452.158292652626,440.551666478208,435.362226155495,507.493299665125,476.695380766751
439.954985998793,469.24277284651,533.89486422575,435.635831189323,100.000000612391,200.000000089839,428.953297930504,455.310242014967,446.922229464591,425.870917450624,446.294654267119,437.855397163202,436.503835683339,507.767214916951,432.420259728273,476.430004804957,445.959062770652,426.044264962898,452.032348462341,470.3588693512,465.676316187059,456.778102261095,428.886059366721,492.317116070394,200.000000140719,452.158292652626,440.551666478208,434.327901785752,507.493299665125,455.84447672899
