15089.0587396779,33295.2917378861,31306.5013832093,11419.9816739293,28749.851279071,15981.3073767133,12320.1857870205,17236.4648866462,9990.45321950179,15162.0715522429,11296.0938511902,22324.9644758605,13058.7805014894,17025.1417155968,24568.7436268226,19018.4858772053,9696.14962226867,16393.0607876976,13919.2388838844,45920.0028303971,6921.122811419,14125.6164919696,12102.3509770735,18853.0073791775,18318.0417618203,12459.8870971409,12625.440140492,19598.1444100076,20591.6250459811,15528.0731239626
7101.09100855574,10783.4126254317,12019.4755600461,6996.95369094249,11758.6181522017,6326.25319104286,6363.255187934,9308.43943530144,7596.59456180011,9979.012656693,5379.12248722664,9037.43352447895,6873.77385723275,8629.1695919406,9629.50049521695,6987.2326094838,5834.1952507509,7828.91079894543,8230.4416250235,13251.1542286895,5366.74670722861,7118.24789340912,5680.69324138896,8471.8698194233,8975.42252399681,6315.75197528298,9373.08971567035,12660.2505866853,13752.6596366222,8908.77355516465
3338.36322135395,6252.80379507399,6186.69230683683,4432.43545369798,4698.35379857976,4608.69191711855,4536.54021054046,6012.73498183232,6053.29069679667,7092.24151129863,3007.83284855072,5919.41319227049,5381.77848927188,5424.4968067202,6372.55872946921,4785.2140120989,4268.36441595227,4980.26303819193,4928.77170737436,6361.09330100227,4917.60069694014,4901.32946627987,3705.74891138852,4884.15730189053,6189.97601466756,4212.57060797014,7134.34064209567,7754.25368422146,9859.73651127923,5063.42176725149
1352.32635065267,3982.43531998453,4233.40271032573,3098.78369625539,2828.73345962138,2880.4871537346,3162.30544815083,1841.08697443575,5240.68690158238,4877.15475219832,1105.63742137141,3991.42644277073,3729.04986574569,3653.75510983681,3694.56222293058,3184.8088354112,2605.7676123856,1446.05977804303,3192.02913209203,2035.93470050334,4697.43452883875,3217.76534973122,2321.6167100143,3287.35557880088,1738.46935331769,2559.17133963891,5384.31122063888,4678.91840154514,5051.45413528731,1831.6661168478
380.098992092267,1869.43348900701,2191.46671059935,2134.73029552193,1273.27487468895,2313.48907628623,2375.90482510274,442.466132201231,5164.9100571031,3101.66804542824,376.321530304348,3349.04433368956,2838.30119064203,2023.45834715653,1990.9899574902,2319.44195795244,2018.30455534293,399.332364988977,1564.82633353208,460.78194934541,4660.74532779711,2424.86400954163,1374.34675103494,1573.77212617585,451.829132929935,1702.20453029098,4907.22500347957,2106.04873654245,2582.68747698494,424.95319599731
301.287364197096,1801.13967573419,2044.97649032659,2128.6122222606,1264.18528877697,2272.81733958407,2350.77896710584,301.964084945091,5164.74750253561,3075.73670896048,301.471155407919,3346.52624964723,2819.42263875319,1948.45547307585,1923.01829165503,2094.46716879397,2002.52499081299,301.758122737908,1554.24146484913,302.413362934193,4340.44146305293,2131.29281477951,1364.38197127005,1550.42784065007,302.442182855648,1693.99736038257,4899.65961434741,1816.14044904377,2065.98373509423,302.169563494273
300.039740885255,1800.26055543772,2044.30955518871,2128.61042339241,1264.18154300618,2272.8151762175,2350.59464749137,300.061407363369,5164.7470771687,3075.73070813003,300.042362884871,3346.52612838898,2819.32792541854,1663.99509377282,1922.99228179364,2078.13193646416,2002.52298217484,300.051879790789,1554.24032234588,300.077399476194,4339.82683628457,2131.23601785305,1364.37462951839,1550.42114847406,300.067707141116,1693.99442416738,4899.6568717235,1815.82098990843,2065.40974278309,300.067261450696
300.001159351696,1800.26027166265,2044.30952406291,777.8288023919,1264.18154281932,2272.81510191706,2350.59463981015,300.001894139918,2098.06416819263,3075.7304689487,300.001208817993,3346.52608650891,2819.32791787525,1663.33527437978,1922.99228123407,2078.1313557354,811.033095431264,300.001853937568,492.169082999324,300.002260753927,4339.8264586579,2131.23601605823,1364.37462914722,1550.42114806292,300.002057806496,1693.99442138072,4899.6568644123,1815.8200273657,2065.40592848692,300.001968046204
300.000041682671,1800.26027159403,2044.30952304899,203.433346927657,316.264723920545,327.464519581395,2350.59463980995,300.000056359317,2077.57251596216,3075.73046893743,300.000048620788,1846.08479730801,2819.32791787448,1663.33507830597,320.268458157102,1306.95086216198,300.916113473632,300.000064190124,300.762429435559,300.000073202086,2797.99674105656,303.214485379398,318.211325150368,314.810410545772,300.000065656366,1693.99442107278,306.558845576109,1815.82002562954,2065.40592264138,300.00006840654
300.000001210984,1800.26027159403,2044.30952285315,200.013338471429,300.075549205476,300.086508552182,224.67039021941,300.000001672524,2077.57248109297,1464.34048240419,300.000001523801,301.325336180347,870.751650206229,1663.33507808893,300.071045990301,203.495122187911,300.005616563,300.000001921705,300.005138130112,300.000002341802,2797.97408458685,300.016709664873,300.084977634665,300.080270743961,300.000002270305,320.951336201565,300.027836635631,1815.82002562787,2065.40592262689,300.0000021139
300.000000950623,1800.26027159403,2044.30952285315,200.000092110897,300.000459938694,300.000238015386,200.064838045246,300.000000957767,303.175711079084,203.08519508657,300.000001019102,300.003571455964,201.803058486179,1663.33507808893,300.00035589988,200.009334459182,300.000035546219,300.000000909945,300.000035848026,300.000000932754,1548.06164844614,300.000097513693,300.000514945912,300.000354631486,300.000000992229,300.039770251799,300.000124959534,1815.82002562787,2065.40592262689,300.000001094373
300.000000950623,301.730876397385,1282.13111310097,200.000003513094,300.000002106623,300.000001077961,200.000212807471,300.000000957767,300.001515559335,200.006932110399,300.000001019102,300.000008973727,200.004609877984,1663.33507808893,300.000001485998,200.000032105282,300.000000863414,300.000000909945,300.000000939517,300.000000932754,1545.36780854279,300.000000866431,300.000002729624,300.000002426853,300.000000992229,300.00011185506,300.000000874545,1815.82002562787,2065.40592262689,300.000001094373
300.000000950623,300.005851290416,1252.87105265497,200.000003513094,300.000000749905,300.00000078973,200.000003655186,300.000000957767,300.00000087143,200.000021867348,300.000001019102,300.00000087027,200.000012915343,557.254703872497,300.000000862209,200.000003769255,300.000000863414,300.000000909945,300.000000939517,300.000000932754,1545.36780763024,300.000000866431,300.000000818189,300.00000086355,300.000000992229,300.00000082767,300.000000874545,1815.82002562787,2065.40592262689,300.000001094373
300.000000950623,300.000021103304,1252.87098419904,200.000003513094,300.000000749905,300.00000078973,200.000003655186,300.000000957767,300.000000789362,200.000003399677,300.000001019102,300.00000087027,200.000002961969,300.415419456909,300.000000862209,200.000003769255,300.000000863414,300.000000909945,300.000000939517,300.000000932754,304.831323136054,300.000000866431,300.000000818189,300.00000086355,300.000000992229,300.00000082767,300.000000874545,1496.22718616021,823.61554289563,300.000001094373
