5526.72686030017,13132.2111041899,6120.20750463793,8410.34876691187,11263.1831716258,4177.41727224803,7131.80046043127,12029.7010199877,9422.81703361631,12322.4547851681,4947.24631921209,6411.51254841797,7682.98834285777,9977.38944869746,5648.27890970715,6392.15620946583,7762.44574025881,5487.87232252688,3933.24051237785,5667.43424668346,6541.16582788919,5222.3495041348,5825.72227726591,8336.0228084242,3986.99490481074,5431.02628209765,11007.4922084868,9812.0416253882,5622.59447963996,12514.5187344687
3074.04888902767,6434.14727829185,3509.21677784628,6270.24044460403,4229.72360696292,2509.745308672,4083.94313634162,5884.55789455017,3667.897187519,8140.24331702956,2701.78876593197,2898.64434775699,4318.37738858023,6572.25618416778,4422.85204404902,3822.23523706913,4981.91389062079,4251.51334593252,2118.55884308569,4309.20921166946,3306.93192942448,3190.10237784844,4864.70718185885,4870.88140426548,2853.32871300963,3884.85615580388,4789.65514527532,3534.85739506372,3059.38095568041,3609.74273279085
2422.06281713149,4245.5076946392,2558.57310121507,5760.06302191237,2608.01549804955,1830.17653955945,3033.65978861988,4234.06125002281,2649.16865772269,5824.81434369232,1969.12736616897,1865.81169198392,3274.91622122081,5214.61567078935,3843.54818558876,2593.48467923079,3513.81150247234,3587.49050830525,1644.10039185813,3796.85260596881,2482.01547599183,2487.32446915417,4427.4530620016,3375.46929073192,2179.80205509832,3066.07818450755,3123.04403600125,2248.88129589136,2267.70275095395,2037.56416256501
1942.84464449245,2590.09870144193,1793.21665205013,5402.92489869228,1649.38446465803,1222.0220259946,2327.26599212378,3089.73729156857,2070.53848126124,3918.74584764243,1400.63235698438,1176.2578974414,2438.38445535226,3182.83765476303,3451.70320209344,1883.56862567178,2340.15076702777,2989.69685336012,1302.22098218573,3383.95457055098,2054.13068338056,1961.724485597,3820.0793972111,1965.24185511002,1815.49824661295,2344.48964671854,1744.62077557417,1491.89992813761,1685.21179120001,1216.82728824712
1763.39444555005,1731.10322334616,1633.15052510019,5302.49426928686,1324.53929767035,1113.71583558863,2210.66154819141,2657.51488204661,1913.30020662315,2714.41020307804,1200.85757784201,1009.80552454407,2242.28470299303,1852.85499298929,3386.48593358371,1703.18862639227,1549.87383804635,2762.27275201032,1250.3913747851,3308.12190369883,1984.26494508819,1862.15655758628,3590.04151181713,1188.65683828736,1767.49029238836,1672.17712321427,1255.35166723587,1330.03066506239,1327.39720475085,1030.1805801595
1757.30691841972,1633.1353447652,1632.7451609449,4570.09870021222,1308.96459280446,1113.25860307605,2208.19043996793,2655.33978184994,1904.15517668773,2661.36570821968,1199.0752606815,1007.80323376516,2134.18321533708,1530.95720085566,3375.33633401218,1702.98226390329,1494.35913211255,2759.77638183038,1248.54067773751,3138.00456890276,1981.95822084452,1856.32552503757,3587.63163420857,1124.20879847778,1763.44398977433,1602.71935055811,1210.58403263983,1328.02205427565,1315.0744360295,1029.44039424013
1736.61867001037,1633.05995338332,1632.22787536067,4569.56517098627,1308.89048934726,1112.68788358748,2205.79031895795,2649.03556787436,1802.1837848794,1413.75585210835,1194.72915902597,994.446476857082,2134.17896201096,1529.17731127806,3369.93422614266,1702.54437369965,1462.54662629614,2758.61125395272,1245.64684193004,3124.21632488709,1965.05868220905,1854.82616263872,847.021384776109,1123.28066178547,1729.93045984263,1568.48522121235,1202.6768002339,1327.27319568197,1309.9760481942,1029.07699510742
1733.35593219688,1600.17060142174,1632.12320898535,4569.51039508911,1308.80401108411,1112.33660756775,2201.8655951122,2437.75699260147,1783.74223057334,824.148161898948,1191.59962697366,994.139601937842,1013.81932759038,1529.17256929633,3299.99563129465,1702.45000490617,1444.77875902159,2758.59423873258,1225.73798354566,3119.7874483914,1962.06239644872,1854.43360611245,821.412277212034,1120.10232409406,1727.50051157019,1567.0737229332,1201.71336914554,1275.84878038701,1308.38339597471,1028.91832334166
1732.97209338731,1087.28747864052,1632.07586074446,4569.51034065746,1308.7603683172,1112.29064614619,2200.80570691071,2435.10207278247,1753.42162439595,794.230960117191,1191.43721585418,993.808425891451,947.918128046265,1529.17249150109,3299.82457586394,1702.39073065966,1412.44868084238,2758.58956283903,1225.30721093095,3118.60182709995,1650.47268829788,1854.20751174687,820.985357924652,1102.10077808951,1727.30837942626,1565.4207987771,1200.17753405667,1244.56317365978,1308.28006834875,1028.84622002024
1732.91413179518,1081.67733384691,1632.04009671875,1138.98788498227,1308.75630405725,1112.27341042168,2192.77909594927,2435.09789618439,1753.29537353607,793.4737311486,1191.41073953811,993.720923083289,947.699345686138,1529.17249150109,3299.80925121209,1702.36025923254,1383.71157092162,1151.70783410211,1225.18867593703,945.543709870717,1642.99653892713,1854.05164069753,820.673717310936,1085.71602672415,1727.29750538156,1517.53982923686,1199.63439193523,1244.5598461249,1308.26422712793,1028.82945593636
1732.8947560878,1079.5594661203,1632.03957938816,1079.15466184253,1308.75596069106,1112.2708628061,1208.47541248838,2435.0953610222,1753.2730029465,793.348812358736,1191.40644686217,993.716711581592,947.450230014278,834.287031030688,3299.80693636721,1702.35113141473,1383.68205172458,1142.15458982782,1225.16771316468,930.114219925978,1640.74474515314,1854.03882574952,820.63899045919,1075.12393834341,1727.29606451881,1517.37862316472,1199.56559353262,1244.55766838297,1308.26073733706,1023.11105430547
1732.89041400455,1079.49556540869,869.185903834632,1079.06181886786,1308.7559075671,1112.27014898186,1192.8090280459,2435.09466537626,1753.27186781196,793.343609943968,1191.403751789,993.715891882455,947.399063492752,754.770256675686,1839.09082524172,1702.34725201571,1319.83672217755,1122.27236045187,1225.16457986286,929.929957245947,1640.50959531518,859.261578039268,820.636080202777,1075.11971599268,1195.60998660478,1517.37862316472,1199.54275540805,1244.55627164857,1308.26035442137,1023.07585058102
1732.88927241159,1079.48411065264,868.380551590854,1078.45163553599,1308.75590000209,1112.27007002055,1192.50635655585,1084.69564123122,1000.01775637695,793.343530351541,1191.40366346894,993.715743268595,947.398476697871,754.44624483473,1713.81323085627,1702.34655782985,862.332633914817,1118.21453870294,1225.1628096148,929.925309551312,823.483550613696,856.935390030721,820.635863119681,1075.11971599268,1192.69538865233,1517.37862316472,1199.53969360858,1244.55615731951,755.327602365035,1023.06810703629
1033.88390547786,1079.48408059172,868.372555415428,1078.45162003098,583.462203549393,1112.27007002055,1192.50315741538,934.318442764142,998.287613265691,793.343530351541,617.249399203004,993.715743268595,947.398467370115,754.445147463012,1713.77402856927,852.430069770011,861.81900728467,1118.21030474412,681.053894039322,929.925207154475,823.356767895093,856.866888358903,820.635863119681,1075.11971599268,1192.6687819928,749.295866192788,753.877256882707,815.935693700401,748.436032498971,1023.06810703629
