88759.8334679978,77153.2172708593,21112.2166899683,64072.2659983272,43059.1975732928,442597.541700056,288396.120996297,2211337.36817534,41487.4288735268,9121130.1432703,19751.4124524977,21077.3150510614,424274.610369522,88104.2105860552,241887.367225234,223365.633604571,88311.3481102301,538105.276385601,363314.791860352,47084.6278278996,5499298.36885887,23225.1143693435,4496207.25890637,358648.916893543,1236075.80279575,2077490.09380464,26644.3166304039,26334.1359200333,19554.7784311689,6670206.71279287
9347.24687756233,8385.5709642864,7177.00733160414,11849.3165327989,9201.82400144644,9360.8571840298,9840.13401402342,19980.0977073587,9539.01000652458,15772.5276734237,8543.3911497301,8278.85423820407,12048.0620283146,9896.92905768547,9942.70621518459,9750.1163441551,10261.0982184398,12010.1332914347,10110.7667588642,8816.03030793619,11924.1658761136,10227.5659739685,30713.0625653799,12265.0197890074,12663.4649902078,11038.2985983707,8558.35227763383,9490.71670670813,8272.49527000211,14061.3660480818
7055.12692071833,6426.70805370464,5664.36356138092,7877.58118196545,6392.83439293218,5922.21581997058,6090.44964245011,10512.5226821064,5935.5809255932,8178.78460756836,6092.66610058383,6171.17331242062,7511.77873420054,5750.14082168847,5627.5981001879,5245.12333322754,6560.55385840786,7515.25497522087,5994.09812838999,5734.48835696854,6093.82062956793,7126.99752205649,11016.2209783342,7587.31266777219,7379.14375111866,6437.85584759381,6007.03137827513,6889.03002048072,6202.60346526951,8283.95488084041
6176.1217802401,5158.2949290564,5090.88166655664,6488.82344493236,5441.66505921507,4994.76044600799,4839.76953087228,6704.9256676657,4935.44919385219,5781.49140796029,4968.88009943294,5770.56800229665,5408.96990637089,4631.5772167836,4330.24381711146,4085.48357250423,5460.32296105049,5621.73477311291,4529.98447090712,4670.823319273,4390.95494530107,5995.91541782945,5646.50441633869,5571.64223137683,5318.90036828298,5183.0936508984,5194.71074367436,6126.98783978217,5291.24271458027,5143.06319107983
5303.30191990876,4868.38876725094,4796.24318341254,5999.03810801025,4748.45778033463,4762.50812346593,4514.35764424149,5507.25247593698,4837.06212440792,5340.86573432,3943.72728379815,5738.59279639026,5129.28704933741,4460.70384904544,4000.86718102008,3648.24143844067,5426.52627768556,5372.73473519412,4134.40094919076,4503.62810420458,3900.60608549092,5605.79885083168,4676.85210587626,5056.00505585366,4816.73864898167,4391.69312392429,4472.20463263631,6122.03022663424,4888.78343803895,4744.5763414633
5118.37964553693,4773.62631927785,4481.78897142286,5589.42204080579,4596.42512468185,4600.15600014839,4291.46518206343,5063.37334516355,4396.95598674671,5243.09716308195,3629.18114976163,5383.35620024341,4761.52394185327,4289.66392482991,3750.97347711802,3501.64649829983,5211.33666702318,4666.51815201403,3981.15504412176,4369.75449602027,3744.47239201232,5468.89657160499,4436.33693218322,4709.59916253551,4654.28141084667,4164.07023087218,4288.11174306404,6041.89946995422,4746.96323555184,4414.09890637278
5000.25983009439,4546.7132292732,4282.78698983127,5400.327012474,4346.86556857756,4439.15116703458,4188.46168483939,5000.39013736086,4137.11493264116,5193.93268064912,3587.88487220797,4783.79707769213,4453.74968602781,3967.23217408721,3674.56068802062,3193.66588444982,5018.65186881477,4495.00846614569,3772.77669922118,4248.42604015582,3464.03044738424,5369.03900208174,3901.87986601853,4481.82427969461,4520.79030694082,4009.92586590923,4224.76468472828,5900.36937593769,4407.18909513871,3903.95104959193
4741.65737667597,4468.73410843873,4239.93953914614,5312.05159656712,4184.87591643732,4317.53513620194,4051.2120401398,4884.42224124037,4027.19793892391,4971.82311634669,3571.18442449216,4640.75151509214,4293.37317526354,3725.81576370035,3631.23735116082,3110.97353103236,4730.92237516171,4375.39867183483,3667.7182047607,4093.46325196383,3250.76879200298,5183.92844829057,3816.46560035008,4332.20188584365,4507.59334822104,3934.33863882716,4078.84676299527,5436.2652832363,4150.85673106382,3522.6702127236
4642.86218485158,4435.69021748201,4187.56854516479,5150.51324729779,4006.04949049068,4237.93387753493,3968.01565800721,4771.41785116639,3975.43359929523,4875.50618676617,3538.94730681698,4498.70023092566,4178.59033472906,3626.97081928295,3567.30939951086,2929.24565429337,4562.62083509092,4301.1576698673,3531.80286736467,3996.72664314176,3219.97021185116,5105.12698938903,3779.48610324056,4273.08045141849,4499.73142326414,3882.21493654938,4068.10013411746,5238.61868097195,4054.55235814169,3459.59445311584
4589.19772702906,4425.07294760045,4091.39033295445,5107.06749495621,4002.25658165163,4213.1596742966,3941.14560113762,4720.60471598273,3880.21872179276,4821.94455101773,3513.65487303398,4397.40245305325,4082.18840723289,3581.5389414358,3496.63338593059,2866.85290504944,4461.40679117026,4232.89287795072,3443.88963336003,3994.28072688171,3175.5002038599,4957.091264348,3753.62527045885,4256.85098736369,4483.36836485415,3860.22645480351,4052.54949849212,5071.38708052328,4010.6561025803,3380.46223770352
4564.93387510765,4425.0137253626,4009.9469963248,5082.19264423001,3963.89835103302,4212.0529844219,3938.12041858263,4693.49004192457,3872.48147915753,4821.80953529358,3475.07932977535,4268.70723362113,3954.94961019637,3561.68025258961,3482.5420791935,2806.37321528669,4422.75967518216,4168.65915719464,3432.15846214732,3983.66767485128,3173.39088587356,4953.17992306803,3747.50808657417,4236.60268041711,4481.88155958983,3844.29876064367,4016.94136499303,4775.84202882121,4003.30299506914,3353.2398881503
4559.46242338004,4424.96978710045,4000.02017892726,5014.38211147985,3960.77664586933,4211.35740627759,3936.9099327181,4669.27037536276,3837.16860112147,4821.20143129223,3442.12325057549,4172.1338309459,3923.28572920396,3542.84258658273,3482.42853120276,2805.58421673661,4417.80898171673,4094.09071040282,3265.55681340614,3971.15744733106,3149.45806254677,4952.3687057377,3746.45245190986,4232.27866231208,4481.34843229645,3840.02940646536,4012.80865389117,4711.41601320062,3965.55663037805,3353.11788706733
4547.68523693813,4424.78793880698,3994.64384016515,5010.53351502811,3909.8988017884,4194.26792931276,3932.22497268325,4667.74025550013,3677.10290839532,4819.62999719752,3438.7712432263,4063.01977372574,3922.34596371534,3507.57704400601,3482.38555749091,2801.99390613752,4386.09449423872,4091.78417255174,3226.63152189572,3965.92450355472,3073.12538927443,4948.20051401121,3745.89956000563,4231.81131732096,4480.03209995763,3837.33959361449,4012.24574217435,4682.14635938198,3937.32421799324,3353.08256730105
4527.06476249147,4424.77538048014,3991.23817457845,5010.09430287115,3892.85702450127,4193.40919582109,3932.03851182379,4667.73998553031,3643.36220774989,4819.62533854338,3422.32852383079,4045.77335889056,3922.3264374553,3507.29218046548,3482.3339179918,2800.07360842059,4299.80170435158,4091.76203411102,3172.89464684122,3964.80701616747,3070.72666135168,4943.04760833841,3745.8960496757,4231.80919045671,4480.02027119096,3820.4142810929,4011.59192323289,4642.15069221255,3929.23130019581,3353.07420888944
