5344023.54109143,1427251509582900736,106852723438912880,985122499.649506,269055517.018856,5513556.52145022,48142447869829776,1184145670271.45,2827886.68319983,122054206257884,278303580049159,29388507.3348845,1963672340957.43,2537045833842952,10427201547717286,524238050421187,4060439378710932,8314861721466310,59265389830723.5,97169483387100128,1135214200431480,830777163391856512,30411788292910.3,1438239439143757312,388102689.29484,68534202730600352,11825344182628758,108189930893779632,1211685816501067,87856929892528.7
5344023.54109143,1427251509582900736,106852723438912880,985122499.649506,269055517.018856,5513556.52145022,48142447869829776,1184145670271.45,2827886.68319983,122054206257884,278303580049159,29388507.3348845,1963672340957.43,2537045833842952,10427201547717286,524238050421187,4060439378710932,8314861721466310,59265389830723.5,97169483387100128,1135214200431480,830777163391856512,30411788292910.3,1438239439143757312,388102689.29484,68534202730600352,11825344182628758,108189930893779632,1211685816501067,87856929892528.7
5344023.54109143,1427251509582900736,106852723438912880,985122499.649506,269055517.018856,5513556.52145022,48142447869829776,1184145670271.45,2827886.68319983,122054206257884,278303580049159,29388507.3348845,1963672340957.43,2537045833842952,10427201547717286,524238050421187,4060439378710932,8314861721466310,59265389830723.5,97169483387100128,1135214200431480,830777163391856512,30411788292910.3,1438239439143757312,388102689.29484,68534202730600352,11825344182628758,108189930893779632,1211685816501067,87856929892528.7
5344023.54109143,1427251509582900736,106852723438912880,985122499.649506,269055517.018856,5513556.52145022,48142447869829776,1184145670271.45,2827886.68319983,122054206257884,278303580049159,29388507.3348845,1963672340957.43,2537045833842952,10427201547717286,524238050421187,4060439378710932,8314861721466310,59265389830723.5,97169483387100128,1135214200431480,830777163391856512,30411788292910.3,1438239439143757312,388102689.29484,68534202730600352,11825344182628758,108189930893779632,1211685816501067,87856929892528.7
5344023.54109143,1427251509582900736,106852723438912880,985122499.649506,269055517.018856,5513556.52145022,48142447869829776,1184145670271.45,2827886.68319983,122054206257884,278303580049159,29388507.3348845,1963672340957.43,2537045833842952,10427201547717286,524238050421187,4060439378710932,8314861721466310,59265389830723.5,97169483387100128,1135214200431480,830777163391856512,30411788292910.3,1438239439143757312,388102689.29484,68534202730600352,11825344182628758,108189930893779632,1211685816501067,87856929892528.7
5344023.54109143,1427251509582900736,106852723438912880,985122499.649506,269055517.018856,5513556.52145022,48142447869829776,1184145670271.45,2827886.68319983,122054206257884,278303580049159,29388507.3348845,1963672340957.43,2537045833842952,10427201547717286,524238050421187,4060439378710932,8314861721466310,59265389830723.5,97169483387100128,1135214200431480,830777163391856512,30411788292910.3,1438239439143757312,388102689.29484,68534202730600352,11825344182628758,108189930893779632,1211685816501067,87856929892528.7
5344023.54109143,1427251509582900736,106852723438912880,985122499.649506,269055517.018856,5513556.52145022,48142447869829776,1184145670271.45,2827886.68319983,122054206257884,278303580049159,29388507.3348845,1963672340957.43,2537045833842952,10427201547717286,524238050421187,4060439378710932,8314861721466310,59265389830723.5,97169483387100128,1135214200431480,830777163391856512,30411788292910.3,1438239439143757312,388102689.29484,68534202730600352,11825344182628758,108189930893779632,1211685816501067,87856929892528.7
5344023.54109143,1427251509582900736,106852723438912880,985122499.649506,269055517.018856,5513556.52145022,48142447869829776,1184145670271.45,2827886.68319983,122054206257884,278303580049159,29388507.3348845,1963672340957.43,2537045833842952,10427201547717286,524238050421187,4060439378710932,8314861721466310,59265389830723.5,97169483387100128,1135214200431480,830777163391856512,30411788292910.3,1438239439143757312,388102689.29484,68534202730600352,11825344182628758,108189930893779632,1211685816501067,87856929892528.7
5344023.54109143,1427251509582900736,106852723438912880,985122499.649506,269055517.018856,5513556.52145022,48142447869829776,1184145670271.45,2827886.68319983,122054206257884,278303580049159,29388507.3348845,1963672340957.43,2537045833842952,10427201547717286,524238050421187,4060439378710932,8314861721466310,59265389830723.5,97169483387100128,1135214200431480,830777163391856512,30411788292910.3,1438239439143757312,388102689.29484,68534202730600352,11825344182628758,108189930893779632,1211685816501067,87856929892528.7
5344023.54109143,1427251509582900736,106852723438912880,985122499.649506,269055517.018856,5513556.52145022,48142447869829776,1184145670271.45,2827886.68319983,2633822734987.25,278303580049159,29388507.3348845,1963672340957.43,2537045833842952,1944737276389634,5104152458855.58,4060439378710932,8314861721466310,25931931737003,54553406953875136,1135214200431480,830777163391856512,30411788292910.3,1438239439143757312,388102689.29484,68534202730600352,11825344182628758,108189930893779632,1211685816501067,87856929892528.7
845715.959721431,840398130011980800,38835917479726896,923287.934740148,12174345.0623658,1323858.84571543,15852782674748658,5809223.25024033,832666.865981892,30533891.1322772,2189041.04385804,2199917.95300695,14874277.0465415,20518490469875.5,75235243562227.9,1387875820.9745,57690637.0007076,8314861721466310,6308162.18229387,48336771785180592,56825768936.602,414438608673726272,745756.552721,1106325742493852032,1569394.28262041,15015996755992982,1117341935951963,79302341681510576,9549202665243.93,1188770440.2816
831449.478435882,206939171951420704,4969705505992769,923287.934740148,1420533.32792789,717928.460003945,417133124.334905,940128.652258293,771587.276795936,883048.755739219,1095098.23422561,760954.747568791,888579.963313704,933825.947118091,1189393.70305825,892934.254733309,981686.737300668,209518446272866,889644.181644721,9361779.92112325,1082160.37593775,80703526057155088,742529.434446875,227829255281560192,695460.727491328,12454408266320.6,829593.157491744,12209799050066762,820212.435400759,1016165.08972028
816811.595050823,1169927.58023178,1214181.93531243,923287.934740148,1128158.65144832,682485.480415568,769357.699566105,921304.147304597,766250.846930495,797615.908632025,1067630.30450511,745006.147200806,870059.792528241,931595.572153945,1100606.32925758,883470.533367287,914206.245549038,827464.650750915,872279.935859323,935509.690856381,918732.037818522,736599.325872733,705568.374296469,1167583.77960696,675790.846585491,853133.795550111,822332.830184957,1004213.84243413,813938.140666092,975667.32423117
816811.595050823,809809.852628503,1210466.91778571,923287.934740148,1128158.65144832,682485.480415568,748296.566683043,921304.147304597,766250.846930495,797615.908632025,1067630.30450511,745006.147200806,870059.792528241,931595.572153945,1100606.32925758,883470.533367287,909939.283041811,827464.650750915,872279.935859323,935509.690856381,918732.037818522,726713.46048337,705568.374296469,842546.231881158,675790.846585491,837872.333841367,822332.830184957,980333.675908954,813938.140666092,975667.32423117
713563.442829154,687530.161880689,871325.352846854,822154.499784141,743087.621582024,682485.480415568,719464.021502468,921304.147304597,639774.565112169,797615.908632025,733465.569303455,745006.147200806,592699.689934937,697062.904002984,792201.662083531,859154.482252562,686917.859841347,827464.650750915,872279.935859323,829413.332596682,745853.410399432,726713.46048337,705568.374296469,842546.231881158,675790.846585491,837872.333841367,822332.830184957,691502.548326472,799359.899725503,853871.669391308
185599.276552727,130695.312462857,132067.106826917,175245.941906505,743087.621582024,682485.480415568,82230.1336335756,729876.53980779,207911.72124202,427.812360823903,93091.7831846689,75053.2170553982,205576.146367464,657568.57615467,740.126877405753,402.694575214809,672818.300678623,176924.493727153,605.535322786323,559.66109151838,625224.463016245,117349.898657717,78724.4321678086,81695.154329174,122269.572061695,138057.944159255,173710.320950121,691502.548326472,174163.297927334,169237.593620509
