204236.979759697,202215.791236964,121074.664000544,92332.4033539868,87650.6409666424,157012.753815337,202886.344750463,185752.968767877,117809.286374179,276294.059477394,355355.439542433,200959.479320847,187189.930575731,212421.695048862,156441.613178924,103063.493843715,175777.398391656,172985.190401102,185470.761756488,137314.732710851,106078.333798716,153869.387423805,164580.7932024,278247.905241653,182302.69762107,93835.3818427974,49560.5178944142,250693.524119977,122243.718869153,158853.758726472
204236.979759697,202215.791236964,121074.664000544,92332.4033539868,87650.6409666424,157012.753815337,202886.344750463,185752.968767877,117809.286374179,276294.059477394,355355.439542433,200959.479320847,187189.930575731,212421.695048862,156441.613178924,103063.493843715,175777.398391656,172985.190401102,185470.761756488,137314.732710851,106078.333798716,153869.387423805,164580.7932024,278247.905241653,182302.69762107,93835.3818427974,49560.5178944142,250693.524119977,122243.718869153,158853.758726472
204236.979759697,202215.791236964,121074.664000544,92332.4033539868,87650.6409666424,157012.753815337,202886.344750463,185752.968767877,117809.286374179,276294.059477394,355355.439542433,200959.479320847,187189.930575731,212421.695048862,156441.613178924,103063.493843715,175777.398391656,172985.190401102,185470.761756488,137314.732710851,106078.333798716,153869.387423805,164580.7932024,278247.905241653,182302.69762107,93835.3818427974,49560.5178944142,250693.524119977,122243.718869153,158853.758726472
204236.979759697,202215.791236964,121074.664000544,92332.4033539868,87650.6409666424,157012.753815337,202886.344750463,185752.968767877,117809.286374179,276294.059477394,355355.439542433,200959.479320847,187189.930575731,212421.695048862,156441.613178924,103063.493843715,175777.398391656,172985.190401102,185470.761756488,137314.732710851,106078.333798716,153869.387423805,164580.7932024,278247.905241653,182302.69762107,93835.3818427974,49560.5178944142,250693.524119977,122243.718869153,158853.758726472
204236.979759697,202215.791236964,121074.664000544,92332.4033539868,87650.6409666424,157012.753815337,202886.344750463,185752.968767877,117809.286374179,276294.059477394,355355.439542433,200959.479320847,187189.930575731,212421.695048862,156441.613178924,103063.493843715,175777.398391656,172985.190401102,185470.761756488,137314.732710851,106078.333798716,153869.387423805,164580.7932024,278247.905241653,182302.69762107,93835.3818427974,49560.5178944142,250693.524119977,122243.718869153,158853.758726472
190897.598165746,202215.791236964,121074.664000544,78755.4028070185,79809.4985260612,148109.00262319,195190.451281946,185752.968767877,109959.287219959,248177.441154977,340114.142115342,176678.730727664,177087.957678991,193787.557131666,147999.448155784,96613.8285600461,169283.266968297,143820.633740717,168514.529907561,135671.768744837,97406.5405010759,153515.618248389,156325.94841824,257163.579977985,182302.69762107,93835.3818427974,48410.9273428484,223250.774313506,122243.718869153,145138.225555168
190897.598165746,180734.291999601,106906.972697848,72862.8041340919,68671.2278028371,131089.900683468,172900.5593304,175436.551283096,99168.6215181463,248177.441154977,340114.142115342,154790.836181756,154863.391702447,175100.91874872,137316.870251384,86465.3434991069,143500.874295955,134656.263675033,157188.721682966,119495.128760227,88285.7746754594,130775.158055886,128723.242796356,239425.884798654,171934.166763191,92069.6012284939,42441.9258674152,210566.061400073,110452.233812456,116730.311355158
162582.576896041,139274.007331136,92703.9219707641,51390.6008389755,45666.7599203931,102124.983636607,111643.680671398,145866.888530357,59536.9635452762,204365.913387554,278030.470668808,116126.3153439,118055.005303664,123425.602733622,108614.610871351,72852.2464047323,98603.568560851,102393.861804952,128039.936171089,95962.865986576,65266.0791082511,105717.883305585,68477.5598472597,163257.396379146,134003.56777168,70537.5906036732,34502.9294405791,166303.308088748,75333.5796995875,89792.6095630701
102499.434922507,55488.6320526231,45190.677088703,24804.3863008478,14153.9343016448,37276.9932737946,40181.5519800049,88717.3728493181,20021.0790547688,135100.146472952,128698.105338555,31454.5387603358,39479.1710244111,37607.4824182054,57971.4625314402,41243.38811628,25988.7811715595,49113.4861990387,66021.4423340687,37111.2201592815,14729.4695854716,40497.5254690141,10388.834518033,45267.6722188841,50640.3315342043,33582.0717161104,18237.4737491451,91555.4596684556,36792.5580768773,23293.1240695643
13306.3082419483,9089.77239162181,8435.45051381707,2444.26532695248,2270.38307076476,1779.22624251985,3973.95671795072,22987.4640837618,1025.08134046717,27654.4315334176,6808.05816202315,3794.38453188109,4563.87407592261,2020.73972159884,8970.39268426597,6361.05140987428,1671.13661448659,7180.17366666973,8475.63669142677,3569.20393104554,1221.14590161743,5330.41587286897,816.227022693409,2917.7166854463,5483.53721565755,4944.04883535217,2551.5473861893,9929.76866429847,2542.82614644861,2650.59650409859
522.123378078519,474.796297021746,658.692843494374,381.276637733569,217.113334289525,240.565140771722,256.532566567613,1159.63598943215,157.219428248149,838.816111831801,755.652900238274,308.532838124832,317.069011656171,252.355539513202,603.277530130888,309.305563610518,144.840372025478,394.116062551058,432.660161620559,289.883945319512,170.087829648202,243.588971657784,134.197369235021,225.407349250945,499.879207048986,361.521057391692,288.393341339111,484.337052637094,233.648153498263,365.752503807879
119.358055034437,125.728203864145,158.620528781972,124.547666480363,103.780153198559,118.340369940785,120.517524458395,131.489585047254,117.536392805452,129.931946197133,115.899847673438,121.738853126702,122.075184209442,120.066432487377,113.627081721176,103.451763868148,63.9149765017237,128.548786237628,121.905368173929,123.45431063194,110.367756386529,117.287452078593,118.145286842596,119.516589673994,123.806330977197,119.012213855847,124.765548153501,117.758025247053,118.460604240784,115.234200913956
92.937475837259,116.120525362977,75.7670944764191,108.543219341127,86.336156668789,115.1955080581,114.890499041453,71.8154000787284,117.083002020209,113.475117110522,97.2060773359086,114.693656641557,117.767129898999,115.737015924585,98.762092971646,93.8939520631001,58.7965281461363,118.50914633855,112.074978743989,114.504083546023,105.353440081921,114.607088021643,116.905549873591,117.781259151651,102.199669994924,99.5729990020225,108.93700318853,98.3269259999865,115.860636127468,100.170989258412
90.3189903052504,100.057176664163,72.0360138494094,87.4686284473813,83.8802332114754,106.348960164985,109.943497786516,30.4986260714799,104.717621404766,106.108996621987,90.6845255886821,97.6066244050544,112.027187786196,107.579287434859,93.4680455875383,89.3077936343959,41.6783783970819,110.537949306028,101.410955832691,110.11216698056,91.2908653369477,107.689270480599,112.126618964248,79.3089041296609,91.9736898119808,90.0932777799707,91.9090319681349,89.0124608728364,109.667179550386,92.6271741653684
85.4388162440726,86.5087004775502,0.068764981775189,62.957380177008,42.7023042258501,86.4827262670292,53.2674979037044,3.9876480250893,83.6965054480438,83.2536982182151,71.7085152662464,89.5193447882777,85.9127936711379,87.2894196851727,87.1938392304838,84.7100678866582,1.0564237792513,86.6602480859887,83.294758653477,86.1791825779385,86.1938892224854,83.3701414061863,67.3779782445897,38.0427761486368,85.9834757676034,83.8937455898899,82.2191714523487,83.3317268002531,51.7870799521562,86.1441566654918
64.1198629277451,64.1221754587664,4.77200501336483e-10,58.5615622786917,5.03177943755873e-10,58.5668722704083,3.52372353518149e-10,3.9866238547184,58.5615597836076,58.5625310433924,64.1245640776779,64.123255103175,58.5682916672666,58.5853102478276,64.1176708383658,58.5645985905171,7.29016846889863e-10,64.118121689471,58.5617933737337,58.5667225930837,58.5615585034857,58.5615581914893,8.10302935860818e-10,3.98662385482777,64.1207362088589,58.5698186888878,64.1195853923825,58.5616134038111,1.02949115898809e-09,58.565762666747
