160.115564333423,154.988225985858,154.008304979198,167.358565593862,125.770528564286,156.433850563087,134.015646598605,136.418915380048,122.427101325558,165.097589313872,117.272068888945,192.971676332846,159.777038374114,124.040949449201,139.487955814088,155.311312739232,130.604734107197,117.49869392875,117.072029581268,171.999093832372,171.76963427964,116.93888567142,153.368371928691,138.561576735731,165.869193404348,172.005408203841,141.854322151811,178.091193638885,130.10016572615,141.619541591435
153.247805363945,140.832570949576,153.548455340127,153.72049835448,106.17245371731,149.927520561948,110.367053791091,114.987635642789,99.2294520920185,159.896244137386,95.100929406163,184.81725937802,155.987569321884,102.036773739348,114.275770110923,145.877232418265,102.541233745286,96.1699329747519,97.3990227425941,167.360123514514,165.35946020251,93.6212930502578,148.552081308712,113.938880092961,157.95192039788,167.511816829523,115.643382679498,175.805712353261,107.305838425447,117.427541219709
141.905980971292,127.60893374998,137.609560966162,134.796882763304,100.776438576379,140.981653620212,101.614443392996,109.675705065585,93.1115484021072,145.430979337086,88.0771084186667,174.564465434984,142.217730892242,96.6223744824438,108.330517506993,133.556038298064,96.3814788314008,90.3985022403997,92.9606937182873,152.398954148242,155.711682116657,88.580504572132,137.087246610379,107.710130558174,143.715405025868,157.586565772015,108.648163090095,159.294160454827,102.056208696935,107.164683683573
122.467295981829,113.978491379094,124.58628075535,114.437631234991,98.3115135591895,121.883225704141,96.3412197290743,106.586137024523,91.5690409535351,132.58415075193,86.0068941600337,151.03465529764,127.627391782773,93.3509873015076,104.796483561469,114.848628447804,93.9601468176729,88.0115998080812,91.0821826562218,133.893389781246,131.835077119195,87.3429599643177,119.199787348922,105.468847204599,129.617291418638,140.007281723891,105.090285117199,136.100886815167,99.564896143668,102.370981006564
101.233187377294,94.7613728372064,103.941450786414,104.270977415409,96.2489566293521,98.2445243045377,94.519765100107,103.277310095516,91.1154974561832,104.850039518403,84.9956092995965,118.724270860614,100.805600490064,90.563663082664,103.420069140668,97.9559466872578,92.0630583959431,86.0152084667416,90.0650038337244,110.159643631477,108.562973831893,87.0139009855,99.4683364974355,103.189512186717,104.63932303966,111.780478255213,102.460641742202,112.542173832269,97.7746040651706,100.585711452299
92.2618193132116,87.0842715666538,97.3368669454577,101.790421520467,95.0538065833504,88.2287110357495,92.6731526200982,99.7934331198826,90.4902994371307,93.6827578182383,83.8318648479624,108.054151341569,93.2295337823831,88.7186948729344,102.384998157462,89.8497328392034,90.8386588514529,83.9828945469322,88.0211525487231,101.093384114371,95.5718187392205,86.4642085880456,90.7383547215379,100.415061439662,95.5501255582693,102.410979621069,100.610787793839,101.73705160294,95.8065889124299,99.2112430520638
90.5403086155666,84.8548277737071,94.6313543438864,100.913712082149,94.2710945731044,87.1639166075811,92.1712804404948,98.9542264597308,89.4529261408931,92.0688535505386,83.4545562421188,106.380579098341,91.8791799397793,88.4077282094067,102.028776502781,88.7534611058004,90.7011977430534,83.2586906062469,86.9637887895476,98.6541413365693,94.4177043203648,86.2327650840272,88.6536959324521,99.3416504921737,93.7221602826686,101.508870842568,100.129876901135,100.538641197856,95.0152675742115,98.954186862386
89.7646948100041,84.5064847080273,93.7249006618763,99.1844574821255,94.0590274396891,86.9931710755106,92.0242446134112,98.8977257487122,89.418553864548,91.9125487104209,83.3013396897369,106.140981591035,91.6653093018926,88.280545349266,101.891544545819,88.5582464937494,90.6473414180684,83.0763740644591,86.5894798016449,97.840112843833,94.3340049642817,85.9310534478321,87.9091070836433,99.1307151988941,93.4563915432614,101.378138248239,100.057876445802,100.314324028693,94.565486032649,98.8933371664339
89.6569486219205,84.4742866362199,93.567089076338,98.9025087677634,93.9772828321352,86.9885735919928,91.9962460794248,98.8775292824373,89.3953944779511,91.9094982881116,83.2583544778637,106.133483485352,91.6577456287151,88.2336509274667,101.686187166802,88.5488773444517,90.6114886613165,83.0505733726668,86.4591580978566,97.790023630838,94.3282009286455,85.903732990384,87.8186450741904,96.7245923601209,93.4478399601411,101.373580154414,99.9807190814579,100.310044421419,94.4611242126639,98.8888381373038
89.6557862861727,84.472011809779,93.5654404066252,98.9012545046378,93.9583616952923,86.9884538866047,91.937140913965,98.8614628780288,89.3893375632539,91.9093675018017,83.2369459928411,106.133085230361,91.6576138192006,88.2194748206053,101.66634826618,88.5483987353533,90.5595558194855,83.0391638429683,86.4169832162196,97.7886227311302,94.3277248341616,85.8741813641233,87.8170050820084,96.1381574028037,93.4476899212747,101.373306126792,99.9749194678731,100.309905468511,94.4472232982049,98.8885183874905
89.6557392973566,84.4718907307885,93.5653986905737,80.342051306711,93.9574025130464,86.9884538866047,91.9268061431213,98.8557738299475,89.387604990709,91.9093675018017,83.2317395071661,106.133063461173,91.6576138192006,88.2175284242034,101.664252555827,88.5483909751413,90.5468300299821,83.0367201872256,86.4132679765783,97.78857255285,94.3277248341616,85.8419887452152,87.8169790742551,95.7578716357551,93.4476899212747,101.373306126792,99.9732209973696,100.309905468511,94.4451035392595,98.8884753112895
89.6557392973566,84.4718907307885,93.5653986905737,79.4158274099316,93.9568820757398,86.9884538866047,91.9266461863837,98.8545993865091,89.3860933774524,91.9093675018017,83.2305226922446,106.133063461173,91.6576138192006,88.217162348396,101.663651792663,88.5483909751413,90.5430149766605,83.0361894594525,86.4123234183502,97.78857255285,94.3277248341616,85.8219070709556,87.8169790742551,95.7267911533105,93.4476899212747,101.373306126792,99.9730112406658,100.309905468511,94.4446040789669,98.8884742630672
89.6557392973566,84.4718907307885,93.5653986905737,79.4141437307831,93.9567872143748,86.9884538866047,91.9266427949141,98.8545529830936,89.3859060359721,91.9093675018017,83.2304016466188,106.133063461173,91.6576138192006,88.2171536106899,101.663633436235,88.5483909751413,90.5415296967313,83.0360761786779,86.4121018780511,97.78857255285,94.3277248341616,85.8101722276215,87.8169790742551,95.7247497332074,93.4476899212747,101.373306126792,99.9730002664767,100.309905468511,94.4445877754417,98.8884738090075
89.6557392973566,84.4718907307885,93.5653986905737,79.4141433338719,93.9567773807652,86.9884538866047,91.9266426841881,98.8545274113435,89.3858962981718,91.9093675018017,83.2303990178061,88.4726481059308,90.1835437904909,88.2171507324496,101.663633020147,88.5483909751413,90.5402637747565,83.0360711421638,86.4120955577589,97.78857255285,94.3277248341616,85.809098559673,87.8169790742551,95.7217071119667,93.4476899212747,91.1998893222217,99.9729990336871,100.309905468511,94.444587613895,98.8884737534223
