1339.26229517121,1254.0277849986,1435.95902235592,1505.90022175747,1868.68897719393,1560.97353106233,1422.3305430388,1666.38102101055,1496.40785620285,1969.95477306972,1566.02558608493,1372.61482378614,1405.67491232572,1556.85325193104,1702.27605917232,1122.75711979652,1630.07331326803,1325.58788962465,1299.4411285284,1518.57242276186,1730.35803821967,1367.55224828688,2184.96124782522,1138.73734879653,1357.84253906706,1529.59187647102,1511.15275854423,1078.66500782855,1422.46640492847,1398.5903631348
1339.26229517121,1254.0277849986,1435.95902235592,1505.90022175747,1868.68897719393,1560.97353106233,1422.3305430388,1666.38102101055,1496.40785620285,1969.95477306972,1566.02558608493,1372.61482378614,1405.67491232572,1556.85325193104,1702.27605917232,1122.75711979652,1630.07331326803,1325.58788962465,1299.4411285284,1518.57242276186,1730.35803821967,1367.55224828688,2184.96124782522,1138.73734879653,1357.84253906706,1529.59187647102,1511.15275854423,1078.66500782855,1422.46640492847,1398.5903631348
1339.26229517121,1254.0277849986,1435.95902235592,1505.90022175747,1868.68897719393,1560.97353106233,1422.3305430388,1666.38102101055,1496.40785620285,1969.95477306972,1566.02558608493,1372.61482378614,1405.67491232572,1556.85325193104,1702.27605917232,1122.75711979652,1630.07331326803,1325.58788962465,1299.4411285284,1518.57242276186,1730.35803821967,1367.55224828688,2184.96124782522,1138.73734879653,1357.84253906706,1529.59187647102,1511.15275854423,1078.66500782855,1422.46640492847,1398.5903631348
1339.26229517121,1254.0277849986,1435.95902235592,1505.90022175747,1868.68897719393,1560.97353106233,1422.3305430388,1666.38102101055,1496.40785620285,1969.95477306972,1566.02558608493,1372.61482378614,1405.67491232572,1556.85325193104,1702.27605917232,1122.75711979652,1630.07331326803,1325.58788962465,1299.4411285284,1518.57242276186,1730.35803821967,1367.55224828688,2184.96124782522,1138.73734879653,1357.84253906706,1529.59187647102,1511.15275854423,1078.66500782855,1422.46640492847,1398.5903631348
1339.26229517121,1254.0277849986,1435.95902235592,1505.90022175747,1868.68897719393,1560.97353106233,1422.3305430388,1666.38102101055,1496.40785620285,1969.95477306972,1566.02558608493,1372.61482378614,1405.67491232572,1556.85325193104,1702.27605917232,1122.75711979652,1630.07331326803,1325.58788962465,1299.4411285284,1518.57242276186,1730.35803821967,1367.55224828688,2184.96124782522,1138.73734879653,1357.84253906706,1529.59187647102,1511.15275854423,1078.66500782855,1422.46640492847,1398.5903631348
1339.26229517121,1254.0277849986,1435.95902235592,1505.90022175747,1868.68897719393,1560.97353106233,1422.3305430388,1666.38102101055,1496.40785620285,1969.95477306972,1566.02558608493,1372.61482378614,1405.67491232572,1556.85325193104,1702.27605917232,1122.75711979652,1630.07331326803,1325.58788962465,1299.4411285284,1518.57242276186,1730.35803821967,1367.55224828688,2184.96124782522,1138.73734879653,1357.84253906706,1529.59187647102,1511.15275854423,1078.66500782855,1422.46640492847,1398.5903631348
1339.26229517121,1254.0277849986,1435.95902235592,1505.90022175747,1868.68897719393,1560.97353106233,1422.3305430388,1666.38102101055,1496.40785620285,1969.95477306972,1566.02558608493,1372.61482378614,1405.67491232572,1556.85325193104,1702.27605917232,1122.75711979652,1630.07331326803,1325.58788962465,1299.4411285284,1518.57242276186,1730.35803821967,1367.55224828688,2184.96124782522,1138.73734879653,1357.84253906706,1529.59187647102,1511.15275854423,1078.66500782855,1422.46640492847,1398.5903631348
1339.26229517121,1218.34268275966,1393.31717234598,1444.0746047268,1849.9680042911,1517.8826771423,1391.99735283755,1650.22858128453,1496.40785620285,1929.77922576884,1561.99015797186,1350.83660563992,1375.36560977286,1512.17474241021,1605.40609919512,1122.75711979652,1614.15782280459,1324.47056198132,1242.19255253569,1486.43001324032,1690.10500118075,1367.55224828688,2173.95591983093,1080.35007751164,1334.24580690573,1479.45097145801,1510.91407631002,1078.66500782855,1410.95616075701,1393.64977430716
1302.81157393554,1214.07360314663,1392.72225288545,1370.72619085038,1815.06151361142,1451.12354874834,1367.68607394849,1593.77550115329,1475.50396789386,1825.77743963158,1514.6317905015,1252.00098602506,1290.38796095245,1512.17474241021,1599.97545104336,1122.75711979652,1549.22190340467,1274.29958902576,1236.92549729915,1480.96674589233,1623.00611955776,1367.55224828688,2079.58159932881,1080.35007751164,1303.12470256531,1433.64839486541,1418.01863358044,1023.4250040339,1410.95616075701,1338.78225550348
1192.99254344214,1105.25296629932,1368.02522716918,1283.04892736298,1716.93841024496,1417.45623109996,1270.1993708917,1540.64727115096,1346.47645501512,1732.58085922624,1434.78710800087,1213.12115067462,1242.54159090825,1410.21736323329,1468.28158754805,1074.72692658835,1440.3378047719,1199.67497243725,1236.92549729915,1415.02097831664,1499.47823934118,1303.32478541472,1940.7721874525,1021.38617105394,1209.72751669771,1350.92247963356,1374.90462538709,989.424538019818,1328.27201588909,1324.75177673672
1069.05558281262,1013.48770726464,1195.8306861775,1130.1336727908,1502.56398547606,1288.33295725404,1116.71044592423,1330.76091838343,1194.0917838304,1515.17487837205,1251.43964623104,1053.54740849938,1108.27916866476,1309.00262258856,1258.53648542193,948.026574144194,1237.05516895454,1108.22171645543,1122.84193825444,1233.88174999029,1321.33387444825,1163.14591954332,1709.55220888422,896.476827935941,1062.54776002763,1180.72808528816,1225.23182541317,883.691889748412,1169.06752520269,1129.05678837752
888.371264182693,860.780025185761,975.255842526855,929.210875812557,1289.82684101728,1062.94958584683,954.368806174236,1100.90833529098,968.58525281534,1286.75818902016,1053.55873444522,906.043486783396,946.251369317994,1091.67428928733,1049.41378050047,780.201025411455,1030.95457568564,920.9706903112,922.467169333747,1073.87025387436,1115.0669637865,990.731063339569,1477.79856303829,728.150249164683,913.651569660689,988.989858375306,1026.22840926467,739.539071287122,1023.77799019823,980.352160603405
836.208804658412,809.411623181554,908.328348820197,863.481914293317,1263.83573086369,978.70338578732,874.93701962208,996.534662875726,895.121583196908,1244.97494724444,1012.47526011953,882.728000295447,915.025139104549,1004.71934727978,1011.28636290195,707.264934671623,976.804717351121,819.565477194882,847.571429088287,996.125339803845,1077.77423492781,955.296554723324,1431.25376513823,643.587001614939,860.251089002305,944.492273231526,956.950836229347,654.600100731833,940.726569043027,943.118777379133
834.753833937475,807.891703479221,906.382745935541,861.616997448954,1263.56181603927,976.030394513514,870.581105153371,993.937755205125,892.45611965625,1244.65115584546,1011.85283777101,882.51330856407,914.350004878426,1000.90146254706,1010.85515058481,704.427083423659,976.020562269185,814.860365031868,843.714990612732,991.955771956754,1077.51849875726,954.147326003584,1430.70331782765,639.751165706571,858.635615227601,943.194191266007,955.140336883155,644.756568497301,937.238609431538,942.202113371955
834.753341933764,807.890779144992,906.382030155539,861.61650411113,1002.90324922628,976.028987424558,870.576623605893,793.169176547428,892.454746680315,884.529600848942,897.499581234046,786.010887817486,796.795577298577,1000.89695660479,838.744843150244,704.422120669062,861.989850935806,814.853434430062,843.709906525223,991.950498606416,774.06644419782,954.146851589526,1097.42329100026,639.746856657339,858.634465298779,943.193734148817,955.139600160488,644.719076890442,937.233924490876,942.201728449735
130.416041770215,313.80447246855,354.769184088356,358.26255180878,638.754669228325,226.875652268729,722.325839431052,179.389407696508,316.183127418429,163.686454603573,630.792636310825,703.423852251108,719.343451792208,149.243455024197,745.210630498797,503.445001801531,112.430416530205,629.801674841742,608.906409378548,638.752534511004,489.514039206966,342.303944019964,730.291763816311,587.018183940226,254.354038334063,710.413556565954,153.223128363822,242.850245482331,682.533601515262,468.695721550249
