14281.7540107296,11034.3363812209,13427.1489771442,6603.75863237126,7213.57416305768,11099.7152550023,3361.07591537705,12049.5203687379,19804.2752819255,7310.46933964918,7164.00578675863,14684.1147406723,2366.78265154665,14945.9963199657,6464.6177749719,14469.0879788569,1776.29074626589,8226.08441517908,13649.1530277798,10327.3279110262,16675.0091674534,4102.62128488031,3567.05315542318,24966.6819075396,11191.8753491256,2274.14516929545,4968.75565800904,6545.27477835949,12485.0157916996,5532.76190113679
14281.7540107296,11034.3363812209,13427.1489771442,6603.75863237126,7213.57416305768,11099.7152550023,3361.07591537705,12049.5203687379,19804.2752819255,7310.46933964918,6074.14188663742,14684.1147406723,2366.78265154665,14945.9963199657,6464.6177749719,14469.0879788569,1776.29074626589,8226.08441517908,13649.1530277798,10327.3279110262,16675.0091674534,4102.62128488031,3567.05315542318,24966.6819075396,11191.8753491256,2274.14516929545,4968.75565800904,6545.27477835949,12485.0157916996,5532.76190113679
11526.8752584785,9947.04994901843,12228.4704566387,6603.75863237126,5400.57136430458,10244.7061652418,2778.51482903403,10055.0803168344,18019.8240843306,6846.33602097299,6074.14188663742,11025.5020536023,1936.31910860233,12911.1549352669,5800.14406695971,12945.8760500996,1620.7926457394,6970.96161320533,13465.0679541969,9745.20903159906,15152.8546606333,3408.38628857273,3384.53121596016,20943.418356025,10553.2551812531,2254.28634568017,4968.75565800904,5344.19885894898,12134.867985257,4745.68790264333
11526.8752584785,8833.81328075308,12228.4704566387,6603.75863237126,5400.57136430458,10244.7061652418,2715.83030565892,10055.0803168344,18019.8240843306,5998.33599754354,5522.84868237831,8828.54275523972,1936.31910860233,12911.1549352669,5575.48085662045,12945.8760500996,1620.7926457394,6433.04098360519,13465.0679541969,9745.20903159906,12955.0199283186,3408.38628857273,3160.33390496617,19040.1631571547,8438.09964723993,1671.51925856516,4968.75565800904,5344.19885894898,12134.867985257,4745.68790264333
7665.53975825142,7845.7878912473,8614.4243179209,6131.55675460207,4315.47414240042,8589.93022945975,2244.75917521072,9419.06811278483,13395.4470531972,5572.74906321391,4180.76497723159,6515.69061612793,1663.06990419269,10986.0049015975,4668.69454408844,9872.93974176082,1234.1054574069,5664.41197181586,11949.6527809679,7914.24111571703,11569.1556846304,2404.90432675477,3026.13138725687,12592.9574267876,7897.06706633377,1377.7616842948,4164.43747712454,4133.68035346688,9016.68000447112,3471.265768183
5316.02600251026,5913.07189839421,7596.76089348052,5719.90776576772,2976.93325747318,5943.50566658487,1793.83887470558,5785.56717462451,10020.4869096593,4577.75994389004,2690.22459735921,3806.85957643019,1382.78169163925,9556.42690516799,3564.52693443471,8610.59273902783,899.490895554493,4057.76172876648,11593.03130469,6422.5221470553,8746.82779977652,1799.05739675312,2413.57567350513,8572.61447764816,4943.45636162923,870.392809444878,2768.34074250068,2987.33637432006,7876.24624898761,2636.01008798452
2332.75773630075,2560.62543299368,3965.06766622226,3814.28847508593,2059.40665213219,2772.91764803279,904.848140419532,3891.92076497123,3697.71789361525,1929.09432898121,1180.62072592758,1501.95226984161,719.452332971418,5334.73176795077,2150.09183355681,4964.82996928437,627.931471030682,2123.46047184739,7850.45655906924,4080.70138034252,5804.38303969436,1127.76716220844,1565.13323662408,3793.5198883338,2107.46689836627,526.435149039011,1612.10789324046,1390.01238479477,4031.53898348395,1412.5879309753
711.311646616291,689.138208665152,766.464719427282,1812.67434092578,869.720661328945,864.530696216059,585.590370274838,600.413209968896,803.060924004385,847.416588394992,1010.493390104,1149.84029369988,519.283608380591,1880.05136889747,1000.90996974441,1455.32482065026,476.887222315926,687.800063531237,2900.99982734725,1067.25992630713,1914.42765993488,596.954600080849,676.999630902172,632.702027199113,1164.29488561263,479.133391942355,1350.6727386039,590.176559404996,1173.03544264719,565.008922080976
463.053235391707,478.146922950448,498.278965361113,741.531501113323,477.936498409248,499.977237987669,454.371350724596,491.646679847178,474.472898293092,510.576657943401,523.515180921532,771.049383542429,463.416189195577,522.432507543317,500.085780513096,547.275539765154,456.407561833069,497.826365923099,866.183172928599,514.282390301804,790.554800744881,469.498844535915,476.191929609726,466.5484274876,566.152652361349,457.784971123063,933.483600609014,485.773161251093,580.511546933832,449.810995091145
449.485699676231,446.334127611357,452.196122510391,470.094883152687,450.096101947148,461.563610816092,449.098873470254,447.494892191641,450.13163402083,448.438030931718,457.293711812663,464.189791339893,445.732726774362,427.097469726587,454.204042842246,454.090164190092,449.280202649221,453.527166308459,476.718974178213,450.065446527062,450.695418094943,447.786913744219,450.318610508035,447.782656943589,452.152773907931,446.911609900383,535.394187247342,448.002699926597,452.858185620502,408.102939825925
444.168738354401,443.744764449326,445.187626869671,401.993734747232,446.318503035806,448.629609711686,445.126790701074,400.24648511321,444.534205377458,443.74525848884,448.378109756756,444.531661590216,444.109164624621,400.864293986934,398.84178582675,445.716713329393,446.328897021746,444.201747568206,405.079514323448,444.739585088416,446.524378990292,444.823760530148,446.437196324276,444.130139958123,447.05754458403,446.061482600347,340.610955287781,444.399310266917,444.227188668646,399.921832554501
443.405807043611,443.389718014862,443.75260592738,397.914704261528,444.593168539336,444.025168358185,443.423583193593,397.825841645873,443.466857344372,443.442182870862,446.494351623342,443.408460006465,443.458445885797,397.898611684884,397.793099525365,443.516235319844,445.863884995596,443.442666401896,397.862410474996,443.427060719036,443.704161476445,443.695445404451,445.822284414164,443.45239881583,445.909834410337,445.859932981266,304.11032639375,443.402508759481,443.407988240886,399.588161828918
443.394415175156,443.380658378105,443.417081848666,397.745781175931,444.570360727579,443.365477374118,443.400423603175,397.742908987917,443.387716261757,443.44012305074,446.460337585957,443.394249949815,443.440124906075,397.757358508301,397.762447884316,443.430939288274,445.858185282868,443.399993536512,397.745733996525,443.412951461699,443.400009853765,443.685135691856,445.801969026783,443.437020031259,445.803259469176,445.859843357967,300.08654891713,443.372243477118,443.384959199326,399.584968080109
443.394414253311,283.728463016002,443.416813301129,397.745671050478,444.570359843108,443.36511302881,438.454593385372,397.742869093109,443.387711460607,398.806733585227,443.859793000477,404.319347515103,443.440123014736,397.7572313235,296.868532018024,443.430931188805,445.858184847174,401.069869648537,397.745671050077,443.41295008633,443.399992811689,443.685135481122,444.198437901633,443.43701926301,399.497510942983,399.590731055854,300.000137040323,443.372240959479,443.384957383791,399.584967816534
397.742870480003,100.007779180152,443.41681330111,397.745671049548,397.745672628072,443.36511302858,398.031960715871,397.742869093109,397.752841497074,398.008989334034,398.303916557986,397.742869093356,300.172173943894,397.757231322917,100.008810032915,397.790677544062,443.389061392788,397.742869092975,397.745671049543,397.750943435163,443.399992811689,397.742870593075,443.333908672976,398.047744675963,397.745671049659,399.584967816489,300.000003535406,397.77999765908,397.755653928769,398.036447293729
397.74286909296,100.006068400191,398.008989334031,397.745671049548,397.745671049576,397.742869092922,100.009195664388,100.004074113059,397.742869092923,397.742869092941,398.00898933405,397.742869092942,300.000002468733,397.757231322917,100.006275493226,397.742869092963,398.49392677072,397.742869092927,397.745671049543,397.742869092926,300.011245303255,397.742869092954,398.008989334065,397.742869094144,397.745671049542,398.008989334031,300.000003535406,397.742869092947,397.742869092935,107.974553881033
