1706.96128403431,2802.76980752023,2164.72082355171,2670.73744113982,1981.78414511284,2909.53272964904,3135.01335884281,2517.18209074473,2400.63434849553,3035.2072134214,2872.94005844225,3055.64854859519,1303.14153479095,2441.95643219828,2608.94118104848,2878.17588705064,2384.38129423854,3082.86318128069,2197.03670617934,3049.52614730173,2321.81390005998,974.591174024265,2684.6773238597,1892.90371453513,2432.75829575892,1832.80690400892,2149.09455655673,2613.16852124342,2171.30061298583,2522.15899437504
460.34957604325,2520.05328696328,1833.9581538529,1915.51185869601,1981.78414511284,2410.95667361552,2593.29713114973,2494.28482301638,2215.11907585246,2713.72600888011,2168.13872920211,2436.34722630906,446.142399199116,2137.08864240931,1886.11844243697,512.087184852949,1826.5226010988,1114.54644181645,1984.25907639742,2906.47301475205,2051.70258046093,373.161742175997,2111.12654144503,901.332569518764,2115.92461331544,881.127783345725,1797.13513767669,1010.19619738342,1781.02227313486,1932.99482253875
219.921604511094,2285.15155125584,1608.80287345383,1518.4367782959,1819.33218515694,2313.28406415543,2549.72719030192,2352.61618757006,2057.0421197314,2329.94985706554,1009.02900240325,1305.57294581225,176.625563366284,1954.01279685202,1659.45143634497,246.281092549867,1577.1308983039,438.823893629845,1631.10654879439,2453.4690784171,1820.72776565965,201.987901701213,2053.66343166358,188.265009881651,1931.40729597157,881.127783345725,1685.21530643115,356.145743413772,1322.9405388267,1797.16962994546
133.327189250736,2265.57259582138,1510.37505681163,1399.0835579303,1746.77816296819,2288.03957595911,2445.6598101571,2296.7420614139,1996.54592986102,1988.65565169402,216.888137011836,340.895717392195,118.784266803267,1850.97808820674,1586.40807315494,129.931632058917,1501.2110050054,159.34242558526,1411.06902621665,2400.96697401616,1755.85953835298,129.60010937158,1975.87751811091,140.603090097295,1874.10598767332,779.967528657547,1585.74168080879,147.735305933587,1272.45116448968,1655.42080290732
110.038270157347,2259.11336882662,1498.9858134805,1388.49573750133,1737.54689032493,2282.10642320015,2430.890686958,2290.40496044327,1986.20397678612,1868.00681030875,111.269707224307,111.8771173209,109.085210930027,1845.05948486562,1572.14032716499,109.902976169591,1492.43497131828,111.488937184301,1379.76615323134,2368.91003935287,1748.82522035652,110.194850727893,1953.44902353422,110.384857090681,1873.69934313796,737.122364142786,1577.02150348084,110.36980520306,1253.67659864424,1631.67163529898
100.011406497786,2259.07776450696,1498.94371484312,1388.47759075002,1737.39524666658,2282.09645630288,2430.70997389281,2290.3861277774,1986.13590520626,1867.37128774697,100.028082791934,100.104115244294,100.354584992237,1844.993499211,1571.99991930597,100.045894473175,1492.39859034621,100.018081984508,1378.47458206469,2368.80608940183,1748.78916675964,100.013373853679,1948.5076003173,100.016893984739,1870.21627304691,735.175986032436,1576.92678822025,100.046529345026,1253.54327391346,1630.84957800677
100.000042611979,2259.07776433145,1498.93753569493,1388.47759070032,1737.37868312902,2095.14401100434,2430.68636857777,1816.23971763861,1986.13590380978,1867.37126396197,100.00008677387,100.00016206258,100.346110876762,1844.98522756935,1571.9999178325,100.000047842285,300.392637032754,100.000083195723,1378.4629265533,2368.80608440932,1748.78916645327,100.000039646566,1947.90698796825,100.000060052866,1867.58683697534,735.175098320825,1576.9267818568,100.000117183741,1253.54327081575,1630.83301504883
100.000000574832,2108.77401411827,108.507486115909,106.61789847444,1369.56855302981,2069.84999443302,2016.28406476551,1811.87373752599,1625.80033341806,1867.37126396018,100.000001280262,100.000001398458,100.346105239614,1197.01984642057,180.580173069072,100.000000946618,100.799064021548,100.000000718924,1378.46083374973,107.813939677291,110.391613744812,100.000000917725,1947.89369118757,100.000000579006,1867.58171410047,735.175098245925,1576.92678185661,100.00000094755,125.7709780859,131.025207982304
100.000000027617,126.511163387212,100.000864884741,100.000156985582,1369.55585278839,111.203126150675,1427.4676187123,1811.87370934783,1536.0100721237,1867.37126396018,100.000000019598,100.000000027498,100.34610523825,1196.52045776244,100.098070560266,100.000000025059,100.000122297353,100.000000019945,1378.4607083136,100.000572318037,100.001507041512,100.000000021693,1485.66797908394,100.000000018059,109.273350702486,735.17509824591,1576.92678185661,100.000000020041,100.049290621586,100.029750788601
100.000000027617,100.004580283744,100.000001665227,100.000000079103,105.825490348222,100.000666891956,1422.84009295181,114.697230870926,1536.00763658903,100.312857982829,100.000000019598,100.000000027498,100.34610523825,1196.52044526895,100.00004554664,100.000000025059,100.000000429304,100.000000019945,1378.4607083136,100.000001289191,100.000002163609,100.000000021693,1485.66688559982,100.000000018059,100.00015991742,735.17509824591,1383.27203738391,100.000000020041,100.000020275155,100.000015879168
100.000000027617,100.000002565136,100.00000001537,16.1041085619531,100.000049660986,100.000000271919,1422.84008435114,100.001362024744,104.252925851768,100.000030249868,100.000000019598,100.000000027498,100.34610523825,1196.52044526895,100.00000008769,100.000000025059,100.000000018929,100.000000019945,1378.4607083136,100.000000016933,100.000000012212,100.000000021693,100.006424864525,100.000000018059,100.000000188002,735.17509824591,1383.27148699178,100.000000020041,100.000000058553,100.000000029384
100.000000027617,100.00000002028,100.00000001537,16.0948789281183,100.000000021287,100.000000017319,1422.84008435114,100.000000382072,100.000044441491,100.000000037604,100.000000019598,100.000000027498,100.34610523825,1196.52044526895,100.000000018665,100.000000025059,100.000000018929,100.000000019945,1378.4607083136,100.000000016933,100.000000012212,100.000000021693,100.000000292451,100.000000018059,100.000000015541,735.17509824591,282.729904676955,100.000000020041,100.000000020442,100.000000020123
100.000000027617,100.00000002028,100.00000001537,16.094878927468,100.000000017926,11.5667995193598,100.005839791274,100.000000017527,100.000000018272,100.000000017815,100.000000019598,100.000000027498,100.34610523825,18.0300657154703,100.000000018665,100.000000025059,100.000000018929,100.000000019945,1378.4607083136,100.000000016933,100.000000012212,100.000000021693,100.000000017152,100.000000018059,100.000000015541,735.17509824591,100.003626492869,100.000000020041,100.000000020442,100.000000020123
100.000000027617,100.00000002028,100.00000001537,16.094878927468,100.000000017926,11.563056908567,100.000000124427,100.000000017527,100.000000016121,100.000000017815,100.000000019598,100.000000027498,100.34610523825,18.0300009570601,100.000000018665,100.000000025059,100.000000018929,100.000000019945,100.067142811798,100.000000016933,100.000000012212,100.000000021693,100.000000017152,100.000000018059,100.000000015541,100.18403493074,100.000000437732,100.000000020041,100.000000020442,100.000000020123
