962.32807347578,774.915466461531,2121.61773238867,4574.45467512827,2035.71315248543,2871.32871776622,1109.08172162246,1503.57368209209,818.402892501636,6895.65509317175,6167.11407584149,340.598164771157,1990.32891748264,2209.97517637198,1107.44380058598,2931.97935001903,2856.11571100645,1867.38950046497,4272.93621651034,2380.40800171506,6944.98447418006,994.217082571665,3492.25110999011,4108.56736398115,5298.69422022887,1461.80093345105,1245.16882683182,2057.24655709281,2320.81272345471,134.867277942898
235.136774766406,335.184909740081,868.239330038808,2479.60195849922,1080.25160114292,1913.45745354313,646.603797352546,689.591725354501,359.962138609974,5709.04932704641,4279.17652438549,340.598164771157,1185.5584650123,1513.95381401339,659.016826678562,864.940953428786,878.006522785884,963.550926431827,1865.36317247728,1522.62902115944,5895.67307230493,446.54669184207,1218.10515141157,1979.7908317901,3240.0112303638,905.265159425457,684.537537673446,875.171393253107,1347.04132663241,134.867277942898
235.136774766406,179.890342012756,412.079739949327,1070.0964549664,171.60731005762,776.260802344528,415.383956556255,689.591725354501,275.680941769399,3355.58423105035,2223.95117835112,340.598164771157,781.027008761554,545.365871199838,287.895410083292,864.940953428786,878.006522785884,963.550926431827,1083.49757677614,1408.00993460264,5895.67307230493,320.808737803983,1218.10515141157,1120.65874939767,661.484678618141,851.777359233801,456.213500039219,316.116026393664,446.045292914414,114.744757122486
208.591325717767,179.890342012756,412.079739949327,1070.0964549664,171.60731005762,268.899428085383,166.972133923568,134.915398093877,242.343495868087,1969.10354067436,806.648728078238,182.5102539443,208.727484501087,508.424315195414,171.712119576058,864.940953428786,206.708047257086,230.300838356742,1038.31501256902,652.578635543951,3114.89532668838,264.200121820761,395.687563001923,569.005650631921,661.484678618141,315.689044813507,456.213500039219,316.116026393664,333.754845900135,91.5058033475707
78.7881013020929,179.890342012756,115.969971056475,136.438858792939,133.044893102961,268.899428085383,80.7307105492268,73.7481148977272,80.2692905448007,679.965564249582,157.570608088512,99.7009415017974,105.146908239943,276.954137638122,120.086648346095,125.07101420077,89.729596369139,125.53155071472,293.418289216043,127.419280766143,1033.79107308864,69.0175678086193,127.932275528407,211.702278307893,144.727616891618,93.3445900371835,236.001372221601,90.2910766049481,221.634675110324,80.243010828503
57.7444838117885,138.398234529472,63.2421455679769,120.31210844447,61.4359178088471,88.9579913395078,55.5044020937771,55.7178443068842,52.0463433807304,679.965564249582,89.7992672978803,64.8738063132514,87.8487854109467,82.2962142997253,59.8396371249255,60.3281784319101,58.9173925994096,65.5668893717179,97.9496616119077,64.6981704189998,751.187213392022,52.5395035005749,82.3616342496439,75.1683791786891,84.7795862587573,71.7995100149824,121.02814373401,62.8439272392525,221.634675110324,51.7158196959626
50.4290966785929,97.640007747415,50.5538030546559,98.4543074307185,50.4221255982507,54.2551660818408,51.2533471604979,50.7988728057144,51.1525810547982,132.59849154381,51.9021905270442,51.2558424299978,82.9252289010933,54.288751533672,51.1360260938063,52.5766725431913,50.6497444134006,51.5323969139149,76.868886870609,51.8722158690694,135.129717047545,50.4428882366169,54.572086209203,55.0465414464393,79.7901885778069,53.1437723927538,85.0024131692689,50.4198515208982,101.105501122364,49.9699705063158
49.4020042246889,68.0376003669171,50.2010613547877,92.6299318722427,50.3362201720688,50.245779415457,50.892338484718,50.4642424268118,50.2422422162799,89.5185809884806,50.8770558937031,49.5473023091745,80.2723609728705,51.5550998009503,50.5662290109472,51.0117983314626,49.7297116905711,50.3495798649647,52.1072682338181,50.6280847955036,99.6513932180092,50.2373422633441,49.6957225166102,50.9549172580842,50.8046829610153,49.7023074900339,52.8536045541728,50.2888319461858,55.9770124823544,49.9699705063158
49.4020042246889,51.4092676566588,50.2010613547877,91.6412262306667,50.3362201720688,50.245779415457,49.989088731907,50.3606925926797,49.8128815571195,85.5364244014522,50.3615391449762,49.5473023091745,80.0325984474457,51.3979436657023,50.2471671679923,50.4068141727635,49.7297116905711,50.3495798649647,50.7007485700092,49.0593052611334,96.298369102486,49.8488730133117,49.6957225166102,49.9532879997741,50.2839704806365,49.7023074900339,50.2433740232591,50.2888319461858,50.8922121248747,49.6404210026121
49.4020042246889,50.6118729505424,49.7023109334782,90.2036422000047,49.8048780013396,49.719803794364,49.6182059007788,49.5980110504438,49.8128815571195,84.2337950870369,49.662147050461,49.5473023091745,50.4023583037083,49.8555650719609,49.6309671919207,49.7830343926603,49.7297116905711,50.0772219125142,50.2214498948042,49.0593052611334,93.7863702075761,49.2568001107165,49.6957225166102,49.9532879997741,49.6619624086302,49.4465221096466,49.6689177184089,50.1183357703362,49.653148658851,49.2102847615151
49.4020042246889,50.1776406138829,49.5948199034274,89.0209105960339,49.283067784655,48.0411779092578,49.6182059007788,49.581907599088,49.4335877487492,82.0709104545467,49.5385052678512,49.5473023091745,49.9691850782979,49.8555650719609,49.6309671919207,49.7830343926603,49.7192877642933,49.2339264694606,48.0540390633932,49.0593052611334,91.1695379730822,49.2568001107165,49.600714652589,49.9532879997741,49.6619624086302,49.4465221096466,49.6689177184089,49.8441884485715,49.653148658851,49.2102847615151
49.1629462125943,49.8456098197821,49.5948199034274,49.53963684564,49.283067784655,48.0410848081629,49.3349886448132,49.5234156303363,49.4335877487492,82.0397009401672,49.5297657085107,49.5473023091745,49.3527286698868,49.7178924385171,49.6309671919207,49.4640538330041,49.4742005747603,49.2339264694606,48.0400572432527,49.0593052611334,91.1616479543713,49.2568001107165,49.5295348406926,49.4531348228538,49.6043268200315,49.4465221096466,49.4572014963569,49.5533221895153,48.5826085458084,49.2102847615151
49.1629462125943,49.5947496182475,49.5948199034274,48.8664681337286,49.283067784655,48.0410848081629,49.3349886448132,49.4653469539694,49.1531239839696,50.2417558525544,49.3130532740397,49.1728171417303,49.0697446080985,48.0579470235621,49.2190813863022,49.4640538330041,49.3898488706677,49.2339264694606,48.0400572432527,49.0470899902102,48.9163168837567,49.2568001107165,49.3889482090121,49.4531348228538,49.6043268200315,49.4465221096466,49.4572014963569,49.1054244668471,48.1105226256923,48.9454230334777
49.1629462125943,48.1867168637737,48.1604604597142,48.8664681337286,49.283067784655,48.0410848081629,49.3349886448132,49.309653635682,48.909193924218,47.9988679596427,49.3130532740397,49.1728171417303,49.0697446080985,48.0579470235621,49.2190813863022,48.8860232880897,48.9114799652211,49.2339264694606,48.0400572432527,49.0470899902102,48.0021349719609,48.9442235745046,49.3627852893305,48.0378318040362,49.3854337673706,49.3338132393687,48.1164278417368,49.1054244668471,48.0063516429905,48.9454230334777
48.043272862727,48.0975827136508,48.1604604597101,48.8664681337286,48.0783804025295,48.0410848081629,49.2037308839563,49.0156841378839,48.0739725741932,47.9988679596427,49.1396353529926,49.1728171417303,49.0697446080985,48.0579470235621,48.0423585876556,48.1518038908375,48.9114799652211,48.0630072856152,47.9959139464927,49.0470899902102,48.0021349719609,48.9336945452915,48.7543779555858,48.0378298278401,48.0091357158881,49.3338132393687,48.1164278417364,49.1054244668471,47.9955855050175,48.9454230334777
47.9901641607239,48.0085947354532,47.9970590983412,48.0065158248321,47.9902216918817,48.0225975259286,47.9880190357658,48.0022993386297,47.9943837140804,47.998697802559,47.9880190357658,47.9969573756212,47.999714702265,47.9880190357662,47.9902194371266,47.9880190357658,47.9970610483824,47.9987939008051,47.9959107483182,47.9901621979507,47.9880190357658,47.988832967656,47.9944010438803,47.9924012916481,47.9968334925629,48.0175596319646,47.9924025765622,47.999714702265,47.9955855050052,47.9944010438803
