108620386.956059,455651.979450151,4846347.93974258,2482439.16401137,12511527.2312056,1009202.2391953,29832991.1352811,6552488.87289492,7245774.38791876,10361116.3002549,29961276.887406,9961483.94877775,4913709.06904353,33981443.3063161,6043033.53937686,15532077.5981942,7160965.34104688,15541305.6440144,47252751.8109445,25447369.3669238,2690051.39313618,540055.073259007,25292841.8100719,24539447.6120795,21685260.9490285,21938186.095852,51536176.0088409,934771.218091245,8668417.08745485,2079113.94695314
1439565.07781451,377349.014628024,831394.910794338,2482439.16401137,2003766.15012524,387393.978266167,69053.3508438025,1804787.96396065,198946.588024007,2309134.16339846,952352.552635507,206015.181441052,897592.372458826,765941.841379809,1237628.00252286,868457.844736535,617864.931684325,863191.592521356,229072.935271946,4393065.19321232,524497.191536135,455329.352319167,974316.597645235,930191.671766282,1202675.50598889,492768.574879326,3675027.32720401,3447.83306940214,2772628.01304588,46509.3029537827
220484.535863296,160468.369863385,389657.487902769,130473.979143795,108590.28371395,349060.751037354,69053.3508438025,107112.558417804,52834.3100973347,66739.8547416744,589659.609465557,8722.98651935661,207393.697191252,154053.629213907,155216.958584794,136617.892077391,285157.681642743,162605.789448382,126117.594963736,170646.174729458,26977.102742259,127994.21794479,436341.413311926,19753.2416972142,141968.808923816,58987.8037064457,842128.956676509,3447.83306940214,262030.286005742,18967.6855240265
195980.833289464,50481.6523477815,292685.977667523,29982.3572924377,43735.1928107352,90994.7214001694,28909.7601352714,1712.95316289954,37589.0063547276,3643.69240589309,2794.24633528826,2063.52496655979,81120.8951013361,127595.364162983,155216.958584794,36478.1067584214,137706.777026899,127317.133933826,42575.888376351,31656.4681879285,21554.4137698728,116651.483332818,68917.0812925574,14410.89919552,116642.158391635,22471.5259171502,568450.686810089,3447.83306940214,152042.582734346,12932.014147327
2371.36869282735,676.835650740221,906.842238490469,1834.54941557742,2325.91096755123,7073.08770473808,2328.94522802849,1360.9273078142,2963.58519249547,2105.59552055523,2233.53896690242,1706.09934308912,984.052070881017,1557.59297724162,5932.37078915615,4648.03366410488,1792.72018078409,1978.15005260049,1551.28035374303,3273.31365625056,1219.95666113131,1307.18968888929,4548.43012827373,2756.05927003682,599.380064753976,1398.2221539661,1169.24209780186,1255.59483022589,2139.60355798201,3326.04016321608
504.157435974592,580.8284143784,24.1261296446617,768.20747590007,707.159998811665,1266.46404886903,602.461734794766,846.739877509255,923.215453185083,444.338928890562,555.541211778406,608.041597489768,394.244181557083,261.575389658121,768.511070943205,667.212395627548,609.996675749924,263.4324827728,639.162147947928,637.212326869473,59.6749159056426,387.166978411797,670.629963177276,487.207554379221,15.661969620731,864.920392963245,282.502361729694,299.008107246662,408.357451314918,271.766508870777
460.6654225128,580.386338806391,5.07366317660922,594.650680250839,662.888279040047,1251.02742463092,577.680829019982,821.530856644014,871.58600542539,361.584754126497,526.894810065647,592.553714875812,340.545622121819,230.242260026991,747.331357687427,611.626166199114,581.872141665414,229.811320971763,578.485805582073,623.917876311189,23.98249374234,363.676113056461,633.687232046958,443.233963503441,3.60653212446596,831.5774758986,236.483913080925,293.299646476867,308.591242982556,255.391784850084
449.288973727272,580.385800218594,4.97479025284338,594.315171511203,646.243828784374,1250.93873193441,577.609071069045,821.404355587098,871.579165648074,361.525797613036,526.409256364672,302.930322125072,340.49135738819,230.220807932543,747.330757803291,610.122589425115,581.588902261294,229.433991864142,578.45732401656,623.917653137108,14.1375344785729,363.665222712836,633.674635882615,443.23396022124,3.40116314148872,830.283314279023,236.480429840803,276.90330054256,298.51291785542,255.386881928866
449.288973727272,224.400077675491,4.97479025284338,464.163317511731,594.236843115885,772.903102382991,577.609071069045,441.61716144632,845.661132304665,22.3253057560808,490.379842395677,222.114459657618,229.259370496623,228.217320221364,446.286963313748,39.5668306678388,221.66462054633,229.433991864142,3.92760664877801,241.632520921593,14.1375344785729,264.838022142111,633.674635882615,297.101672965366,3.40116314148872,830.283314279023,236.480429840803,276.90330054256,298.51291785542,255.386881928866
242.242015964055,223.256124805637,4.97479025284338,446.304101588104,578.60403013683,749.819296686884,577.609071069045,435.274297838428,828.920206911718,5.39107621699395,434.487481765924,222.114459657618,225.24603788175,227.297372678367,445.100999546165,2.40620408534096,221.058063706674,229.433991864142,1.20310204214843,223.047981820957,14.1375344785729,244.358296792304,633.674635882615,297.101672815629,3.40116314148872,620.836210896603,236.480429840803,276.90330054256,298.51291785542,255.386881928866
225.323117610614,222.261170834945,4.97479025284338,1.41139317971283,300.294990305218,218.342771877447,134.460165840816,435.274297838428,457.04047292116,5.39107621699395,434.487481765924,222.114459657618,221.327653707602,227.297372678367,445.100999546165,2.40620408534096,219.545873486556,229.433991864142,1.20310204214843,5.39358245128096,14.1375344785729,244.358296792304,226.449404497311,297.101672815629,3.40116314148872,250.223905277359,236.480429840803,225.515620040491,261.979199172472,5.18293323238186
3.19521591049011,222.261165748106,4.97479025284338,1.41124502890057,3.19575150573587,218.34277143236,64.356029838219,285.947738699023,457.040472921109,5.39107621699395,359.637012521796,48.4776240938572,4.97567767651935,178.592400149386,445.100999546165,2.40620408534096,219.545873474131,229.433991864142,1.20310204214843,5.39107621810103,14.1375344785729,244.358296792304,1.73582134266326e-06,46.8979300423534,3.40116314148872,250.181259017265,9.3709137469732,220.12454691827,260.74110565091,5.18293323238186
3.19302015618223,128.880675475342,4.97479025284338,1.41124502890057,3.19302016087454,218.34277143236,64.356029838219,264.661003745961,226.302433819285,5.39107621699395,121.093725680902,28.5966130600718,4.9747902512504,90.551366720475,445.100999546165,2.40620408534096,219.545873474131,1.20310204757379,1.20310204214843,5.39107621810103,14.1375344785729,59.5040584373464,1.70757630257867e-10,46.8979300423534,3.40116314148872,163.437506996836,9.37090740758435,1.13914211397059e-10,1.20310205606506,5.18293323238186
3.19302015618223,82.9653469143182,4.97479025284338,1.41124502890057,3.19302016087454,85.2371963803944,64.356029838219,262.367878522714,62.2290103763773,0.00495758099032173,0.994977930849473,9.0296481111136,1.2036918912122,68.280957683636,76.8828640972631,2.40620408534096,218.138925267315,1.20310204173984,1.20310204214843,5.39107621810103,14.1375344785729,52.0168996162777,1.70757630257867e-10,1.20310204281054,3.40116314148872,32.0479670278926,9.37090740758435,1.13914211397059e-10,1.20310205606506,5.18293323238186
