189.597691520904,208.043980408919,207.102237474289,269.379844260994,174.068690045251,129.568658983486,430.155311836576,395.655935100099,121.714304651156,433.392584359631,60.3963677740476,110.367672585545,231.616740822497,333.809695754165,445.19260103607,239.528371770034,382.43822288709,460.854160891647,142.310807176834,273.099971430673,242.161630891663,86.4840584675301,131.496113794505,232.393522822422,71.9443070103312,172.245491400002,67.9017738784237,174.844367565358,435.842128790243,396.875623093592
189.597691520904,78.2347974393517,144.377762879807,204.767098934243,55.1370980883364,109.205130681598,324.476467104021,103.885542484873,25.0409321842915,193.613882478866,60.3963677740476,110.367672585545,231.616740822497,144.683380694192,310.456966946164,31.3521803254393,291.954013151932,223.83901422387,142.310807176834,219.346995074165,81.9544979031195,86.4840584675301,13.5872934962997,136.203008839036,71.9443070103312,25.3450982994275,67.9017738784237,76.1339532424247,81.4802410370412,231.334514038749
87.3857452573286,78.2347974393517,144.377762879807,204.767098934243,55.1370980883364,109.205130681598,288.114052793681,103.885542484873,25.0409321842915,52.0046296483988,60.3963677740476,110.367672585545,65.0429398885542,144.683380694192,90.6954170503866,31.3521803254393,169.804912377374,223.83901422387,109.043702209396,219.346995074165,50.10105998728,86.4840584675301,4.96319500534241,87.9079224170148,33.7357112038248,25.3450982994275,63.0738230842849,76.1339532424247,81.4802410370412,108.788465133921
87.3857452573286,78.2347974393517,72.4685279453029,31.4207709007155,55.1370980883364,95.0381272810369,288.114052793681,103.885542484873,25.0409321842915,52.0046296483988,30.6164820084925,110.367672585545,64.9061466666262,112.873785328277,90.6954170503866,31.3521803254393,46.9623030313855,124.933152665723,109.043702209396,100.138664615327,50.10105998728,32.3445834127999,2.92691439527857,69.8895758444578,33.7357112038248,25.3450982994275,25.8208614624634,76.1339532424247,81.4802410370412,21.7178120268295
64.3771911908837,67.3187869766675,72.4685279453029,31.4207709007155,27.283363518753,62.5313965994935,1.5468751193182,94.9720901083251,25.0409321842915,48.2850511489351,30.6164820084925,110.367672585545,64.9061466666262,79.5000175278406,90.6954170503866,31.3521803254393,3.1575895846081,49.4247259654937,48.7538361578997,60.0045381258722,19.6260549537919,32.3445834127999,2.92160811466283,69.8895758444578,33.7357112038248,25.3450982994275,25.8208614624634,51.0633929808184,65.1440328426281,1.50766087122042
32.0729879726937,47.6236766392881,72.4685279453029,31.4207709007155,27.283363518753,54.2027545661927,1.54679451254356,28.2201503375595,25.0409321842915,4.63562379882524,30.6164820084925,79.0648280722689,64.9061466666262,36.7799509927188,33.8552842295521,31.3521803254393,2.79302882268166,4.21077916864078,29.0078635616801,34.1209145100165,19.6260549537919,17.9968130210984,2.92160811466283,30.950174030937,27.6810341159569,21.4779112178533,25.8208614624634,27.9526703051497,1.32778830658458,1.5010480478295
32.0729879726937,47.6236766392881,43.8374195281406,23.9371394976843,27.283363518753,38.531201907052,1.54679451254356,28.2201503375595,25.0409321842915,4.36086750012737,4.21866467770928,47.9890738778827,2.60155898833636,36.7799509927188,31.4077919302792,31.3521803254393,2.79302882268166,4.21077916864078,29.0078635616801,25.1908640363938,19.6260549537919,17.9968130210984,2.92160811466283,30.950174030937,27.6810341159569,21.4779112178533,25.8208614624634,27.9526703051497,1.32777647221633,1.5010480478295
1.85972372652805,46.9914215733847,10.5292529448773,23.9371394976843,27.283363518753,38.531201907052,1.54679451254356,28.2201503375595,25.0409321842915,4.36086750012737,3.52630530667375,4.0455218821669,2.60000675710694,36.7799509927188,1.66648647069269,31.3521803254393,2.79302882268166,4.21077916864078,29.0078635616801,25.1908640363938,19.6260549537919,17.9968130210984,2.92160811466283,30.950174030937,27.6810341159569,21.4779112178533,25.8208614624634,27.9526703051497,1.32777647221633,1.5010480478295
1.85966317226598,25.9657488750065,10.5292529448773,4.20595837342194,27.283363518753,38.531201907052,1.54679451254356,28.2201503375595,25.0409321842915,4.36086750012737,3.52630530667375,3.11306231847334,2.60000675710694,2.04000218195461,1.66648647069269,19.4893940336265,2.79302882268166,4.21077916864078,29.0078635616801,25.1908640363938,19.6260549537919,17.9968130210984,2.92160811466283,30.950174030937,27.6810341159569,5.80800578543335,24.3318037803817,27.9526703051497,1.32777647221633,1.5010480478295
1.85966317226598,25.7278087361447,10.5292529448773,4.20595837342194,27.283363518753,38.531201907052,1.54679451254356,1.63242423618749,13.4098957203628,4.36086750012737,3.52630530667375,3.11306231847334,2.60000675710694,2.04000218195461,1.19834712403576,19.4893940336265,2.79302882268166,2.24424617936256,29.0078635616801,25.1908640363938,19.6260549537919,17.9968130210984,2.92160811466283,28.0693238895292,12.7531025612668,1.87834017330078,1.15253986655671,27.9526703051497,1.32777647221633,1.5010480478295
1.85966317226598,22.2750049247868,10.5292529448773,4.20595837342194,1.41715501804288,23.0159351211566,1.54679451254356,1.56973412946832,13.4098957203628,1.81854686108886,3.1301026567985,1.67211370335644,2.60000675710694,2.04000218195461,0.78485628494991,19.4893940336265,2.79302882268166,2.24424617936256,29.0078635616801,25.1908640363938,2.39899745533967,17.9968130210984,2.92160811466283,25.5163542906653,12.7531025612668,1.87834017330078,1.15253986655671,27.9526703051497,1.32777647221633,1.5010480478295
1.85966317226598,22.2750049247868,1.14092008615603,2.03903589029255,1.03821507691396,23.0159351211566,1.54679451254356,1.56973412946832,9.44403573877776,1.81854686108886,1.11418178807594,1.67211370335644,2.60000675710694,2.04000218195461,0.78485628494991,17.3935439427646,2.79302882268166,2.24424617936256,0.856236329270132,0.757162682453554,0.895804458343719,17.9968130210984,2.92160811466283,25.5163542906653,12.7531025612668,0.661325589139324,1.15253986655671,3.1868497419614,1.32777647221633,1.5010480478295
1.85966317226598,22.2750049247868,1.14092008615603,2.03903589029255,0.990527008175832,23.0159351211566,1.54679451254356,1.56973412946832,3.23204400990744,1.81854686108886,1.11418178807594,1.67211370335644,2.60000675710694,2.04000218195461,0.78485628494991,12.4419126562186,2.79302882268166,2.24424617936256,0.856044676033434,0.757162682453554,0.895804458343719,17.9968130210984,2.92160811466283,25.5163542906653,12.7531025612668,0.551645321977503,1.15253986655671,3.1868497419614,1.32777647221633,1.5010480478295
1.85966317226598,22.2750049247868,1.14092008615603,2.03903589029255,0.990527008175832,16.1255745528415,1.54679451254356,1.56973412946832,3.23204400990744,1.81854686108886,1.11418178807594,1.67211370335644,2.60000675710694,2.04000218195461,0.78485628494991,12.4419126562186,2.79302882268166,2.24424617936256,0.856044676033434,0.757162682453554,0.895804458343719,1.06529987089289,2.92160811466283,25.5163542906653,11.1398609227608,0.551645321977503,1.15253986655671,3.1868497419614,1.32777647221633,1.5010480478295
