14133882.7555605,4108244.76936098,3082211.27340211,18562109.8840558,12364295.3149469,1607185.52835911,4075363.0513576,19789539.7120994,3999120.16353113,6008251.49849407,609094.593494844,4135406.49246962,4060187.63393534,3843625.32271184,3077090.53517708,8150105.36023359,11969532.2510613,5014561.38653157,6485824.66004756,1645394.84680707,12382619.3836097,7790808.8667655,4869190.18236754,6001297.59339596,2096807.40412716,3263753.73699705,1042896.51614022,18196667.2154136,6431016.13824151,21798457.7888955
2670122.82602412,1642214.43263596,273748.191000442,360652.920440427,291611.77658912,53912.4755278566,2362711.44586236,1166515.04532506,242013.974574048,1215310.00691148,257782.11709257,395343.028128148,3338783.55512055,592709.605017238,964663.880684065,645827.56198267,628487.414008697,620800.548691116,301131.247479437,630907.214544337,5197636.54750339,1557923.36493759,329812.947997515,857795.139491163,1059986.62953916,323835.609700106,291445.68626465,1324002.97772976,384250.963423205,932886.663914035
45839.0416798673,186315.500624751,51544.1676339203,42422.3964087646,108258.374697777,15858.0544050432,1786255.0686539,134103.815778846,242013.974574048,721106.513925359,85268.235750576,137523.567079599,604760.503786766,11580.2846774973,429359.262699692,226074.803896561,311927.038412908,123001.135443979,230442.471281321,378579.575653361,3289564.32936646,240315.113364968,82767.5010703723,88586.0773068562,545005.333897662,74470.8218650767,12993.7461033259,611749.429650063,62837.8542744293,472575.954385705
35129.3129036306,63272.343884879,27729.9845556843,15094.0566107883,54821.2814195048,3701.70988876558,186951.26711943,43552.6556686386,20273.6912753947,335689.79783264,30199.3007113748,65242.5479188314,107381.868450012,5166.54754238233,92270.170196666,46119.2251411524,99378.8371482192,71873.9194573018,73584.9160006331,103581.103070117,1450921.78014235,53780.0529840943,41522.2610409215,86327.6915929064,61325.4184388432,45561.4435149965,4825.8545718836,321473.961298696,47964.652356378,185838.467755061
4108.93523639462,1264.00609163986,5235.19022445502,2128.34894283867,2213.9893922396,1977.67626578978,3872.7897502336,3879.61792297142,5612.91377471577,15725.9109395141,3727.40264217118,6671.376272846,4215.07228984113,1744.66170917964,8681.22904168203,2450.463972612,14124.0209128411,3868.34224343473,8029.87759887837,29889.6006183681,15644.3544455684,6775.34959283299,4589.64315962918,6003.47339833392,11109.4607267559,3981.48976266428,2422.63030291261,11579.1066306009,2941.72369741532,12276.8443734581
1051.72149064249,868.993736888288,515.823665607157,828.840698294189,730.146034768897,503.28532306215,1146.85255374245,616.26030807574,471.122252133298,1469.55081958622,631.664860554822,583.49587544226,843.292557765333,1678.50813408858,1174.54206763007,961.736023013432,1520.51041477127,1086.39954272301,1422.19034486145,1136.70195208826,1504.3977897245,1192.15683717514,854.100201103851,893.429086341375,1280.65526999112,1415.87375996259,755.686289540861,451.52944230935,181.81489843994,764.180047939165
773.966251683541,737.043213161776,450.771288884914,748.95632772241,518.644850252468,444.143790777134,933.898825640414,301.869426997096,362.392282272844,935.701790227972,508.537047067287,380.358026166513,592.339635703711,1582.15241772428,1105.56717288665,787.409556115178,794.91568411386,830.319880528249,1186.8365460707,520.510013994285,711.379396351698,1163.04630777914,709.154712374662,491.159408327079,1233.73619936835,1169.97047146542,560.254968750134,338.938405651813,50.7990900212083,515.074770741155
700.293372689642,691.901688232668,404.628055951514,737.601830853868,489.319427743726,436.556658008758,831.512900287584,300.813282539014,352.246445563962,792.950572575632,481.181760043597,293.820641927423,561.599678049414,1514.84756206711,1049.6722146799,772.015622160661,767.872517191897,817.765235253113,1156.84842820239,504.290099400833,625.33974717375,1151.52680361623,700.414604218309,471.261268902994,1207.86834940667,1146.88394622224,526.020942414478,256.370077713824,13.0143889409185,389.083971600812
700.27325714736,691.837109859954,404.628055951514,737.58635434894,489.225308248521,436.556658008758,831.197474033601,300.813282539014,352.149658038831,785.001576870852,481.181760043597,281.484547257212,561.334618154816,1150.02297999045,1035.3182009708,772.015622160661,763.109872805006,816.21671853048,745.427510836235,476.64822697261,619.040534985846,1150.20161446248,700.414604218309,470.795643461129,1207.38702297387,1136.89417992915,526.020942414478,251.307024418466,13.0143889409185,385.478880038791
700.164413691659,691.837109859954,404.628055951514,737.518643823306,489.157713340314,436.556658008758,828.74387982968,300.813282539014,351.931452924016,777.4376813491,481.181760043597,280.442481663582,557.282692375409,1140.89709782793,1029.4113516701,771.756895730727,759.587588014786,813.498233394788,742.154278393406,476.64822697261,612.643785419832,1147.38924619657,700.414604218309,469.3011061832,1204.08608397737,1136.89417992915,522.875279593261,248.959597048467,0.960813262365591,375.849201528114
700.164005656151,691.837109859954,404.628055951514,737.48693384196,489.155640520274,436.47089433092,828.743753200145,300.774663394279,351.91671336991,777.353261126767,481.181760043597,279.736096570643,557.221632055496,1140.89311661201,1025.81670285569,751.574663649079,757.464353697958,813.080870820811,742.140312678628,460.739840364635,609.834702080359,1146.33849800721,700.354863985313,469.30104815377,1204.0556664999,1133.95877172729,522.821589080711,246.539977329858,0.731322050845669,372.870933362496
700.057422381933,691.837109859954,404.628055951514,737.462260502215,489.040436823832,436.462940819638,828.620267622987,300.749175404445,351.91671336991,777.130196127461,480.941028901849,279.69282823919,557.078749690283,1140.89311661201,1025.7412621294,751.563642054634,754.704139695573,811.663115579002,742.111878727247,455.639483805071,609.690065913521,1146.28632178567,700.326924156948,469.30104815377,1204.03161855815,1132.65315572235,522.8054569178,246.537442609234,0.686424732053961,372.817310668978
700.020953525527,691.837109859954,404.628055951514,737.431393793182,488.970462289782,436.462940819638,828.620267622987,300.678792223334,351.912411648621,776.977563285058,480.88783361683,279.637024406225,557.060263143125,1140.89311661201,1025.73918926597,751.554738538942,754.682474073354,811.655369346633,742.101367746314,452.62018736011,609.657877451976,1146.27548816049,700.274890848894,469.30104815377,1204.01564510302,1131.04047986364,522.8054569178,246.50048939037,0.686424732053961,372.798729108353
699.896588774331,691.79457093255,404.628055951514,737.29966206011,488.808568555604,436.415803242921,598.079001437218,300.646841029757,351.78024471365,776.851079767207,480.832754317596,279.542547475693,557.060263143125,1069.47966658363,1025.72691113608,709.02663924601,754.674175508566,811.630123261083,742.101367746314,448.289499093961,609.653129210691,1146.25257572881,700.120558447524,469.30104815377,1204.01564510302,1129.44659640512,522.8054569178,246.50048939037,0.686424732053961,372.798729108353
