6306.78227782892,3398.16133640417,2828.13576555048,7054.53061620883,1756.339564087,3818.63906518196,341.504396736192,3417.834714492,1427.27338608684,2877.83790926033,2933.03442886472,5247.31716700939,3164.33184597528,2664.17275894465,2919.64753950297,453.280407150596,243.525649754403,304.626040304266,4821.91091473034,1152.86127187521,6151.04121956561,3398.47087647987,8041.66584186016,3406.15146040078,3147.99814428998,1238.30858168166,3649.51918782817,3507.51050033722,3335.9529975788,2363.9693787813
5039.5843357115,1522.43052498645,2343.1835028202,7054.53061620883,1244.96991147539,1818.5071109255,341.504396736192,1248.13360838751,943.115467389108,2877.83790926033,1637.52421574173,3875.40973796845,3164.33184597528,947.495242928056,800.002936585918,316.439139174909,243.525649754403,194.861472397455,4821.91091473034,387.355204041665,3888.2338996733,1786.55055517914,6757.6010214465,3406.15146040078,1896.22010943638,816.43722266442,2381.37717838903,2097.29714512719,972.55717553175,892.657254985258
3462.58667767071,529.39927131509,513.265018477021,5378.04898624503,464.661901647011,909.789077028682,341.504396736192,999.953406441855,943.115467389108,1071.07009927904,545.816324495843,3875.40973796845,2021.88278927718,534.957243668294,487.50140747638,226.20561875076,243.525649754403,194.861472397455,2561.38101440026,387.355204041665,421.697190895557,299.2354493891,4503.79499670659,1680.87024553768,1257.28947991962,664.545558025829,304.561302083259,342.546933348129,517.684220067039,892.657254985258
2299.17167091618,528.268667626171,513.265018477021,2364.71137336241,464.661901647011,200.619249429383,160.559897660156,665.795006872143,645.306593998394,1071.07009927904,288.684190968735,667.921243670018,504.817950062735,534.957243668294,487.50140747638,205.292551409605,164.186940058855,147.508138087593,842.631251787465,141.713631592321,164.351933831132,299.2354493891,3292.05087061246,1029.01146739107,262.238411997822,527.104172563203,304.561302083259,342.546933348129,517.684220067039,806.825246005598
732.403377952578,113.967388125189,305.877073677629,726.737786496446,110.24182530038,121.651514892355,85.2873915994778,89.7236067618478,136.75703020441,443.042452845149,288.684190968735,667.921243670018,504.817950062735,167.486448711727,127.205026322026,105.769029079596,110.467082540576,104.044076678694,842.631251787465,72.697169929083,99.7599006225869,87.5387069258418,854.948467540999,312.51450420995,262.238411997822,116.084425683514,106.890653033578,107.73340429171,115.079407597608,99.1701957293276
445.299747503811,78.3665983587061,64.9976464727033,142.027698887663,66.6363703493357,94.009789450316,53.0304433622832,52.6653885786873,91.4919578840522,160.97362189666,88.2631797519944,667.921243670018,218.065388002626,69.900255023289,68.4201992599246,72.3951553590787,78.301689296974,60.4107291719379,225.352270881612,52.3309502086231,79.1874278037058,58.606158683082,157.386621940541,190.098847598738,262.238411997822,87.5840629222048,88.599728904504,77.5350001399838,64.2152367432254,77.7799715552796
94.1635664733772,54.0824065482984,52.3029522545544,97.823547223305,51.8879514207342,56.036043657311,50.7638876313217,50.5254396953642,72.3924740563352,82.7330397813075,63.6199520547625,117.88566078533,75.6443820656714,52.2064929269704,52.2060883765912,53.3727315658834,52.7075764723331,51.3750228656959,105.641157049815,50.0632348064187,52.2450022300491,50.3676961210263,118.998516243615,83.0226218164125,102.289829665594,78.4568049158433,81.450119355105,53.823255371803,51.7828425296211,52.6093662520198
72.5418012337159,52.936599646418,51.633994953238,85.807220479177,50.5137472783499,50.3422732350482,50.2251578513969,50.2831154813052,50.3584456649387,52.8701827186674,51.4770721855075,72.7589991249974,53.1716910744362,50.8467567868461,49.9829736240449,49.9320719912603,50.8408523105195,50.4614860208449,71.0752840017221,50.0632348064187,49.8098162189049,49.9457764253207,86.4029186228872,52.4048833677107,72.5897835382002,51.4036574081774,51.9085995632881,49.7725102071199,50.6033074189854,50.6620844812096
51.5212858581963,49.5790201452282,50.3754075998913,82.0773113395935,50.2705334751026,50.3422732350482,49.8426667480785,49.9650285712478,49.9978277166729,50.1534073337853,50.5660992032081,52.1320077245582,51.1077167963158,49.8388162820893,49.9829736240449,49.9320719912603,49.660429264598,49.6129701154355,51.0921856355517,49.4962132939586,49.6485865473842,49.2296373851623,74.6972797441535,50.7381566612112,52.6650868544407,50.1170645988095,49.889631780924,49.7725102071199,50.1632938105822,50.2717037816196
50.3776548249321,49.5105346683849,49.5841092229539,80.4072587072151,49.468415457889,49.7878778142167,48.9097390908973,49.8036720661134,49.7973390784759,50.0386825883152,50.133860538821,49.9455181846934,49.6404916883125,49.8388162820893,49.546335605442,49.6128314042471,49.556351606097,49.6129701154355,49.6524395167771,49.4962132939586,49.6485865473842,49.2296373851623,50.4393840362113,50.3444469128285,50.7826336717494,50.1170645988095,49.889631780924,49.7725102071199,49.8418114690157,49.9178660731545
48.0952001024052,49.5105346683849,49.5841092229539,50.5086733389535,49.3642779638731,49.5348630232356,48.9097390908973,48.1478821178939,49.7079295715671,50.0386825883152,48.8802590028372,48.1220308538736,48.1216487978136,49.730641326164,49.546335605442,49.6128314042471,49.4725780001759,49.6129701154355,48.0415874346495,49.4962132939586,49.5387754903945,49.2296373851623,50.1071287341206,49.8907045704414,49.8490886128047,49.8192279005511,49.2887638472512,49.7725102071199,49.5496418208104,49.5375654497461
48.0908133071398,49.102749683133,49.5841092229539,49.9278284295337,49.3642779638731,49.1085165324275,48.9097390908973,48.1478633319534,49.7079295715671,48.2941666216452,48.1049951823093,48.1217695536247,48.1198362069586,49.730641326164,49.3292751274012,49.6128314042471,49.4357601444085,49.5259925839109,47.9939680333709,49.4962132939586,49.5387754903945,49.2296373851623,48.8581599007862,49.8907045704414,48.1894555053468,49.6529712573824,49.2887638472512,48.8895378267644,49.5496418208104,49.5375654497461
48.0908133071398,49.102749683133,49.5841092229539,49.5713565785391,48.179661374686,49.1085165324275,48.9097390908973,48.1478633319534,49.4202668878106,48.1005879863483,48.1049951823093,48.1217695536247,48.1198362069586,49.315757869751,49.1800696730052,48.0561015177873,49.4357601444085,49.5259925839109,47.9939680333709,49.2795817354645,49.4612534562998,49.2296373851623,48.063221923027,48.0471536749897,48.1894538396155,49.0637641136195,49.2887638472512,48.8895378267644,49.5090747898162,49.2530507045271
47.9902194371266,49.102749683133,49.4362549161046,48.1142349066554,48.179661374686,49.0708806821167,48.9097390908973,48.1478633319534,49.0627778410249,48.1005879863483,48.1049951823093,47.9953252283599,48.1198362069586,49.0933918074434,48.1029356304134,48.0561015176913,49.251034669996,49.2440596905089,47.9939680333709,49.2795817354645,49.4612534562998,48.9899242113161,48.0632219230265,48.0469066996111,48.0488397561194,49.0637641136195,48.0775542178349,48.8895378267644,49.1582574726272,49.2347088485217
47.9902194371266,49.102749683133,48.0068938519339,48.0268352466414,48.179661374686,48.0463384908498,48.9097390908973,48.1478633319534,48.0843808801633,48.1005879863483,48.0245743578557,47.9953252283599,48.0195467695148,48.0032072318058,48.1029356304134,48.0561015176913,47.9991869158584,49.1416664265639,47.9939680333709,48.0501887702126,49.3001414956548,48.9899242113161,47.9880190357658,48.0350148407128,47.9975612379653,48.0967502814124,48.0775273291283,48.8895378267644,49.082566909969,49.1106514947246
47.988832967656,47.9924012916481,48.0048133984119,47.9880190357658,48.0001080425131,47.9945972770424,47.9902194371266,48.1478633319534,47.9902219681335,47.9955855050052,48.0002578388949,47.9901641607239,47.9880190357658,47.9880190357658,48.003313530894,47.9959085906289,47.9880190357658,48.003313530894,47.9880190357658,48.0053131011337,47.9944010438803,47.9959085906289,47.9880190357658,47.9880190357662,47.9943837140804,47.9924012916481,48.0253502745886,47.9986893613163,47.9902194371266,47.9965864673095
