50.8737494892974,90.3164672727647,66.4265654103946,84.9661605860637,82.4263386246865,73.0736632040998,91.7178028352384,66.5775360670197,70.106100825323,109.52170616258,71.2746062732858,79.9475793811646,88.2739364229967,400.573208131335,67.7499708360268,55.5418222231457,89.9953356238709,67.988968930487,81.2143984747051,94.209412439504,225.544317790869,108.683273080493,94.7887353478595,47.8129026496363,67.3687978434483,59.8594255811646,78.0626176439141,174.40380228204,83.5039375712111,51.5730635775471
50.8737494892974,60.8614096268935,62.1621890597307,70.3357545225805,65.45460157951,38.6868027548256,50.8684902751143,55.9424794518096,61.2805366700072,44.294469217444,65.9940732746331,56.5609196350798,52.6174162881128,97.4883061349352,50.0577221059945,43.426706057717,75.0643501765443,61.3685145618429,60.3484886036606,64.6841652473099,58.8423047667952,71.1580479198376,62.6743255739487,42.192821908125,61.4449520909775,52.3748692335726,61.7657783310897,75.262804178839,52.1630117152546,51.5730635775471
50.8737494892974,60.8614096268935,62.1621890597307,70.3357545225805,65.45460157951,38.6868027548256,50.8684902751143,55.9424794518096,60.7997748564001,44.294469217444,62.2301748762395,56.5609196350798,34.9273347753907,55.9262597770229,50.0577221059945,40.9120644022514,75.0643501765443,61.3685145618429,60.3484886036606,64.2547855500419,58.8423047667952,55.3350003840669,61.6771061062202,42.192821908125,61.4449520909775,50.8359566773388,61.7657783310897,75.262804178839,52.1630117152546,51.5730635775471
50.8737494892974,60.8614096268935,35.6404369465872,57.5579903082483,65.45460157951,38.6868027548256,48.0736742954739,46.3798227594118,44.5467357744246,8.07113739060981,57.09558197263,51.4131159302117,34.9273347753907,55.9262597770229,50.0577221059945,40.9120644022514,56.3223465934141,61.3685145618429,48.1701022406594,59.4888061402771,58.8423047667952,55.3350003840669,29.261997198314,42.192821908125,43.7786223673056,50.8359566773388,51.1694505547226,69.8113832467877,52.1630117152546,51.5730635775471
50.8737494892974,43.1225690682777,35.6404369465872,56.2900717401476,57.111349448385,38.6868027548256,48.0736742954739,38.9813017256429,44.5467357744246,7.95966741892767,57.09558197263,51.4131159302117,34.9273347753907,44.8585160440349,50.0577221059945,40.9120644022514,56.3223465934141,41.4173135158837,48.1701022406594,54.9760744967839,48.0720817411872,55.3350003840669,29.261997198314,42.192821908125,43.7786223673056,46.1447394391652,51.1694505547226,48.3018296585125,52.1630117152546,48.0823927932136
50.8737494892974,39.1607487413453,35.6404369465872,47.1423927136088,51.803223058037,38.6868027548256,48.0736742954739,28.7899823765242,44.5467357744246,7.95966741892767,51.8776405886249,51.4131159302117,34.9273347753907,44.8585160440349,49.039968749497,26.8285045513071,50.7367306721688,41.4173135158837,48.1701022406594,14.7241734684141,48.0720817411872,38.491524175565,29.261997198314,42.192821908125,43.7786223673056,46.1447394391652,49.9546984549781,24.6365873791704,42.4103992290043,46.2003365771801
40.3329825736142,39.1607487413453,35.6404369465872,47.1423927136088,46.615670118967,38.6868027548256,48.0736742954739,28.7899823765242,44.5467357744246,7.95966741892767,49.8099135587145,51.4131159302117,34.9273347753907,44.8585160440349,38.7801165690662,26.8285045513071,50.7367306721688,38.4440779219323,40.3661543337601,14.7241734617747,48.0720817411872,38.491524175565,29.261997198314,40.0414707905995,43.7786223673056,46.1447394391652,46.2442972699098,2.98487717128,42.4103992290043,46.2003365771801
40.3329825736142,39.1607487413453,35.6404369465872,44.6095462296868,11.5291217667458,29.9152215080649,48.0736742954739,28.7899823765242,39.8017333205836,7.95966741892767,49.8099135587145,34.4437983873357,22.4657800724774,13.1266478296226,38.7801165690662,26.8285045513071,49.412205927158,38.4440779219323,40.3661543337601,14.7241734617747,14.888034083804,15.502396661705,29.261997198314,40.0414707905995,42.6927823232127,46.1447394391652,16.6481354626214,2.98487717128,41.7773418363536,45.2603139215228
40.3329825736142,14.7241736771369,13.9048705988282,12.7989265982992,11.5291217667458,29.9152215080649,41.4807490223425,28.7899823765242,39.8017333205836,7.95966741892767,44.5378044887326,34.4437983873357,22.4657800646077,12.6350659826372,38.7801165690662,26.8285045513071,46.1194722668491,38.4440779219323,40.3661543337601,14.7241734617747,12.4712053678662,15.502396661705,29.261997198314,31.1138118194441,14.6831026710149,46.1447394391652,16.4444800465723,2.98487717128,41.7773418363536,29.4347069580457
40.3329825736142,11.5291217667458,13.9048705988282,12.7989265982992,11.5291217667458,14.8469544144201,14.7241734617747,28.7899823765242,39.8017333205836,7.95966741892767,12.798926598299,34.4437983873357,11.3652611548496,11.5291217747605,38.7801165690662,26.8285045513071,12.6712260322925,38.4440779219323,16.2806196462728,14.7241734617747,12.4712053669755,11.8568429980693,15.5023964463427,31.1138118194441,14.6830937987586,46.1447394391652,11.5291862974906,2.98487717128,41.7773418363536,29.4347069580457
40.3329825736142,11.5291217667458,13.9048705988282,12.7989265982992,11.5291217667458,14.8469544144201,14.7241734617747,28.7899823765242,39.8017333205836,7.95966741892767,12.798926598299,34.4437983873357,11.365261151084,11.5291217667458,38.7801165690662,14.5664595220887,12.6350659826373,14.6830938049588,16.2806196462728,12.9627869985985,12.020703613731,11.8568429980693,15.5023964463427,31.1138118194441,14.6830937987586,16.894980776338,11.5291217667458,2.98487717128,41.7773418363536,29.4347069580457
11.5291217667458,11.5291217667458,11.3652611510844,12.7989265982992,11.5291217667458,14.8469544144201,14.7241734617747,28.7899823765242,15.3385360460431,7.95966741892767,1.98991811418682,14.3964524458136,11.2014005354223,11.5291217667458,12.6350659826372,13.7410104846042,11.5291217667467,12.798926598299,11.6929823824076,12.9627869985985,12.020703613731,11.5291217667459,12.3073447513136,31.1138118194441,12.798926598628,11.6929823824075,11.5291217667458,2.98487717128,41.7773418363536,29.4347069580457
11.5291217667458,11.5291217667458,11.3652611510844,11.6929823824075,11.2014005354223,12.9627869986504,14.7241734617747,11.365261151084,15.3385360460431,7.95966741892767,1.98991811418682,12.3073447513136,11.2014005354223,10.8736793040987,12.6350659826372,1.98991811418659,11.5291217667459,11.5291217667458,11.5291217667458,11.8568429980694,11.365261151084,11.5291217667459,12.3073447513136,11.3652611510839,12.798926598299,11.365261151084,11.5291217667458,2.98487717128,11.3652616741088,29.4347069580457
11.0375399197604,11.5291217667458,11.3652611510844,11.365261151084,11.2014005354223,11.2014005354223,11.5291217667458,11.0375399197604,11.365261151084,7.95966741892767,1.98991811418682,12.3073447513136,11.2014005354223,10.8736793040987,10.8736793040987,1.98991811418659,11.0375399197604,11.5291217667458,11.2014005354223,11.2014005354222,11.365261151084,10.8736793124046,12.3073447513136,11.3652611510839,11.6929823824075,11.365261151084,11.0375399197604,2.98487717128,11.3652611510839,11.3652611510839
