22273.4005545916,64561.2854478196,665715.25739029,1080339.54763055,207327.149285193,134930.752918694,116724.88534252,90597.1817848334,549262.569337363,2968.27942483606,59975.9003159542,662710.849695342,346018.093226024,287114.000869521,1164901.89199063,4129.52643603512,184325.681725199,523339.354899891,1119118.55364994,371558.938527432,82928.7709754339,3517955.06859824,359823.167185586,1051841.88780276,1124198.07373491,6833.71315587379,450745.936338978,254881.654268875,109110.209240566,2462.01847648176
7066.51647790319,27532.3921820925,506661.769506153,185550.75582322,47196.4550482972,7357.36497894862,16260.7970038765,6075.92790690328,169741.711243463,2968.27942483606,44251.4687896003,15543.7580284494,5439.34333887843,5405.16043806386,480371.705027166,3200.86124683975,49231.9928372824,117694.291478442,489720.497518975,12585.3422683285,30423.3859179247,2422681.17414572,148573.814228674,103554.182308518,68950.4111397751,6833.71315587379,12007.938739309,196901.76725293,74391.7186698333,1577.15563092017
247.286260989216,469.789924529418,233436.744101661,9739.05521628848,47196.4550482972,3552.2547078348,6243.71078376292,6075.92790690328,8736.67225196696,2968.27942483606,44251.4687896003,15543.7580284494,5439.34333887843,5405.16043806386,44305.5712749775,310.886183530662,1481.83451498504,33714.5235832942,159230.11307299,12585.3422683285,10352.696729669,1301472.91119763,6756.41495784686,68684.5018168669,15358.7874937172,6833.71315587379,12007.938739309,15628.0537010735,8049.11131774342,34.2240132897869
21.3152603304918,9.21695063849529,697.467511128706,60.81169937646,290.098138765195,18.1862412269038,15.5185309543094,3934.33613251107,16.5149033917942,7.88087867728086,1169.07132097379,13.6562995524846,41.0648941101172,42.9980460267927,13234.6194911447,11.4245091857294,101.139671035171,1488.53389739603,1634.4938012105,1937.69417329872,307.687573613962,534578.018454762,632.455557156443,68684.5018168669,12.0725819473732,13.8848636122989,94.1976161065122,3252.25121750659,79.4693333254347,34.2240132897869
5.31153673354447,5.16727196908141,12.3234393462808,4.49561914219566,6.23483462358672,4.62317594855836,4.86708720386082,11.4572820624724,4.09224947915709,5.4432166506806,6.81629557041288,3.78177966427688,5.11291586932862,5.35802267672989,26.8771605858585,5.2616264881492,6.49884450919467,11.2332744441078,8.81216659952133,4.09567127373839,6.1450918811779,9755.40864713201,7.64068452508036,11.1409817802275,5.36186051464551,4.68319768289098,4.39506674327913,7.55172574607946,8.14949598214139,6.80240116302571
5.31153673354447,4.01896683281984,4.714822094478,3.98316795467508,5.31786317588944,4.62317594855836,3.71955833926995,4.56591264310487,4.09224947915709,5.0887833725119,4.44977542170841,3.78177966427688,4.20371913424856,5.35802267672989,5.28629466211464,3.89773362795631,5.30739111095227,5.99180537899065,5.41441092971445,4.09567127373839,2.98734280130839,2768.01450955445,5.46685414492617,4.18636145758683,4.15305087065758,2.93116267341247,4.39506674327913,6.0850678575016,4.16874674749965,4.81859792006458
4.62554151669724,3.19950036797559,4.714822094478,3.98316795467508,5.22265030311678,4.62317594855836,3.71955833926995,4.56591264310487,2.81145918508923,5.0887833725119,4.22614110200084,3.78177966427688,4.20371913424856,4.61167067785254,5.28629466211464,3.89773362795631,4.49092762091277,5.24575092531973,5.41441092971445,4.09567127373839,2.98734280130839,6.02482753013805,4.57994158264569,4.18636145758683,4.04979038270471,2.93116267341247,4.39506674327913,3.15733870506119,4.16874674749965,4.66019795007492
3.84746632654469,3.19950036797559,4.714822094478,3.56452921068967,5.22265030311678,4.12134778637596,3.71955833926995,4.28097487567356,2.81145918508923,4.78874812371009,4.18720292544776,3.78177966427688,3.76230652239019,4.50458647025312,2.3976194643858,3.89773362795631,4.49092762091277,4.07227073734634,4.96395636354987,4.09567127373839,2.98734280130839,3.57165534236583,3.18240870583327,2.90221017728459,4.04979038270471,2.93116267341247,4.13087998876631,3.15733870506119,4.0694728035869,4.66019795007492
3.84746632654469,3.07885149957451,4.65792669922621,3.56452921068967,4.10310423645615,4.12134778637596,3.26467142057686,3.19150876369645,2.81145918508923,3.26895308422968,4.17053433921888,3.78177966427688,2.47831538087075,3.53376971614102,2.3976194643858,3.89773362795631,4.29835267458543,4.07227073734634,3.34136681479981,3.84649954225165,2.98734280130839,3.39599370881137,3.18240870583327,2.90221017728459,4.04979038270471,2.93116267341247,3.64968180950882,3.15733870506119,3.72008307573856,3.70692257001838
2.59514967596965,3.07885149957451,3.9620477600879,3.56452921068967,3.89633701821776,4.12134778637596,3.26467142057686,3.19150876369645,2.81145918508923,3.26895308422968,3.82541455500359,3.78177966427688,2.47831538087075,3.53376971614102,2.3976194643858,3.89773362795631,3.96933582400629,4.07227073734634,1.91264473444562,3.28888781974456,2.98734280130839,3.1625137521487,3.18240870583327,2.90221017728459,3.7364004771398,2.93116267341247,2.53362734204984,3.15733870506119,2.79718050595761,3.70692257001838
2.59514967596965,3.07885149957451,3.41081199235055,3.56452921068967,3.32147656383199,3.51278880528594,3.26467142057686,3.19150876369645,2.81145918508923,3.00534976133258,3.35723089883936,2.72722936303012,2.47831538087075,2.64027017794183,2.09720350551038,3.44879955061128,3.37357737772822,3.05968575714587,1.91264473444562,2.65576129879673,2.98734280130839,0.588226657531322,3.18240870583327,2.90221017728459,2.6121306732266,2.93116267341247,2.369658433626,3.15733870506119,2.79718050595761,1.18306672871108
2.59514967596965,3.07885149957451,3.02715859051432,2.62115618099824,2.9180157548285,2.47063760209903,3.1072284054801,3.19150876369645,2.81145918508923,3.00534976133258,3.28432064698677,2.72722936303012,2.30407545815456,2.64027017794183,2.07105057353647,2.73725396656255,2.85511397894265,2.59546533296043,1.91264473444562,2.65576129879673,2.98734280130839,0.57260428136874,2.87333383785244,2.90221017728459,2.6121306732266,2.93116267341247,2.369658433626,3.15733870506119,2.53074647129347,0.856331069637235
2.4326536286992,3.07885149957451,2.29646689165111,2.62115618099824,2.9180157548285,2.47063760209903,2.91104218224746,1.06169556351642,2.0528949460795,3.00534976133258,2.5033141742756,2.06205396058044,2.30407545815456,1.96873723096201,2.07105057353647,2.73725396656255,2.75301881356177,2.32372694090213,1.91264473444562,2.65576129879673,2.88122191723573,0.572604276240554,2.87333383785244,2.90221017728459,2.57283721398471,2.93116267341247,1.77202690283548,2.00685721623313,2.39102523245583,0.856329158929384
2.16318527483577,2.49000419748654,1.42034662372089,2.62115618099824,2.9180157548285,2.10851152889768,2.91104218224746,1.06169556351642,2.0528949460795,2.04785384637694,2.5033141742756,2.06205396058044,2.30407545815456,1.96873723096201,1.5279436103765,2.02275401335487,2.75301881356177,1.56304992858622,1.59680256742058,1.51346572975626,2.68811031545602,0.572604276240554,2.7066832979599,2.14107990338266,2.39907963538371,2.93116267341247,1.77202690283548,2.00685721623313,1.65730273813892,0.856329158929384
2.16318527483577,2.49000419748654,1.42034662372089,1.20087883707379,1.41970767240787,1.87431481005842,1.90583083270076,1.06169556351642,2.0528949460795,2.04785384637694,1.9379432406713,2.06205396058044,2.30407545815456,1.96873723096201,1.5279436103765,1.97525349708644,2.58443349430354,1.56304992858622,1.59680256742058,1.51346572975626,2.08637722887784,0.572604276240554,2.7066832979599,2.14107990338266,2.39907963538371,2.93116267341247,1.77202690283548,2.00685721623313,0.777490772859665,0.856329158929384
1.17869592637589,1.80325204099245,1.26201423518683,1.20087883707379,1.41970767240787,1.87431481005842,1.14279404491094,1.06169556351642,1.93537701450305,1.70295583043639,1.9379432406713,1.91804391551455,2.17562602186717,0.699498603875327,1.5279436103765,1.97525349708644,1.59194662952018,1.56304992858622,1.43549917095856,1.51346572975626,1.93656382363042,0.572604276240554,0.742884451403597,2.14107990338266,2.19050341883417,1.84671250625911,1.77202690283548,2.00685721623313,0.777490772859665,0.856329158929384
