879.279930002924,472.714370478202,1141.76125812266,982.682996748948,1212.50328717451,863.247679498796,914.360202006678,1142.95104075823,1063.29114613622,1213.65971644547,1127.73101056911,1018.22131673027,964.344786046855,1042.5043103642,1171.62642746302,1045.30198312884,1205.50835409904,1191.91954133347,953.021700156984,1019.1495956922,1200.85782967656,1224.02559130965,864.428831247689,1007.42291565333,929.443152133823,832.293540959949,1178.98818125812,945.460302197747,1041.85320694937,788.480834931635
879.279930002924,472.714370478202,1141.76125812266,982.682996748948,1212.50328717451,863.247679498796,914.360202006678,1142.95104075823,1063.29114613622,1213.65971644547,1127.73101056911,1018.22131673027,964.344786046855,1042.5043103642,1171.62642746302,1045.30198312884,1205.50835409904,1191.91954133347,953.021700156984,1019.1495956922,1200.85782967656,1224.02559130965,864.428831247689,1007.42291565333,929.443152133823,832.293540959949,1178.98818125812,945.460302197747,1041.85320694937,788.480834931635
879.279930002924,472.714370478202,1141.76125812266,982.682996748948,1212.50328717451,863.247679498796,914.360202006678,1142.95104075823,1063.29114613622,1213.65971644547,1127.73101056911,1018.22131673027,964.344786046855,1042.5043103642,1171.62642746302,1045.30198312884,1205.50835409904,1191.91954133347,953.021700156984,1019.1495956922,1200.85782967656,1224.02559130965,864.428831247689,1007.42291565333,929.443152133823,832.293540959949,1178.98818125812,945.460302197747,1041.85320694937,788.480834931635
748.720467953039,342.815743294465,1096.48779321469,894.945415052663,1172.08618690727,815.834393931743,850.826589619394,1115.42803720436,1025.14186209418,1202.14670491929,1103.08636018317,978.447189894277,910.721129501175,958.108447988573,1145.16882003174,832.632344899367,1205.50835409904,1098.06960331182,852.978002200692,947.612856699781,1162.07177729153,1150.96222420835,818.112646840806,880.954691978512,873.666056928554,766.957951824993,1112.25864899321,899.943576095478,978.388460743369,579.122258326219
680.759975373821,245.161117336116,822.103719190631,721.750038651448,1143.28954412685,649.755189722137,648.674845434145,984.353554309024,818.198512390752,1202.14670491929,1023.0566756816,874.73455663601,676.376568750505,751.743221106547,1040.93605937274,552.278743168446,1205.50835409904,964.187709570735,809.783582905773,599.554596624567,1028.11618986737,895.703553939896,572.687811259905,648.050195989594,752.919200441875,637.966015661167,1062.11626405609,367.055042549552,878.009085800024,488.183222092669
427.647099103806,214.745902365135,697.10891990499,699.884404632877,973.77107627102,533.792923258636,438.637896238543,704.728455530327,638.250035878943,1094.08899908303,819.813735037113,726.669623146948,445.128527419166,533.699257806863,936.230359651864,471.296962712221,1199.29394517175,550.503809281381,323.296866079208,303.178178500205,738.014679533959,560.176961698498,572.687811259905,596.800286908539,406.517972657413,442.43227046675,963.897444486882,367.055042549552,775.310559988682,476.919050932646
242.082866753618,214.745902365135,457.157156934408,461.080743106656,708.305798923401,369.926610554163,438.637896238543,437.528092150971,367.047692113239,833.445883828916,648.177039631919,494.49323960237,434.660759532164,282.879152866364,373.749735980549,471.296962712221,1186.90578149133,550.503809281381,323.296866079208,303.178178500205,697.944648945732,455.280900688631,522.878774358922,568.424676721733,406.517972657413,442.43227046675,397.424749527035,367.055042549552,470.700318272556,294.653041081616
242.082866753618,185.332706603493,413.50341214951,452.324924005649,708.305798923401,250.472517027554,438.637896238543,228.277193546217,278.843417248431,457.831176703756,507.34151964623,183.193002658451,176.999904984823,273.110973418376,229.500578663483,219.766086673967,599.397895137785,539.307194088129,236.215511993822,303.178178500205,367.66400615445,455.280900688631,186.345408542667,436.451558163182,266.923318710048,129.703756553047,377.761813641049,367.055042549552,238.180896673288,236.919997894636
55.7936500755636,34.0379504171287,62.6102061879856,68.2219991429142,97.8199393218611,45.8056308727678,59.9611362344735,82.2568368046786,81.2866510800241,102.658555960443,78.8759118349844,55.1908471663396,42.7806252229611,64.7792256257299,66.0490893222827,60.4543217577248,149.45612678965,55.8849553108103,72.141784577565,75.2791826938446,80.0133498063524,53.1189411804353,27.9563743813051,61.9703231052208,60.9066532927263,44.1548141871408,61.2208752757615,45.3756969576375,64.4042109523771,57.8795742397283
13.8597684397701,9.92832561650175,19.4064227276795,15.2274860206744,28.9153980751389,9.28961424240924,16.9206084311863,29.2463997206291,15.1888487689721,27.2258114588199,12.0622086805688,15.4351045229128,9.20038806669027,23.6228021482502,11.2835454796873,10.8493462593842,15.2213687443405,11.6001239169987,21.6930359399648,12.1010518524304,13.583540975837,9.6850504112922,10.8939066279227,10.9183302028823,18.1371131775891,8.80911750399582,19.4018971812347,11.4766016756898,9.09812929582677,17.0053327826649
0.161064043745682,0.10491303732033,0.707572206880741,0.844232787543206,0.629069941169291,0.120753212915133,0.550211167366797,1.70824225424349,0.389083258645769,1.06638108056768,0.145118751997416,0.16525762383344,0.245638132448676,1.45303846062825,0.323203607970754,0.213614055594462,0.275032316175384,0.202074046158486,0.662468773962246,0.618311392915984,0.194128882490531,0.0722535438203522,0.101339996510887,0.431132782244731,0.545016815478448,0.0520421325786629,2.2949961826348,0.363966147087012,0.0808071598967217,1.00197069510295
0.000341463477525394,0.000142544177379023,0.00129706040343081,0.000580036733026645,0.00131152459198347,0.000159787441589287,0.001547018257952,0.0011300344749543,0.000292810317205294,0.00245045253814169,0.000377502871742763,0.000208773979920807,0.000375957272353844,0.00123216640258761,0.000768221312227979,0.000300108154988266,0.000598726177486242,0.000427951388246584,0.00351026341331817,0.00110263087299245,0.000448867279828846,0.000270609778453945,0.000189203739410004,0.00257071482838001,0.000460300050235674,0.000401876061005169,0.00184518212063267,0.000547855352124316,0.000396576034290774,0.00201599762203841
5.84335339226527e-07,4.75225533591583e-07,4.07973857363686e-07,5.2142377171549e-07,4.42465079686372e-07,3.31936917064013e-07,3.39272446581163e-07,3.06247784465086e-07,3.72104750567814e-07,2.80473614111543e-07,5.00877376907738e-07,4.01882061851211e-07,3.70426278095692e-07,3.3038622859749e-07,2.91136984742479e-07,3.03596152662067e-07,3.07401023746934e-07,2.92919139610603e-07,2.73286786978133e-07,3.05358298646752e-07,5.49172909813933e-07,4.87301349494373e-07,3.2937577998382e-07,4.48364062322071e-07,6.7591054175864e-07,3.49045421899064e-07,3.66052518074866e-07,3.40182850777637e-07,5.01177510159323e-07,3.71370788343484e-07
5.84335339226527e-07,2.10987309401389e-07,4.07973857363686e-07,5.2142377171549e-07,4.42465079686372e-07,3.31936917064013e-07,3.39272446581163e-07,3.06247784465086e-07,3.28255737258587e-07,2.80473614111543e-07,2.81391294265632e-07,4.01882061851211e-07,3.70426278095692e-07,3.3038622859749e-07,2.91136984742479e-07,3.03596152662067e-07,3.07401023746934e-07,2.72306806436973e-07,2.73286786978133e-07,3.05358298646752e-07,4.06249000661774e-07,2.35733295994578e-07,3.2937577998382e-07,3.47133209288586e-07,3.11268649966223e-07,3.49045421899064e-07,3.66052518074866e-07,3.40182850777637e-07,4.34891717304708e-07,3.71370788343484e-07
3.6955816540285e-07,2.10987309401389e-07,2.97920905723004e-07,3.22488631354645e-07,3.51185008184984e-07,3.13163582177367e-07,3.39272446581163e-07,2.31186277233064e-07,2.63351466855966e-07,2.80473614111543e-07,2.45765477302484e-07,3.73362126993015e-07,2.90066054731142e-07,2.67807990894653e-07,2.91136984742479e-07,2.83937424683245e-07,2.75003458227729e-07,2.56457497016527e-07,1.91962499229703e-07,2.35926563618705e-07,2.58911768469261e-07,2.35733295994578e-07,2.08778601518134e-07,3.04124114336446e-07,3.11268649966223e-07,3.49045421899064e-07,3.66052518074866e-07,3.09046754409792e-07,2.27561486099148e-07,3.71370788343484e-07
2.54462065640837e-07,2.10987309401389e-07,2.97920905723004e-07,2.16627086047083e-07,1.65251094585983e-07,1.93038886209251e-07,2.23057668335969e-07,2.00690010387916e-07,2.48003289016197e-07,1.81782525032759e-07,1.78883965418208e-07,2.20357378566405e-07,2.58949967246735e-07,2.67807990894653e-07,2.31626017921371e-07,1.59603587235324e-07,2.04851858143229e-07,2.01614966499619e-07,1.91962499229703e-07,2.35926563618705e-07,2.58911768469261e-07,2.15805812331382e-07,2.08778601518134e-07,2.06184267881326e-07,1.91491380974185e-07,2.45203409576789e-07,2.05856849788688e-07,1.9547496776795e-07,2.27561486099148e-07,2.14879037230276e-07
