1275.4854076296,1282.43300476349,1259.06510959833,1064.53286043398,508.3984250666,1214.93728950613,358.960437404699,1044.67675028697,964.837831811628,1679.08308571661,1224.94796859064,580.449080272033,1538.3318269581,1134.75238669131,632.931786516293,209.691506894664,243.49627683329,574.814014072256,1453.5555417499,1022.86210027525,854.871190376857,1476.71276783157,1144.29535575246,803.63757822379,862.723840258809,1603.97653009072,1089.08904733383,299.046362464856,264.600877562219,653.767375688858
1106.55123279381,1056.69139048643,840.067884961765,889.573088973898,311.269780158828,1112.556144977,255.91573755169,971.612308468587,454.512639162521,1386.36987015538,1118.2261302025,297.075997289844,1372.66408621514,951.943613416011,555.978379404534,106.461597917333,166.930874281137,264.812796576235,709.970898064925,777.177981289951,450.292170411181,1476.71276783157,1025.42374576477,670.38692377533,800.525769604004,1270.03159303484,943.796359596504,116.787969750062,134.393274438737,376.272527470698
627.363489897994,1056.69139048643,618.808226721723,709.677482923497,243.829875555992,914.790613220382,217.214970109455,669.534045765143,373.86388265382,1386.36987015538,726.70268880576,297.075997289844,859.138110089561,951.943613416011,492.094111777155,78.1170494206084,85.3674067944288,159.682744071374,691.220363520081,412.662569354553,372.725100038138,1476.71276783157,547.218101025239,461.730356771447,800.525769604004,791.622364774485,394.805128596424,116.787969750062,134.393274438737,89.5588882834298
627.363489897994,664.95716169614,265.48107242521,642.489252565845,152.4225109905,620.361728196141,111.353173836695,488.018977900795,210.418160580545,793.699333976562,726.70268880576,143.27386032971,760.0837651634,530.593345386182,308.612639292894,53.5205124791425,65.1662715836695,130.075263680307,250.880395191899,305.111194022546,136.415195891405,761.648152079211,460.538380451848,219.212596767148,352.379885271666,613.868714356356,298.325919968806,76.9372161687692,113.923812879336,64.2890550016128
546.088010221609,405.318402114189,265.48107242521,356.727526880754,80.1771624361444,372.751958480744,96.9490371103965,264.633359704632,86.0200572953467,457.697677921736,118.553570045647,71.7673962390648,326.065301059054,311.183832691943,177.552538931146,49.8911252099531,46.2289574254287,66.2496672701825,189.193430289115,77.2498812550215,93.8390210889326,675.983879414728,325.524301867143,103.033765663589,247.812278890957,308.064208541664,192.395804430553,74.9378888418001,62.1578089706389,64.2890550016128
192.157497964243,405.318402114189,82.81696159551,264.635115072412,73.8168495696102,361.767016550212,81.8568059661405,264.633359704632,86.0200572953467,387.766217519722,118.553570045647,54.1932911222166,326.065301059054,230.666771279876,177.552538931146,49.8911252099531,46.2289574254287,52.8842955101711,53.5146586353527,61.3939124315892,79.3164733544744,159.284038593374,120.132887817897,69.8906683553124,247.812278890957,185.160594031339,192.395804430553,71.4099213022545,62.1578089706389,62.5383816189555
66.1976516297572,200.873199406541,42.5045166673528,158.167971585266,49.5807598617048,121.271611338634,65.6410965979477,239.672167710223,71.259306692933,200.721826800512,114.906675671183,50.1990807444069,123.393880902325,230.666771279876,177.552538931146,49.8911252099531,46.2289574254287,52.8842955101711,47.3820646403423,61.3939124315892,79.3164733544744,123.092275714193,108.178610715162,61.5101132101737,247.812278890957,40.3885178868009,100.543272363129,70.5120648016122,55.1890770636361,57.2378054701854
57.352244611213,154.507851038973,42.5045166673528,152.721560206237,49.5807598617048,110.527433710626,65.6410965979477,70.4140585305231,65.6680890900281,91.0328879074518,114.906675671183,50.1990807444069,122.632713120968,200.999140465487,44.003396560135,49.8911252099531,46.2289574254287,52.8842955101711,47.3820646403423,61.3939124315892,77.5423452734706,123.092275714193,85.5722454865817,61.5101132101737,236.051149689078,8.19371837549111,60.0838357052837,59.0253696792714,55.1890770636361,54.9115098296602
55.6998497980086,154.507851038973,42.5045166673528,84.6605515856732,49.5807598617048,98.3200661530878,65.6410965979477,59.6605054581853,65.6680890900281,64.0556187202688,114.906675671183,50.1990807444069,91.3973615131868,171.775560553018,44.003396560135,49.8911252099531,46.2289574254287,41.4459400364656,47.3820646403423,61.3939124315892,77.5423452734706,123.092275714193,61.6996894353353,55.4928056641467,199.704790594149,1.79021774502946e-05,60.0838357052837,58.8537292242702,55.1890770636361,54.9115098296602
55.6998497980086,133.267786411858,42.5045166673528,77.6211356385672,49.5807598617048,98.3200661530878,65.6410965979477,35.6989740167534,65.6680890900281,64.0556187202688,53.9959892957967,50.1990807444069,70.087674062252,171.775560553018,44.003396560135,49.8911252099531,46.2289574254287,41.4459400364656,47.3820646403423,61.3939124315892,72.0661850118624,95.8209600571112,57.0799146451546,55.4928056641467,199.704790594149,1.91211638341648e-11,54.7684821328416,56.5925931321131,43.3029757737175,54.9115098296602
43.4727372853685,70.4148082182703,42.5045166673528,77.6211356385672,49.5807598617048,78.1263137602685,65.6410965979477,35.6989740167534,65.6680890900281,64.0556187202688,45.8106426293295,50.1990807444069,70.087674062252,158.831777222689,44.003396560135,49.8911252099531,43.939719056008,41.4459400364656,47.3820646403423,59.7449558323392,72.0661850118624,95.8209600571112,39.9822892372452,55.4928056641467,68.7073517169574,8.92961843983974e-14,54.7684821328416,56.5925931321131,43.3029757737175,54.9115098296602
43.4727372853685,70.4148082182703,42.5045166673528,77.6211356385672,49.5807598617048,53.8904805441623,65.6410965979477,35.6989740167534,65.6680890900281,64.0556187202688,45.8106426293295,50.1990807444069,70.087674062252,118.183809155606,40.2532877535455,49.8911252099531,43.939719056008,41.4459400364656,47.3820646403423,59.7449558323392,72.0661850118624,95.8209600571112,39.9822892372452,55.4928056641467,49.7501047015936,8.92961843983974e-14,54.7684821328416,53.9334628388036,43.3029757737175,54.9115098296602
43.4727372853685,70.4148082182703,42.5045166673528,49.9363333993478,49.5807598617048,53.8904805441623,65.6410965979477,35.6989740167534,65.6680890900281,63.7767892583865,36.8258217119218,41.5894345486857,70.087674062252,118.183809155606,40.2532877535455,49.8911252099531,43.939719056008,41.4459400364656,47.3820646403423,59.7449558323392,60.70798870503,95.8209600571112,39.9822892372452,55.4928056641467,49.7501047015936,8.92961843983974e-14,54.7684821328416,36.5871094620914,43.3029757737175,54.1311482724971
43.4727372853685,65.70086397655,42.5045166673528,46.4607581667781,47.2503291364336,53.8904805441623,65.6410965979477,35.6989740167534,58.3668750453497,63.7767892583865,36.8258217119218,39.0094752996553,42.6775071329289,118.183809155606,40.2532877535455,42.2280283317027,41.9155951990774,41.4459400364656,47.3820646403423,56.0037368900421,60.70798870503,92.9319840896909,39.9822892372452,41.0115940484894,49.7501047015936,3.57454495113739e-14,43.6703470501115,36.5871094620914,36.5303939464882,54.1311482724971
