1275.4854076296,1282.43300476349,1259.06510959833,1064.53286043398,830.234674788803,1214.93728950613,457.227607440959,1044.67675028697,985.64082127209,1679.08308571661,1224.94796859064,961.498611548334,1538.3318269581,1134.75238669131,632.931786516293,366.787652854056,831.320200672634,703.630811868888,1594.14393187398,1093.75516630227,966.352201196095,1476.71276783157,1144.29535575246,930.670441021871,862.723840258809,1745.64474221827,1089.08904733383,401.108711245059,695.443222086963,1187.59230570779
1275.4854076296,1282.43300476349,1259.06510959833,1064.53286043398,830.234674788803,1214.93728950613,457.227607440959,1044.67675028697,985.64082127209,1679.08308571661,1224.94796859064,961.498611548334,1538.3318269581,1134.75238669131,632.931786516293,366.787652854056,831.320200672634,703.630811868888,1594.14393187398,1093.75516630227,966.352201196095,1476.71276783157,1144.29535575246,930.670441021871,862.723840258809,1745.64474221827,1089.08904733383,401.108711245059,695.443222086963,1187.59230570779
1275.4854076296,1282.43300476349,1259.06510959833,1064.53286043398,830.234674788803,1214.93728950613,457.227607440959,1044.67675028697,985.64082127209,1679.08308571661,1224.94796859064,961.498611548334,1538.3318269581,1134.75238669131,632.931786516293,267.2309764171,627.175520701529,703.630811868888,1594.14393187398,1093.75516630227,966.352201196095,1476.71276783157,1144.29535575246,930.670441021871,862.723840258809,1745.64474221827,1089.08904733383,401.108711245059,695.443222086963,1022.92846617842
1275.4854076296,1282.43300476349,1259.06510959833,1064.53286043398,830.234674788803,1214.93728950613,457.227607440959,1044.67675028697,985.64082127209,1679.08308571661,1224.94796859064,961.498611548334,1538.3318269581,1134.75238669131,632.931786516293,267.2309764171,627.175520701529,703.630811868888,1594.14393187398,1093.75516630227,966.352201196095,1476.71276783157,1144.29535575246,930.670441021871,862.723840258809,1745.64474221827,1089.08904733383,326.166516386932,582.727309588248,1022.92846617842
1275.4854076296,1282.43300476349,1259.06510959833,1064.53286043398,729.219939296893,1214.93728950613,457.227607440959,1044.67675028697,985.64082127209,1679.08308571661,1224.94796859064,802.514287868388,1538.3318269581,1134.75238669131,632.931786516293,251.623985712627,404.912699580239,574.814014072256,1453.5555417499,1022.86210027525,854.871190376857,1476.71276783157,1144.29535575246,930.670441021871,862.723840258809,1745.64474221827,1089.08904733383,299.046362464856,381.047012599088,769.020246994141
1275.4854076296,1282.43300476349,1259.06510959833,1064.53286043398,508.3984250666,1214.93728950613,358.960437404699,1044.67675028697,964.837831811628,1679.08308571661,1224.94796859064,580.449080272033,1538.3318269581,1134.75238669131,632.931786516293,209.691506894664,243.49627683329,574.814014072256,1453.5555417499,1022.86210027525,854.871190376857,1476.71276783157,1144.29535575246,803.63757822379,862.723840258809,1603.97653009072,1089.08904733383,299.046362464856,264.600877562219,653.767375688858
1106.55123279381,1282.43300476349,840.067884961765,889.573088973898,401.789391868822,1112.556144977,255.91573755169,971.612308468587,694.960398257261,1386.36987015538,1118.2261302025,532.442897447757,1372.66408621514,1134.75238669131,555.978379404534,157.450721570047,243.49627683329,322.976668602464,1194.94275446663,859.264016979856,558.742016637561,1476.71276783157,1025.42374576477,670.38692377533,862.723840258809,1270.03159303484,943.796359596504,131.213993935855,146.141102696125,376.272527470698
627.363489897994,1056.69139048643,618.808226721723,889.573088973898,243.829875555992,1112.556144977,217.214970109455,669.534045765143,454.512639162521,1386.36987015538,1118.2261302025,297.075997289844,1372.66408621514,951.943613416011,492.094111777155,100.353749116586,117.959348703372,240.908726446287,709.970898064925,458.286825028279,372.725100038138,1476.71276783157,547.218101025239,530.120682497484,800.525769604004,791.622364774485,394.805128596424,116.787969750062,134.393274438737,177.066015051283
627.363489897994,664.95716169614,403.73067399287,709.677482923497,152.4225109905,914.790613220382,111.353173836695,597.13120344909,280.776053540966,832.568909140614,726.70268880576,195.64860650111,859.138110089561,710.097405392822,383.620438314926,69.745560823094,66.6214100209754,130.075263680307,490.107670306353,308.082257346312,181.032534699737,1086.11427175143,483.585024191692,418.886785095921,421.111596082876,688.906271528063,394.805128596424,90.7195557169729,113.923812879336,89.5588882834298
598.229681078519,664.95716169614,265.48107242521,493.664701382291,152.4225109905,533.899652416207,102.919074518562,417.248486983251,188.368709616335,669.328843517667,700.467370824841,105.720536822211,523.518143204338,530.593345386182,177.552538931146,53.5205124791425,46.2289574254287,87.1266956526802,189.193430289115,123.564313768352,124.149432291321,761.648152079211,392.367445218854,219.212596767148,352.379885271666,444.681130129068,192.395804430553,76.9372161687692,91.1421039134969,64.2890550016128
546.088010221609,405.318402114189,265.48107242521,356.727526880754,80.1771624361444,372.751958480744,96.9490371103965,264.633359704632,86.0200572953467,457.697677921736,118.553570045647,71.7673962390648,326.065301059054,311.183832691943,177.552538931146,49.8911252099531,46.2289574254287,66.2496672701825,189.193430289115,77.2498812550215,93.8390210889326,675.983879414728,325.524301867143,103.033765663589,247.812278890957,308.064208541664,192.395804430553,74.9378888418001,62.1578089706389,64.2890550016128
374.165662236639,405.318402114189,261.428208774025,356.727526880754,73.9523943600956,372.751958480744,81.8568059661405,264.633359704632,86.0200572953467,457.697677921736,118.553570045647,54.1932911222166,326.065301059054,230.666771279876,177.552538931146,49.8911252099531,46.2289574254287,66.2496672701825,189.193430289115,76.9169789478059,79.3164733544744,308.391986210898,152.680362763431,76.5817626449789,247.812278890957,185.160594031339,192.395804430553,74.8361176741661,62.1578089706389,64.2890550016128
70.7044598548776,200.873199406541,42.5045166673528,264.635115072412,72.3930705123221,121.271611338634,65.6410965979477,239.672167710223,71.259306692933,247.630985834273,114.906675671183,54.1932911222166,292.338878519853,230.666771279876,177.552538931146,49.8911252099531,46.2289574254287,52.8842955101711,53.5146586353527,61.3939124315892,79.3164733544744,123.092275714193,120.132887817897,61.5101132101737,247.812278890957,111.84696338561,192.395804430553,70.5120648016122,59.3504519459799,62.5383816189555
57.352244611213,154.507851038973,42.5045166673528,152.721560206237,49.5807598617048,110.527433710626,65.6410965979477,70.4140585305231,65.6680890900281,91.0328879074518,114.906675671183,50.1990807444069,122.632713120968,200.999140465487,44.003396560135,49.8911252099531,46.2289574254287,52.8842955101711,47.3820646403423,61.3939124315892,77.5423452734706,123.092275714193,85.5722454865817,61.5101132101737,236.051149689078,8.19371837549111,60.0838357052837,59.0253696792714,55.1890770636361,54.9115098296602
46.4713856776793,70.4148082182703,42.5045166673528,77.6211356385672,49.5807598617048,98.3200661530878,65.6410965979477,35.6989740167534,65.6680890900281,64.0556187202688,45.8106426293295,50.1990807444069,70.087674062252,171.775560553018,44.003396560135,49.8911252099531,43.939719056008,41.4459400364656,47.3820646403423,59.7449558323392,72.0661850118624,95.8209600571112,39.9822892372452,55.4928056641467,173.873321595201,6.24885796226599e-13,54.7684821328416,56.5925931321131,43.3029757737175,54.9115098296602
43.4727372853685,65.70086397655,42.5045166673528,46.4607581667781,47.2503291364336,53.8904805441623,65.6410965979477,35.6989740167534,58.3668750453497,63.7767892583865,36.8258217119218,39.0094752996553,42.6775071329289,118.183809155606,40.2532877535455,42.2280283317027,41.9155951990774,41.4459400364656,47.3820646403423,56.0037368900421,60.70798870503,92.9319840896909,39.9822892372452,41.0115940484894,49.7501047015936,3.57454495113739e-14,43.6703470501115,36.5871094620914,36.5303939464882,54.1311482724971
