39382394647.0101,50824407832.0532,69211204031.8602,88223702583.1958,35774530420.4893,69640602402.8541,83800026826.4189,37782258571.9685,70681801191.5181,50160321627.693,74094532656.1222,74826263690.0356,49239430315.5781,58960167907.5881,63258696569.5769,97493176536.1634,95800603089.4366,86163552553.5911,93151381715.0895,45769209560.4883,52641607693.1848,54554049652.8611,87312797930.7566,76632011406.2515,37544221393.7642,84021318183.6328,52558155711.2435,79987929193.0739,66151823183.3974,103317724104.418
39382394647.0101,50824407832.0532,69211204031.8602,88223702583.1958,35774530420.4893,69640602402.8541,83800026826.4189,37782258571.9685,70681801191.5181,50160321627.693,74094532656.1222,74826263690.0356,49239430315.5781,58960167907.5881,63258696569.5769,97493176536.1634,95800603089.4366,86163552553.5911,93151381715.0895,45769209560.4883,52641607693.1848,54554049652.8611,87312797930.7566,76632011406.2515,37544221393.7642,84021318183.6328,52558155711.2435,79987929193.0739,66151823183.3974,103317724104.418
39382394647.0101,50824407832.0532,69211204031.8602,88223702583.1958,35774530420.4893,69640602402.8541,83800026826.4189,37782258571.9685,70681801191.5181,50160321627.693,74094532656.1222,74826263690.0356,49239430315.5781,58960167907.5881,63258696569.5769,97493176536.1634,95800603089.4366,86163552553.5911,93151381715.0895,45769209560.4883,52641607693.1848,54554049652.8611,87312797930.7566,76632011406.2515,37544221393.7642,84021318183.6328,52558155711.2435,79987929193.0739,66151823183.3974,103317724104.418
39382394647.0101,50824407832.0532,69211204031.8602,88223702583.1958,35774530420.4893,69640602402.8541,83800026826.4189,37782258571.9685,70681801191.5181,50160321627.693,74094532656.1222,74826263690.0356,49239430315.5781,58960167907.5881,63258696569.5769,97493176536.1634,95800603089.4366,86163552553.5911,93151381715.0895,45769209560.4883,52641607693.1848,54554049652.8611,87312797930.7566,76632011406.2515,37544221393.7642,84021318183.6328,52558155711.2435,79987929193.0739,66151823183.3974,103317724104.418
39382394647.0101,50824407832.0532,69211204031.8602,88223702583.1958,35774530420.4893,69640602402.8541,83800026826.4189,37782258571.9685,70681801191.5181,50160321627.693,74094532656.1222,74826263690.0356,49239430315.5781,58960167907.5881,63258696569.5769,97493176536.1634,95800603089.4366,86163552553.5911,93151381715.0895,45769209560.4883,52641607693.1848,54554049652.8611,87312797930.7566,76632011406.2515,37544221393.7642,84021318183.6328,52558155711.2435,79987929193.0739,66151823183.3974,103317724104.418
34792342711.9775,50824407832.0532,61847763001.8251,88223702583.1958,33604448979.1855,63574757466.8906,81039538749.1565,32978419942.8461,69931201517.6296,50160321627.693,69227121889.6947,69299351294.5417,45954546892.5498,52788248305.2587,57241783944.2888,91923720766.8868,85587695837.6559,83139818553.384,92605902476.1944,45769209560.4883,46550634141.8188,50959141391.773,77060123721.1854,76632011406.2515,35350560386.8735,79408658430.7509,52558155711.2435,72950466300.6017,60457857624.9474,99143659708.0729
32224577663.74,44429125008.0917,50411549972.4561,86976266847.2303,27333522710.878,56190535268.1443,76755197795.9031,32978419942.8461,65180052294.1359,46821813127.0077,69227121889.6947,65597910898.0023,45954546892.5498,45230470298.7479,57241783944.2888,91923720766.8868,85587695837.6559,83139818553.384,92605902476.1944,41400922073.1121,46550634141.8188,50959141391.773,75286948362.8614,66329621131.7587,35350560386.8735,71216845455.1324,47693502083.5385,66746487699.7202,60457857624.9474,86299191252.7515
19709703073.753,36287972242.5462,23021887512.4211,78591317576.5879,20771989383.7419,44376141610.321,63829514334.262,26124717705.4492,50956478722.1825,36408275522.0862,53384117572.0518,50020966096.9048,32101364661.5734,33290607800.9913,44622844165.0663,72860518537.3913,75679790514.4709,75180650780.7726,78880253783.3699,30232456359.5868,28862852975.7341,32202320485.5695,67884959203.9063,46824180715.4548,28652077328.4861,46233212697.3263,34287762287.6024,36382341136.4648,38072297534.6932,68933828645.2048
9904569906.8427,23631647421.3603,13872973960.8275,47896468894.7266,11108143556.9582,19497206515.1697,41374201506.572,18792024100.4209,28981470704.6987,16908467166.0169,25235334355.7757,37144157826.4927,21054884012.2937,21399528336.3428,31375649619.9839,46690027359.9313,55639794715.2572,47310749723.2073,45684556653.4391,14989945049.4065,18497481393.2357,21032301389.0913,39229185449.3052,19570981587.6791,16580744553.5695,18614983325.748,15961973513.0775,16433049065.4085,22526349834.8526,48093267186.9081
2470049905.53161,4953050220.39404,3870809824.43096,5011621071.72573,1435793143.16672,3359660132.14779,7404612349.1604,2265950642.87681,1912200325.66357,3295983467.76414,3021109201.78625,7377212637.9816,1804828730.44063,4324607048.62155,5833707553.03546,8995313887.87167,5752250965.45953,4163212346.75675,13553208456.9269,6411656700.21314,1664789904.47404,3168432406.25703,9246387239.48808,1385453557.23902,2964922592.49011,2702752498.02511,2313189625.08705,2103706487.69613,2710577615.88355,6737865320.53982
421468995.174407,1506513642.64704,1080002961.72075,1046526147.23416,1302507360.6556,1068534300.89559,2225603374.33971,1682450003.27917,277345487.638311,1795713161.71246,2678592766.05462,1644022160.54611,213227771.673595,1174732968.61505,3577525681.63682,998356953.670139,2469258046.866,1955340991.52899,1324974856.4464,1451230862.18406,857018124.494608,2076151564.29584,1532239052.76167,323993751.929706,958260293.713316,980258795.475819,1510079902.05383,1328292821.34722,1165724911.11214,2030912877.26319
46912098.5227085,75615110.1551403,24245475.3860651,67011319.591738,57308636.5066097,62588775.4891935,103584313.051841,55651651.7880456,31452664.5927316,87809845.3317648,119325275.352765,146199420.428491,61877737.5081904,54550312.58391,335148726.961544,110782571.981934,59508236.436952,103402331.8472,105055222.814354,109227622.064235,83081937.8201279,189846015.648294,136266835.889948,13147567.3048752,108842205.336564,26691868.47249,166653219.73098,41531221.3645515,97508903.0992322,44026500.7953819
656682.260438919,2522889.20045226,511569.062958734,1589850.93367075,1852692.77559761,2654337.65414036,815656.382634831,1276048.26747004,494537.897933841,1775788.60736516,2197248.68639048,1552238.5152856,1046036.21612841,3018711.33498138,2020146.20491732,2168794.47876846,1621950.70673349,6086090.22285103,1681596.47676503,997323.586770882,1133519.35559812,1004121.71963188,1850699.57542391,445330.215448716,2660548.73384091,848808.252759464,954251.816268237,852571.870250048,3483063.86904758,438029.661703748
51450.5502665325,20765.6735239471,15900.2533301516,40785.7235070533,21969.2360857695,49201.6460654467,12977.1911294577,23562.7471918597,24942.3150185478,34648.8674110623,36677.0326495765,28973.3258742394,68412.9685986526,48876.2184767799,48299.5799349035,58341.5835010456,13961.8664561675,60476.1358050548,29551.7557378898,93629.8172468402,18505.4387714085,74734.2782907832,34651.8855443874,14277.9141794909,68458.1654276266,75714.3917336969,39753.948844473,31850.1820824971,60721.7736564697,19836.1696623299
1212.18971085659,952.16334507149,1990.00574129563,1934.03079808361,2585.52921600396,1383.6022104896,1967.39902767514,1627.56568188432,319.987673488112,1974.29838440563,1827.24679507438,953.35641522171,1378.26492351144,1717.49786815894,1468.28953072813,1540.46016824305,745.134919749899,1111.35091065844,1842.3584938955,3307.07339007633,1535.49682474191,1347.84791531447,1811.19689336632,788.63701068179,2764.022261904,1814.42653455189,1735.44318893111,1695.04106608549,1220.59487414384,1377.68997495276
1031.03052217151,931.1146645855,1974.93543439498,1062.41990232309,1460.48067605918,894.350206075679,1806.17941020276,1207.31336543475,245.98246464716,1895.31749562542,985.59868266887,572.97371758595,649.458748181728,1329.15096984777,1017.74291707151,1212.32857702003,673.786502759154,657.301458616993,1533.99295971841,1220.70884099153,916.655118606533,964.037209891688,1535.16210072106,491.717827024196,2574.07732875114,1792.49329174999,1033.369960466,1622.99647938866,974.714537161041,1135.86566259729
