63413540303.3658,39243076208.4076,70608842871.2124,17504312255.4958,27196825647.9668,85130653831.9813,69133817381.3806,48166024290.4379,53489735043.7196,54285153517.8368,17477097155.7173,16046091375.522,48159570588.3244,37241824259.9701,72314697593.8572,52651861440.1715,21734245183.1195,45286071878.6369,31731106108.6078,86677945076.4561,223902273974.206,43473622408.6807,34849326917.6123,33221412406.7366,13186623856.4342,78530515790.8347,62198798740.8764,63560930218.1686,44713015745.5681,117800759361.635
5235833551.25473,3394977646.01133,34874682518.9917,4108076525.06984,2210339033.91359,8754033874.24208,2401200575.91508,4935755139.84773,6059600336.79034,6121656296.29271,3433652944.54476,2363581755.98329,2866994124.88526,2389611723.96419,3731646363.08051,5895844238.71208,6056268687.02845,3264507402.88388,6469610500.82821,3251707075.70729,102984604586.278,6531047150.10755,4804723239.8098,3752200054.54569,3269484988.10816,7790906560.35608,5812969537.54969,1868383712.26656,5705491737.56416,12099323928.1447
5235833551.25473,3394977646.01133,13487409783.5286,2004426155.58833,1774388085.65487,6963421831.73086,1804286530.64515,2424325588.77002,3436404357.27218,1438321405.92151,3024272472.22185,1292065755.57982,2194903053.82801,1975149259.66267,2718620891.50196,3282887953.14511,3748804645.69026,3010088740.42095,2541366329.13766,2096310785.47291,21659683194.5913,2922850627.51632,2041769785.84763,3426869251.18727,948993088.47416,3339623620.37026,2663405163.92752,1002863527.70362,2376437314.14056,3557000933.31423
905779479.253322,1765475308.06065,1784640201.59351,214993680.946252,503053359.021943,798681080.88715,306319579.872811,664196283.753978,1280359056.51618,546908390.408121,622610827.795428,289439098.55181,489057913.326874,482757001.634209,394304615.863415,412104534.783755,676764936.807812,251257442.777519,621772594.985305,1153386115.43884,9346644802.00896,345911042.027203,311694531.930447,1420100182.66507,169451038.142683,490629415.836257,2663405163.92752,224114419.739405,385222352.311776,899193492.537895
18240293.1972332,23065760.0491312,1784640201.59351,849392.250559583,1052964.44247224,15739444.5590755,912782.188431295,2093982.47592661,40245873.5231382,11455735.1713343,9074114.82151974,1903752.25915054,4700472.30047023,9155595.1797452,4536277.23073281,6726374.19263631,6593150.04968279,3579322.69000528,2006574.56044354,2456019.51394077,553469285.453604,5264995.91232431,2819170.09241117,7401077.57798299,700583.264348534,11850205.3003602,743122663.206204,1039432.11248826,11348033.1635655,4643138.17427938
50699.8274249418,55674.4060386067,1731068401.73806,48509.827340872,82361.4940335183,44055.5500197643,102163.522661988,113214.444442821,83156.7481475072,95453.1331566173,55751.9678450863,93086.3941206963,38008.1676366106,93812.8115113725,61511.4092084219,88619.242664411,39434.5267422092,26112.3626882789,33922.7578437746,38289.7035527384,10618194.4720159,33364.3403298122,75438.5341694449,115441.946365374,52593.4560371792,44770.8653474618,2422724.2448306,42577.4752801038,109127.361125386,36805.6150271704
27742.6419825936,40647.5633012719,34970691.4418003,16860.3617246195,20669.3925260084,36237.5828580699,26552.5787172253,27185.3876957262,61757.1731420886,83066.8934280155,34936.718259521,19265.3507232718,32404.8586007327,53980.4734543255,13737.575084434,32721.7315332411,26728.9479501931,16872.5938847407,11904.9806176531,16798.2724886888,372450.22912444,13035.1468764223,26883.5862179032,23194.1010622905,21686.8914367376,19245.9468196433,68276.950282653,17010.5714774428,56514.0247633002,31783.3699969455
11367.7670599468,9472.21978759427,792060.302176142,10966.5472199009,10257.2326700226,9461.96424133239,10866.239129066,13658.317402081,16921.1999674929,22583.3438670468,11289.5359883505,7491.97809780207,8047.95711420199,15796.8374554194,7382.88821930341,17692.8469628305,11660.3268350668,10307.0643651002,7016.20894379423,12626.9532437156,72362.8974753703,7768.33884077496,11252.9645091007,12891.1562336931,12042.244350033,8659.93950811342,22477.5689065674,9676.79178630656,16773.8462558809,11731.3247998672
6718.33896385316,7222.13001869413,90012.0730683585,5861.833870095,4905.13157406546,7272.94400373432,6079.36763015263,7989.92533545412,12913.6603310249,8990.16562416169,7410.55839383666,4496.65412202616,6527.69579632799,7594.59444475657,4318.14345723114,9793.91694580814,7886.90958843046,4868.97261301779,3813.80855913298,5688.39589703897,67964.1981206051,4670.23559607774,6174.50606300403,6474.30950590805,4320.0449662317,4246.3927922987,10981.8191770231,5003.32138446093,8596.80194551678,8730.72099247385
4216.68025532708,3631.87218204843,13875.8576145618,1750.92203450771,1599.53259451857,3781.18126326041,2363.4629696779,3027.99287609536,4841.66770364138,3941.87219683559,4081.29862994737,2431.85578475026,4387.68960138787,3359.77170122214,1784.63712305913,4260.62564013621,4335.15586722514,1976.90918809183,1521.22277754458,2037.93671033995,53176.5386098761,2218.09350539137,4701.41418380264,2142.6011602066,1668.59554315794,2551.44286947626,4476.08847386436,1931.85374443816,4565.82989683087,5167.44073829375
1449.22600347866,1865.25521548763,3994.81722960982,520.425899655218,366.257680593968,2035.02437366668,449.986162664014,567.713014606391,3460.96697866417,2021.1472323053,1157.26927775615,470.959747710171,2395.58935080619,1368.64483833639,559.079116764544,1034.02613715825,1642.81053016639,755.018546790908,474.540366284738,522.907192249394,31649.1374401403,638.000036256175,1976.82773700098,599.714068095989,610.061286134695,1133.28798950827,925.233010060644,541.977460586365,1479.8462213628,1747.01057720416
360.373737361751,622.088835380952,1191.16868684782,173.31308962636,136.44322719586,721.718658192723,181.985737004152,207.771633741568,1969.46414471409,795.328077951264,449.093959629077,98.4217007664861,796.546606278074,469.725703935244,270.135102546649,403.20216297827,643.101592327758,244.658066671795,174.669814505031,296.74444387145,31649.1374401403,216.656560149259,691.341124755611,217.952177413837,250.805730710972,403.095346366927,241.963264444271,214.383482960463,569.782088485623,663.306021760779
218.506494957742,363.039197617677,767.95707918155,122.360894777897,128.424968752118,386.716561444646,144.797545885405,148.416576038952,1371.99180418113,514.519088691569,300.958297431845,86.6736600934914,260.890261293692,271.877148745921,196.885831616214,238.200282064516,286.147438503733,178.869227967731,155.931716558307,174.647949246935,31649.1374401403,194.864970005992,412.139365426082,196.551356266529,146.205196834534,318.228500406802,206.012669874438,151.825118115559,379.555180675454,396.969715757676
218.506494957742,363.039197617677,767.95707918155,122.360894777897,128.424968752118,386.716561444646,144.797545885405,148.416576038952,1371.99180418113,514.519088691569,300.958297431845,86.6736600934914,260.890261293692,271.877148745921,196.885831616214,238.200282064516,286.147438503733,178.869227967731,155.931716558307,174.647949246935,31649.1374401403,194.864970005992,412.139365426082,196.551356266529,146.205196834534,318.228500406802,206.012669874438,151.825118115559,379.555180675454,396.969715757676
