64823146158.1579,103878145550.985,76870976296.6609,96939267711.3412,89676117805.9036,86748633173.7509,92458526625.3591,54335617912.176,73267512112.7526,95711895348.4728,69959154297.1342,91815901625.0828,60070599479.9452,137422290732.925,87294899888.451,123753470948.493,115172019160.078,108162140503.591,100983691775.79,97859743844.2178,46960212007.1276,121709292971.804,94399504112.7559,102501745796.316,75614089508.3451,120415799315.539,87473677255.7431,103074929025.591,83451147674.4999,69083716901.676
64823146158.1579,103878145550.985,76870976296.6609,96939267711.3412,89676117805.9036,86748633173.7509,92458526625.3591,54335617912.176,73267512112.7526,95711895348.4728,69959154297.1342,91815901625.0828,60070599479.9452,137422290732.925,87294899888.451,123753470948.493,115172019160.078,108162140503.591,100983691775.79,97859743844.2178,46960212007.1276,121709292971.804,94399504112.7559,102501745796.316,75614089508.3451,120415799315.539,87473677255.7431,103074929025.591,83451147674.4999,69083716901.676
64823146158.1579,103878145550.985,76870976296.6609,96939267711.3412,89676117805.9036,86748633173.7509,92458526625.3591,54335617912.176,73267512112.7526,95711895348.4728,69959154297.1342,91815901625.0828,60070599479.9452,137422290732.925,87294899888.451,123753470948.493,115172019160.078,108162140503.591,100983691775.79,97859743844.2178,46960212007.1276,121709292971.804,94399504112.7559,102501745796.316,75614089508.3451,120415799315.539,87473677255.7431,103074929025.591,83451147674.4999,69083716901.676
64823146158.1579,103878145550.985,76870976296.6609,96939267711.3412,89676117805.9036,86748633173.7509,92458526625.3591,54335617912.176,73267512112.7526,95711895348.4728,69959154297.1342,91815901625.0828,60070599479.9452,137422290732.925,87294899888.451,123753470948.493,115172019160.078,108162140503.591,100983691775.79,97859743844.2178,46960212007.1276,121709292971.804,94399504112.7559,102501745796.316,75614089508.3451,120415799315.539,87473677255.7431,103074929025.591,83451147674.4999,69083716901.676
64823146158.1579,103878145550.985,76870976296.6609,96939267711.3412,89676117805.9036,86748633173.7509,92458526625.3591,54335617912.176,73267512112.7526,95711895348.4728,69959154297.1342,91815901625.0828,60070599479.9452,137422290732.925,87294899888.451,123753470948.493,115172019160.078,108162140503.591,100983691775.79,97859743844.2178,46960212007.1276,121709292971.804,94399504112.7559,102501745796.316,75614089508.3451,120415799315.539,87473677255.7431,103074929025.591,83451147674.4999,69083716901.676
64823146158.1579,103878145550.985,76870976296.6609,96939267711.3412,89676117805.9036,86748633173.7509,92458526625.3591,54335617912.176,73267512112.7526,95711895348.4728,69959154297.1342,91815901625.0828,60070599479.9452,137422290732.925,87294899888.451,123753470948.493,115172019160.078,108162140503.591,100983691775.79,97859743844.2178,46960212007.1276,121709292971.804,94399504112.7559,102501745796.316,75614089508.3451,120415799315.539,87473677255.7431,103074929025.591,83451147674.4999,69083716901.676
64823146158.1579,103878145550.985,76870976296.6609,96939267711.3412,89676117805.9036,86748633173.7509,92458526625.3591,54335617912.176,73267512112.7526,95711895348.4728,69959154297.1342,91815901625.0828,60070599479.9452,137422290732.925,87294899888.451,123753470948.493,115172019160.078,108162140503.591,100983691775.79,97859743844.2178,46960212007.1276,121709292971.804,94399504112.7559,102501745796.316,75614089508.3451,120415799315.539,87473677255.7431,103074929025.591,83451147674.4999,69083716901.676
64823146158.1579,103878145550.985,76870976296.6609,96939267711.3412,89676117805.9036,86748633173.7509,92458526625.3591,54335617912.176,73267512112.7526,95711895348.4728,69959154297.1342,91815901625.0828,60070599479.9452,137422290732.925,82278373208.9586,123753470948.493,115172019160.078,108162140503.591,100983691775.79,97859743844.2178,45244148877.9087,121709292971.804,94399504112.7559,102501745796.316,75614089508.3451,120415799315.539,87473677255.7431,103074929025.591,83451147674.4999,69083716901.676
63674861274.5627,103878145550.985,76438653014.7224,88629869753.472,79562492210.1807,84879384277.5733,88027619579.6595,54335617912.176,71049672781.1911,95711895348.4728,65797698520.9513,91815901625.0828,51251440879.4619,137422290732.925,81311245921.378,118902287240.575,101841862923.536,108162140503.591,100983691775.79,95385364302.5436,42036904985.4898,121709292971.804,90397446742.2367,96948116854.9859,75614089508.3451,117673086713.627,87473677255.7431,98240393838.9208,83451147674.4999,69083716901.676
60632558995.2843,89650860179.8029,65723689170.6746,75913102690.9242,79562492210.1807,83082578150.2253,78625804815.5984,49612018009.3847,66202435527.504,88650242876.979,62799799362.8613,91815901625.0828,43770036011.3035,131257974611.2,62981607367.1402,112149980280.373,99156099472.9974,103252210205.003,98333474702.3214,91220476290.8058,39354095008.5213,118037214809.98,85712226801.6544,93270833879.0223,67156098768.863,103845676469.681,83241252269.8157,94400499423.9929,77905244617.4305,69083716901.676
47747671588.5034,64393368609.735,30496612799.8977,27180868795.7191,79562492210.1807,69869581468.988,36553971167.8066,40010896585.8286,48673801763.5543,77613142514.87,53370518718.4666,82239586034.3445,20756788213.8984,116385138126.936,29000012488.4367,93678117066.5804,55822587590.1619,95969263998.4402,92248242092.7956,80672484561.5301,5486989333.761,115454325350.62,85712226801.6544,76308472131.5143,28957909263.5232,57666466840.0095,67227261930.5827,66154878577.5558,72175357321.0171,58574879923.4115
13018877945.5604,7806848844.61866,3059006473.04275,4206803049.64419,11043990777.1943,10811556130.5732,1406202994.58839,12700531718.2523,5071967215.42191,36688090345.3635,7490045461.14168,43068183252.4394,2143388889.26859,67360303102.3312,2191326251.178,12843392083.3038,1653993543.18497,52771021802.9108,81450814857.8618,33626601218.1945,2427101591.89018,102075865643.637,6888419626.30045,36042073791.5239,2282533125.63847,3339082726.36914,47484962382.6669,4663321111.66768,2832485359.28314,14133821534.4474
1106521877.10805,1352977717.74287,1860114308.84687,598410774.263507,1645282993.53807,2489497741.90203,248202997.757932,1983084379.99894,1553505973.64017,2702333673.28022,1507418411.20625,4078831767.53094,137414812.55104,2788275228.77661,269432124.779391,2422746828.41288,776106231.099823,2276126023.60015,16365523158.7432,2039099076.13273,55996099.6840702,10047147198.0012,1219306065.15508,2410895682.19217,243953142.51287,2615885229.67895,2729634816.92368,2313836503.78898,541747304.039961,1459595991.47325
79303523.9885472,22715510.6471641,60333264.0412082,2618898.97030608,58003760.5177207,180499308.360007,317571.090971648,1826187077.02793,29748451.5442233,143756223.34664,173547200.156844,954576067.823081,330186.395919184,2788275228.77661,425193.56423458,469590770.558905,3015758.63343256,379423396.675552,1401862102.70851,1322026794.84907,60739.7308523496,2961008782.24054,45424787.9080553,1216574248.00384,314424.505878258,52281422.1355577,1642186739.31229,124455714.098799,4415620.20801038,1459595991.47325
59236.0622520938,34349.6022266927,33384.7045168635,25985.0142388833,22298.3131245994,429110.401513235,20736.460904911,6835155.18958905,20801.8793002916,166047.752064742,108103.221011898,11951430.8696893,27144.6560373988,41806510.1930417,21669.3919612216,184095.009024842,33832.5912294499,1411234.2172547,18448221.7166971,1458764.35305474,6779.25343848456,147171097.239219,57382.8227370432,2713772.03688981,11107.7268789076,22581.454828092,24099802.445601,35840.6068869741,37702.0209404878,1462763.8519122
16168.0968905267,7359.46714006759,511.114759778012,1608.98028222546,4142.39784191293,30019.0532524893,1129.72028628323,1174.82644924777,4805.13603170061,20453.3104759088,35855.9911362517,814855.611536102,1181.14281538421,13710.1491761211,830.910901668547,1442.85110988874,2600.32421645245,15163.7656380989,18448221.7166971,771.608801277477,480.526065845578,4576858.90531383,11712.1903276443,27837.4366084105,818.837884289617,595.912231596612,961323.515395847,578.284844979905,6634.50534971327,786.610592733556
