37987605150.9925,12243834355.235,6056292978.37189,18080116686.3215,9494947351.11196,1666855343.60564,9716386935.77094,4496067195.95899,29363453175.4872,27446157224.5418,44978299613.3003,17800072497.3591,10746967452.5158,26715308655.9468,727784255.865363,5409713135.52972,9582009470.57045,5889445615.97954,4720117374.54339,35879060196.5909,15984584043.3026,29739238242.8288,17555390958.2188,8672689551.37212,898120755.283496,21524846305.1123,26913824044.4534,26749998976.2518,7918080235.85756,28952159959.233
37987605150.9925,12243834355.235,6056292978.37189,18080116686.3215,9494947351.11196,1666855343.60564,9716386935.77094,4496067195.95899,29363453175.4872,27446157224.5418,44978299613.3003,17800072497.3591,10746967452.5158,26715308655.9468,727784255.865363,5409713135.52972,9582009470.57045,5889445615.97954,4720117374.54339,35879060196.5909,15984584043.3026,29739238242.8288,17555390958.2188,8672689551.37212,898120755.283496,21524846305.1123,26913824044.4534,26749998976.2518,7918080235.85756,28952159959.233
37987605150.9925,12243834355.235,6056292978.37189,18080116686.3215,9494947351.11196,1666855343.60564,9716386935.77094,4496067195.95899,29363453175.4872,27446157224.5418,44978299613.3003,17800072497.3591,10746967452.5158,26715308655.9468,727784255.865363,5409713135.52972,9582009470.57045,5889445615.97954,4720117374.54339,35879060196.5909,15984584043.3026,29739238242.8288,17555390958.2188,8672689551.37212,898120755.283496,21524846305.1123,26913824044.4534,26749998976.2518,7918080235.85756,28952159959.233
37987605150.9925,12243834355.235,6056292978.37189,18080116686.3215,9494947351.11196,1666855343.60564,9716386935.77094,4496067195.95899,29363453175.4872,27446157224.5418,44978299613.3003,17800072497.3591,10746967452.5158,26715308655.9468,727784255.865363,5409713135.52972,9582009470.57045,5889445615.97954,4720117374.54339,35879060196.5909,15984584043.3026,29739238242.8288,17555390958.2188,8672689551.37212,898120755.283496,21524846305.1123,26913824044.4534,26749998976.2518,7918080235.85756,28952159959.233
37987605150.9925,12243834355.235,6056292978.37189,18080116686.3215,9494947351.11196,1666855343.60564,9716386935.77094,4496067195.95899,29363453175.4872,27446157224.5418,44978299613.3003,17800072497.3591,10746967452.5158,26715308655.9468,727784255.865363,5409713135.52972,9582009470.57045,5889445615.97954,4720117374.54339,35879060196.5909,15984584043.3026,29739238242.8288,17555390958.2188,8672689551.37212,898120755.283496,21524846305.1123,26913824044.4534,26749998976.2518,7918080235.85756,28952159959.233
37987605150.9925,12243834355.235,6056292978.37189,18080116686.3215,9494947351.11196,1666855343.60564,9716386935.77094,4496067195.95899,29363453175.4872,27446157224.5418,44978299613.3003,17800072497.3591,10746967452.5158,26715308655.9468,727784255.865363,5409713135.52972,9582009470.57045,5889445615.97954,4720117374.54339,35879060196.5909,15984584043.3026,29739238242.8288,17555390958.2188,8672689551.37212,898120755.283496,21524846305.1123,26913824044.4534,26749998976.2518,7918080235.85756,28952159959.233
37987605150.9925,9333441941.61041,2848038522.1596,14776110793.1844,6282724311.80519,544122560.041628,6289702263.17895,4341631830.66918,22217458439.9879,27446157224.5418,44978299613.3003,12454528878.0737,10746967452.5158,26715308655.9468,659075465.505067,2528943416.65083,9023974289.85687,4415576098.3964,2570938801.33322,27387387185.6494,11508429747.4093,29739238242.8288,13995451245.9111,8672689551.37212,898120755.283496,21524846305.1123,26913824044.4534,22074511342.7962,7918080235.85756,27209450569.6724
32965787840.1821,4130397463.33636,1879600620.17363,11883506734.0093,3324099186.00264,96738380.1758277,3170886337.27229,2649340843.89417,17740441834.7577,22973499139.5971,38308775447.7164,9763498208.44993,7344184308.24683,21302428939.5082,584010058.986446,815557649.178775,5959489500.22192,2627288270.64531,873819454.784917,20330321528.4065,5776441277.52896,22616167663.0017,11311424886.6628,6898797321.81237,898120755.283496,17516173351.0834,23288943660.3637,13715018588.302,6161566015.37449,16978053787.5175
21482206642.7169,2150629987.37839,190601248.830383,6770290060.68555,446231158.249968,56561386.3039157,610991176.017763,281180579.839837,487483331.620167,10609010937.3728,20423764156.4951,3886071618.35497,821544349.79367,8052198685.13321,425911602.241387,171910107.050498,501301138.484289,798899564.384732,146277837.097364,7489992055.37803,208364453.682799,9374326402.92478,1446306261.16019,919183199.867153,374841411.282329,2998167575.51536,12226198036.8768,2935768077.39238,2329632620.2984,2749241317.41699
9750412986.34682,686123241.33204,24445631.0611252,3115497306.7832,23598521.1777423,56561386.3039157,45507811.8185091,164866653.139104,33496648.1820307,132819023.488452,2450203510.97777,972695910.932779,511069373.608928,1312855135.87445,163938745.972319,19456095.6827583,115323819.00298,245908471.553671,9555354.695873,223313294.094207,33823720.0697831,3534968478.34307,31051329.9271566,201202395.204315,168210517.569282,427834206.306795,3259059076.87354,145076678.791634,209122887.858555,108977506.541507
70106770.6508497,128438977.165128,3401456.71678729,198906541.724791,8006580.83277158,7233808.40270203,6691260.34159939,41426333.6679169,25497859.9430645,61255862.3080824,130767207.668937,81655214.3667554,18786121.7803804,172695199.846922,37830560.2300852,15113880.8155288,46767665.1315852,26795422.8359697,6354162.57179905,25088290.4770758,11126105.9576009,153531425.437918,2024014.26468447,52953176.1385894,1732224.96553452,85393236.7802933,583591280.033251,21909134.78174,12151603.9462781,39730796.4599177
25213656.4787971,8690697.0901223,2606284.41858295,7764732.67228185,1691100.3716349,3496847.33735174,2771268.96091281,5104919.2290806,13731309.7782081,18256787.3903675,3548239.59610586,7577955.50668031,16617841.5965165,63182984.2785029,2197304.01015091,3192586.39606659,10817236.5776848,4358441.0271711,5000049.49581222,7212283.91658289,2924614.01327383,16277680.0911354,1955180.66978158,23918486.512919,1157528.35237044,13312660.9085998,9380503.58633036,8048631.60344677,4611505.31757579,2111895.26404646
2945107.98791262,2184980.25058257,347678.036745186,1570065.89674121,719388.571931218,754479.629471102,627700.267991544,838995.912951994,698948.888327729,12152590.1752584,229857.298075414,997305.578940882,5119725.69985039,3159563.41029547,405902.310744818,259210.38219561,588190.142559742,429657.409767069,1446919.59666198,580112.168845999,729978.247958797,2002648.98375952,550348.168536617,2349962.15540502,185275.980613799,666336.09107146,1523103.77831833,1834422.02414465,3816461.1637076,369889.187335112
195726.686136466,317387.13613659,51712.3417029951,182114.845431422,63792.0003022422,39728.7631126432,88968.4752603188,60116.8212961671,53115.4446631957,163027.603388397,229857.298075414,47296.8261208705,863481.849596594,3159563.41029547,122071.236893528,20897.4990037516,59977.2504144136,55916.2830654631,27603.2282280121,82872.8944111617,42635.2879288842,384991.93097609,59614.1982805506,383162.232407097,54127.7011969207,28589.1585754095,1523103.77831833,52542.6396966774,216524.405606247,66489.6018080521
195726.686136466,901.379004107996,335.575261157204,355.152659782218,355.525917059942,271.910717332299,258.453590641871,615.972663747029,325.94075265972,753.190289702579,5123.69733736005,178.043202755307,863481.849596594,1132.50476138547,546.491178612022,494.679156846301,267.179361971023,377.676267411754,437.633572949798,715.652520543033,247.447107141055,116208.51194874,363.715366377124,342194.792553476,404.641418722214,238.934233509116,2246.48886450653,337.7495019928,351.882419600473,346.504322581477
335.671622906684,289.48248595042,220.744705284771,122.658829483784,161.478763740387,172.162155891312,177.421016406891,305.423865822884,243.918223016248,291.482075678324,187.148672576264,142.781257513925,360.375459903014,203.77571099533,422.410824862256,244.624229094742,210.438032805617,287.882378953992,291.677345071945,272.998263841154,163.222783521736,339.829464122005,258.68415305456,187.576834711534,268.096207774288,139.800288372353,287.597856486832,145.286906989198,160.021012308425,243.740214223911
