8367346131.39179,3073256267.86153,16633009115.7329,16983375558.9926,6724662679.379,23032496128.1806,9349633471.71028,18139418239.5914,4302037370.14383,3330323522.88996,10237557250.9538,14985039006.5281,21182988698.7758,7374609612.78275,2422666999.02451,14065005460.8317,8522661822.10627,5983524587.97143,5558945191.68169,11831723590.9065,8887908353.60602,19333957748.017,13542586403.435,3776395235.05114,7084192998.36232,1236786520.21578,6543250852.65928,17366928448.2638,2344497943.81236,1376913955.39196
8367346131.39179,3073256267.86153,16633009115.7329,16983375558.9926,6724662679.379,23032496128.1806,9349633471.71028,18139418239.5914,4302037370.14383,3330323522.88996,10237557250.9538,14985039006.5281,21182988698.7758,7374609612.78275,2422666999.02451,14065005460.8317,8522661822.10627,5983524587.97143,5558945191.68169,11831723590.9065,8887908353.60602,19333957748.017,13542586403.435,3776395235.05114,7084192998.36232,1236786520.21578,6543250852.65928,17366928448.2638,2344497943.81236,1376913955.39196
8367346131.39179,3073256267.86153,16633009115.7329,16983375558.9926,6724662679.379,23032496128.1806,9349633471.71028,18139418239.5914,4302037370.14383,3330323522.88996,10237557250.9538,14985039006.5281,21182988698.7758,7374609612.78275,2422666999.02451,14065005460.8317,8522661822.10627,5983524587.97143,5558945191.68169,11831723590.9065,8887908353.60602,19333957748.017,13542586403.435,3776395235.05114,7084192998.36232,1236786520.21578,6543250852.65928,17366928448.2638,2344497943.81236,1376913955.39196
8367346131.39179,3073256267.86153,16633009115.7329,16983375558.9926,6724662679.379,23032496128.1806,9349633471.71028,18139418239.5914,4302037370.14383,3330323522.88996,10237557250.9538,14985039006.5281,21182988698.7758,7374609612.78275,2422666999.02451,14065005460.8317,8522661822.10627,5983524587.97143,5558945191.68169,11831723590.9065,8887908353.60602,19333957748.017,13542586403.435,3776395235.05114,7084192998.36232,1236786520.21578,6543250852.65928,17366928448.2638,2344497943.81236,1376913955.39196
8367346131.39179,3073256267.86153,16633009115.7329,16983375558.9926,6724662679.379,23032496128.1806,9349633471.71028,18139418239.5914,4302037370.14383,3330323522.88996,10237557250.9538,14985039006.5281,21182988698.7758,7374609612.78275,2422666999.02451,14065005460.8317,8522661822.10627,5983524587.97143,5558945191.68169,11831723590.9065,8887908353.60602,19333957748.017,13542586403.435,3776395235.05114,7084192998.36232,1236786520.21578,6543250852.65928,17366928448.2638,2344497943.81236,1376913955.39196
8367346131.39179,3073256267.86153,16633009115.7329,16983375558.9926,6724662679.379,23032496128.1806,9349633471.71028,18139418239.5914,4302037370.14383,3330323522.88996,10237557250.9538,14985039006.5281,21182988698.7758,7374609612.78275,2422666999.02451,14065005460.8317,8522661822.10627,5983524587.97143,5558945191.68169,11831723590.9065,8887908353.60602,19333957748.017,13542586403.435,3776395235.05114,7084192998.36232,1236786520.21578,6543250852.65928,17366928448.2638,2344497943.81236,1376913955.39196
8367346131.39179,3073256267.86153,16633009115.7329,16983375558.9926,6724662679.379,23032496128.1806,9349633471.71028,18139418239.5914,4302037370.14383,3330323522.88996,10237557250.9538,14985039006.5281,21182988698.7758,7374609612.78275,2422666999.02451,14065005460.8317,8522661822.10627,5983524587.97143,5558945191.68169,11831723590.9065,8887908353.60602,19333957748.017,13542586403.435,3776395235.05114,7084192998.36232,1236786520.21578,6543250852.65928,17366928448.2638,2344497943.81236,1376913955.39196
8367346131.39179,3073256267.86153,16633009115.7329,16983375558.9926,6724662679.379,23032496128.1806,9349633471.71028,18139418239.5914,4302037370.14383,3330323522.88996,10237557250.9538,14985039006.5281,21182988698.7758,7374609612.78275,2422666999.02451,14065005460.8317,8522661822.10627,5983524587.97143,5558945191.68169,11831723590.9065,8887908353.60602,19333957748.017,13542586403.435,3776395235.05114,7084192998.36232,1236786520.21578,6543250852.65928,17366928448.2638,2344497943.81236,1376913955.39196
8367346131.39179,2304973156.3805,16633009115.7329,16983375558.9926,5017811739.63011,22514827511.046,9349633471.71028,18139418239.5914,4302037370.14383,3330323522.88996,10237557250.9538,14985039006.5281,21182988698.7758,6410747284.38834,2422666999.02451,14065005460.8317,8522661822.10627,5983524587.97143,5558945191.68169,11831723590.9065,8887908353.60602,19333957748.017,13542586403.435,3776395235.05114,7084192998.36232,1236786520.21578,5701319690.74153,17366928448.2638,2344497943.81236,1376913955.39196
7375824440.09938,1533602093.63954,15080439694.8565,16983375558.9926,4329195793.01903,21548540424.8956,9200325603.31398,16352588449.3136,4129149583.37756,2692793922.05048,6713868762.39886,13073006006.0383,19216122533.5817,6410747284.38834,1983711295.78423,14025627269.5923,6924560214.76315,5222569014.06204,3799901818.9673,9849144625.65241,7489003829.46938,19333957748.017,13542586403.435,3776395235.05114,6112134892.39823,1034856587.13913,5320071914.07205,15152519294.1053,1908597678.54807,1164389727.35331
4124153170.3894,320883230.130087,13188187841.8195,15257038164.4813,227513332.614898,12760932142.0373,6960659210.20255,10987793110.8318,3152807140.16014,2427039081.68533,5593235147.347,9601941080.60798,15578183611.4627,1148702666.04621,1724353331.74175,10441230450.3148,5361661224.63618,4027171132.06399,3073444088.71567,8118388410.36566,5204540227.81623,14833774171.9399,11162521330.3106,2743629004.71996,3868814352.73393,1034856587.13913,1522041698.76628,12034713026.963,1434702741.60304,679497678.417019
811900760.88136,64422955.8214806,4689700646.31991,10789531217.8633,32320423.4970738,87281483.9597471,3875396356.14048,9988755805.11737,1932545963.7887,1960508113.0341,140372768.643956,2053121975.40244,5834435003.16809,184745596.880027,1365510931.60335,10441230450.3148,748802138.571858,3428930406.16819,259500753.350476,1527089909.40227,379776554.982887,6096184560.24838,1888276178.62753,1444710845.73066,597313870.044886,764435439.439701,131350035.30866,7626836627.71761,1174979626.67083,153507955.865193
46008863.773404,19063536.2938918,305484820.310257,1250582727.41615,8156130.03797598,38160468.3560834,130873025.038552,263086119.739412,132506210.953354,113969607.755107,18659326.9807409,138587815.177479,208925296.201112,14823956.0753059,103389245.822914,88134639.7098353,114007026.635701,194873477.147202,49824390.6980157,148131392.839494,50114954.756325,64981440.2928617,101539130.470999,164767253.655843,153333543.510946,78905761.8986079,19883096.288451,144201115.406992,122131413.988856,107911318.829584
22770279.9957531,2571173.67973179,27335258.3202472,13913616.2907053,1734080.10604812,19242337.951871,40684655.9470415,21402545.0117041,29338595.2963403,15748210.6012833,9163032.44188747,38875718.8667502,32442845.9320349,1565285.04727768,29843556.5944604,30025392.8560604,24283614.0333091,34225298.654098,21077007.9677606,32194231.3486967,12355203.0001671,24360469.038296,88588839.1952981,41958927.8377663,34828776.6874251,16913892.5361128,2896419.61895526,15296856.7502803,17979261.587364,12635271.0940337
3499177.68241342,66092.3942247794,4806371.87042756,13913616.2907053,72944.4556441291,493533.313490916,12062131.5388666,4490252.02351183,6937948.94715469,5982304.03582081,3066035.33266079,6211869.30358644,8677944.82478738,89014.303360218,5604679.44384704,5244656.42054485,1573592.77953724,13979966.8156768,21077007.9677606,18562836.8087858,1922110.71580633,15978581.1722271,19439850.5955799,6162334.4286716,17817378.2549978,8309392.12550431,229071.353746678,10918565.0509967,1010388.61140782,1554998.33095601
967186.303468772,387.431574057957,1201748.13338708,5936555.15566108,573.877665286249,3340.44326874976,172608.825139261,640871.607197623,24563.9271116496,43413.2076468971,335719.442802833,1238048.06778539,750.14712820555,368.388574537602,15094.9769616205,47888.0149038966,510358.719909685,458362.936401955,876.069594107624,1036.23011490867,369096.507537078,994.411131783056,1258.71180458702,45890.6648507274,818.470834581405,17671.0391107181,3301.42225014097,62095.6748703581,509799.797152012,251646.185204212
