111107.034914469,171738.249249713,47426.2640966368,195041.085966434,146454.797204888,153616.330470123,123384.572810874,156464.304858406,218316.148708007,143386.797542285,96612.2549107669,80219.8560074681,157290.376526802,123022.111114019,127321.602109674,82848.8719274425,121948.719185303,61164.8577877461,71715.3019168584,90106.1411487466,117051.052213548,77765.0365165916,61285.8541018804,95004.9277209629,78587.862033939,113418.92832576,196952.024585774,113266.092908645,63655.2249932119,139536.333159075
111107.034914469,171738.249249713,47426.2640966368,195041.085966434,146454.797204888,153616.330470123,123384.572810874,156464.304858406,218316.148708007,143386.797542285,96612.2549107669,80219.8560074681,157290.376526802,123022.111114019,127321.602109674,82848.8719274425,121948.719185303,61164.8577877461,71715.3019168584,90106.1411487466,117051.052213548,77765.0365165916,61285.8541018804,95004.9277209629,78587.862033939,113418.92832576,196952.024585774,113266.092908645,63655.2249932119,139536.333159075
111107.034914469,171738.249249713,47426.2640966368,195041.085966434,146454.797204888,153616.330470123,123384.572810874,156464.304858406,218316.148708007,143386.797542285,96612.2549107669,80219.8560074681,157290.376526802,123022.111114019,127321.602109674,82848.8719274425,121948.719185303,61164.8577877461,71715.3019168584,90106.1411487466,117051.052213548,77765.0365165916,61285.8541018804,95004.9277209629,78587.862033939,113418.92832576,196952.024585774,113266.092908645,63655.2249932119,139536.333159075
111107.034914469,171738.249249713,47426.2640966368,195041.085966434,146454.797204888,153616.330470123,123384.572810874,156464.304858406,218316.148708007,143386.797542285,96612.2549107669,80219.8560074681,157290.376526802,123022.111114019,127321.602109674,82848.8719274425,121948.719185303,61164.8577877461,71715.3019168584,90106.1411487466,117051.052213548,77765.0365165916,61285.8541018804,95004.9277209629,78587.862033939,113418.92832576,196952.024585774,113266.092908645,63655.2249932119,139536.333159075
111107.034914469,171738.249249713,47426.2640966368,195041.085966434,146454.797204888,153616.330470123,123384.572810874,156464.304858406,218316.148708007,143386.797542285,96612.2549107669,80219.8560074681,157290.376526802,123022.111114019,127321.602109674,82848.8719274425,121948.719185303,61164.8577877461,71715.3019168584,90106.1411487466,117051.052213548,77765.0365165916,61285.8541018804,95004.9277209629,78587.862033939,113418.92832576,196952.024585774,113266.092908645,63655.2249932119,139536.333159075
111107.034914469,171738.249249713,47426.2640966368,195041.085966434,146454.797204888,153616.330470123,123384.572810874,156464.304858406,218316.148708007,143386.797542285,96612.2549107669,80219.8560074681,157290.376526802,123022.111114019,127321.602109674,82848.8719274425,121948.719185303,61164.8577877461,71715.3019168584,90106.1411487466,117051.052213548,77765.0365165916,61285.8541018804,95004.9277209629,78587.862033939,113418.92832576,196952.024585774,113266.092908645,63655.2249932119,139536.333159075
111107.034914469,171738.249249713,47426.2640966368,195041.085966434,146454.797204888,153616.330470123,123384.572810874,156464.304858406,218316.148708007,143386.797542285,96612.2549107669,80219.8560074681,157290.376526802,123022.111114019,127321.602109674,82848.8719274425,121948.719185303,61164.8577877461,71715.3019168584,90106.1411487466,117051.052213548,77765.0365165916,61285.8541018804,95004.9277209629,78587.862033939,113418.92832576,196952.024585774,113266.092908645,63655.2249932119,139536.333159075
105342.527224994,161510.364699778,45834.0202075872,182884.06022336,129632.662631725,153616.330470123,110604.815770166,145070.35666499,199500.194694066,134640.515332083,87218.744025562,72966.180797037,152562.123054427,114747.665694336,111359.338794071,82848.8719274425,111831.217480877,57831.0209963655,71715.3019168584,83541.1788390999,105344.653447328,74411.9336291955,60033.7089988037,85225.4407689988,71100.2858964512,103736.590372263,182025.609916319,109518.185259999,59331.6385415501,129722.390153723
80059.2533800472,126972.521751228,36504.8132334098,168452.198903993,67403.2674879822,146605.356587578,77353.5481593387,119638.35378179,134398.31931535,108552.51241742,61118.3262842684,57192.477264677,129886.658973442,71385.1950751002,72273.9248970572,73732.4204227954,69991.9186966293,48039.0802608224,64981.2827587812,60739.2129339767,86363.534219562,50795.6020782581,42370.6408327914,69212.9574552067,39773.5811385676,76290.8495829722,121003.707839281,92083.3237424489,47609.574731527,81588.848920814
43793.9502323185,56256.3020211268,22585.1223885969,125172.575871521,23064.2602420025,120537.255778375,29045.0991096935,69575.0876424372,59491.3171795868,76897.3127051359,25781.7582865048,28086.9867472998,70431.6475668097,38306.8710588418,40060.6160229638,51016.8519474891,36011.9634934579,21212.1934680395,44420.0583990086,35540.504526501,71108.2290828146,33642.4618162653,34724.538736784,39881.242428687,17769.4273889315,38511.6414576659,72911.2237787221,60737.9790336433,20068.5941098094,40085.2438639286
8397.090491496,9734.85202531071,8229.38163412348,21169.2967140479,7166.18010517731,44522.6339046458,6049.71389604103,8145.4748530952,10256.6598826106,13355.4577790957,4664.41758940832,5852.88645536568,13335.3394516081,7025.07796369324,5259.24250393861,18544.5164463189,5596.29547865592,6250.93072113355,27731.295768734,7312.53279351546,10669.7174856613,7726.9091558324,6542.10394412665,7254.0803183817,6132.52327502054,7157.55651986121,13142.1463075741,8686.21152099754,5556.68800643417,6994.21438180086
2764.53421191189,5158.96550117213,3687.5764255811,3959.90315299162,3219.42015486648,10421.1679906295,2220.72556491856,2029.95988392277,2994.45667235509,4872.35962070496,2072.00097856479,2240.98694752792,4435.04935704975,2112.89108403353,2638.2319602478,5594.41402336573,2077.95194951245,3286.34483942424,6429.40714973826,2488.05947441879,3703.93626706039,3156.12607496468,2709.59614414518,4223.92572726104,2979.79780883683,3014.5664633124,3356.35570164165,2945.46946232735,3114.87199754031,3412.1103398568
750.664099673778,675.150490190584,794.002397664533,883.647515780385,687.992232057999,2891.51976460227,683.624856860412,597.650248035974,674.129984941139,802.960906947807,624.487884893366,723.814036287175,704.774903178683,646.971712417397,661.656709386562,1271.34193924231,645.286560003718,672.752520448542,3155.55894375103,665.292440301034,654.608716993071,684.139820103034,650.186072976355,778.217502502877,670.772373516195,825.072192554642,722.103100298293,646.797962725109,705.85999012904,624.077652462576
572.700134312504,525.064195705253,527.947266784672,539.008096750007,528.853181857551,673.799930405579,519.35434088242,528.480269799234,523.013351144649,535.152926824334,529.355157545055,520.614595443349,543.846977833816,533.401533598818,571.708456314168,554.769922060095,523.050081190267,517.920000161935,760.0591864471,502.415382664701,528.764691766181,532.100793982783,529.171955580784,539.724947646634,528.708129719833,537.25980474888,527.119444281145,522.642638247943,525.453097725764,531.431373747746
568.246626236595,480.260478847372,480.484184835287,480.394671114894,480.243246834395,539.137581414626,491.898293286571,480.282383028288,480.248724807486,480.315742430744,480.288056355303,480.239619140685,480.263371602859,492.028507938701,565.420142148827,480.910744374583,480.238222146668,480.246581686937,533.120105964826,480.238076626711,480.265917035512,480.310775713986,480.251951069468,480.276788997818,480.244316083098,480.289206252184,480.256662181037,480.253885639825,480.289607407304,480.275410671999
568.242982728561,480.239490027137,480.469050074058,480.270728582421,480.230708962898,516.945812962631,491.882908227221,480.271207503146,480.243176589774,480.260971005077,480.243519462203,480.23500723929,480.234649617885,491.992892343661,565.296133499388,480.339664159183,480.235007238847,480.243250508177,516.224419945995,480.23500723927,480.258382084924,480.278800586711,480.235007253062,480.234650001664,480.234649513005,480.24355961359,480.248045822892,480.243250516634,480.271207525703,480.235007248495
