35213.3495585688,48948.8074710386,19985.2683999377,125172.575871521,23064.2602420025,90564.8106166518,26094.4022597651,69575.0876424372,54521.2370444904,76897.3127051359,21498.2791577677,20156.7615412383,70431.6475668097,38306.8710588418,31491.612635238,51016.8519474891,30426.4478649142,20059.9246295404,44420.0583990086,35540.504526501,60575.9981720814,24682.5253917132,34724.538736784,32250.0805108318,17769.4273889315,31856.1568864176,62346.7726564304,43628.9123747767,16460.4455652863,33045.3902183024
8397.090491496,9734.85202531071,8229.38163412348,21169.2967140479,7166.18010517731,44522.6339046458,6049.71389604103,8145.4748530952,10256.6598826106,13355.4577790957,4664.41758940832,5852.88645536568,13335.3394516081,7025.07796369324,5259.24250393861,18544.5164463189,5596.29547865592,6250.93072113355,27731.295768734,7312.53279351546,10669.7174856613,7726.9091558324,6542.10394412665,7254.0803183817,6132.52327502054,7157.55651986121,13142.1463075741,8686.21152099754,5556.68800643417,6994.21438180086
4231.58011333217,5158.96550117213,4559.33527620471,3959.90315299162,4631.90525161911,20589.9159265587,3760.02900024259,3941.61526634678,5714.90149677593,4872.35962070496,4664.41758940832,5852.88645536568,5514.90377529967,3487.49906366346,4773.14556723995,8319.58214302178,3280.70475888133,3478.02319737474,14056.9693460443,3950.97596891157,4436.33622261704,4054.95314048368,4126.27639266815,4223.92572726104,4799.32376203417,3948.02615535081,3399.20148672766,3643.09776902667,5556.68800643417,3593.47718135109
2764.53421191189,2756.2651139531,2009.06844338863,3959.90315299162,2286.46171442199,5381.55815548681,2220.72556491856,1437.5876202288,2695.59124204769,3400.4917378629,1463.59965598917,2240.98694752792,3583.24627656721,1658.88210554365,2081.36205997147,5575.45792011857,1466.08128628797,2444.04795555014,6429.40714973826,2179.33043658861,2731.47954445048,2647.75187080164,1866.72642706995,4223.92572726104,2868.69374527768,3014.5664633124,2213.98956570934,1928.96291608348,2473.56794721015,2235.0226145462
731.518176278138,652.33828305135,749.609973649298,786.291645310587,680.293923066601,2732.04068898171,661.490247994421,593.802086458652,657.494392141443,747.873810238257,624.487884893366,687.648879246846,666.130995244922,641.716137562055,627.438521860377,1078.05480881578,623.229087068671,656.375054112315,3155.55894375103,630.948792400257,641.506972277779,642.328646266807,626.407217995708,685.963691004158,642.40402296001,813.595437430053,669.390746068279,629.543955383772,674.293015414547,607.334503329342
575.699182756678,530.420207418385,527.947266784672,539.7988464084,532.478607717841,712.818071130777,522.560103947839,528.480269799234,524.227932488841,538.318881027746,532.781632256047,523.92270121931,546.343696045928,536.072173644209,572.393691302671,557.917235709672,530.426480142466,520.03805961032,793.712879195931,513.732963386607,533.231261090965,534.429916670568,531.537077139807,544.218062565702,534.983465710298,538.028838644197,527.119444281145,527.752687651816,529.087260499843,534.124590063048
568.65336751712,484.859070868606,482.467477063551,488.363430695918,482.648572528743,569.049129978803,492.462016386392,484.559172049136,481.936123242601,489.153600698475,488.341125987689,481.213285261341,504.117781056599,494.843833938758,566.791997105062,524.11509077035,481.36169132417,480.710568361385,591.064888916021,480.702154790131,483.198425775231,485.570552306473,486.856200299468,497.527341574583,484.601222382376,484.874418401206,481.154067552809,485.155962554493,485.068800155706,488.560189434415
568.277919444714,480.339890467664,480.527975532684,480.575044490272,480.329344611636,546.327245802263,491.934237120579,480.348709877541,480.284520462575,480.492915057076,480.386968258848,480.275958394601,480.375974980122,492.140682944786,565.979035740756,483.495126265371,480.254585823932,480.265860053894,542.840684192619,480.253636609789,480.304307842095,480.374715370422,480.335740008404,480.402749365022,480.308975387186,480.409762999016,480.289275233764,480.322889750814,480.364140069603,480.393960278119
568.243462098956,480.244624846179,480.47366823277,480.355188961426,480.232844187951,532.609652950827,491.885687841554,480.275109569247,480.244352141768,480.278138701168,480.258359220058,480.235716701543,480.241477682133,491.999034120816,565.327448263343,480.520638449783,480.236033531339,480.244227486358,527.060138537994,480.235642228622,480.260128117697,480.287482468745,480.238717838169,480.248970471487,480.236996700424,480.255735439937,480.249311010283,480.244854999458,480.277401397279,480.245825260344
568.24298930728,480.239702102152,480.469267254674,480.272198581476,480.230840994772,516.945812962631,491.882930097518,480.272264852246,480.243254924339,480.261798049276,480.24437791347,480.23502493366,480.235217352054,491.992950872163,565.297745415795,480.369576761519,480.2350580957,480.243283033194,516.224419945995,480.235037236916,480.258471242721,480.279250504749,480.235141989935,480.239183299253,480.234732332758,480.243811830152,480.248149148417,480.243302865998,480.271367442511,480.235250159072
568.242982855379,480.239496297176,480.469061287967,480.270842463537,480.23071456111,516.945812962631,491.882908668446,480.271229543644,480.243180288422,480.26101351127,480.243537031929,480.235007973419,480.234690224067,491.992893743781,565.296147712203,480.34506505846,480.235008032112,480.243252002158,516.224419945995,480.235008160997,480.258385705579,480.278818342177,480.235011114758,480.234687062416,480.234659227281,480.243567314876,480.248050452939,480.243253143254,480.271214431771,480.235019941991
568.242982728561,480.239490124945,480.469050182638,480.270728582421,480.230709009958,516.945812962631,491.882908227482,480.271207548689,480.243176630235,480.260971005077,480.243519916327,480.235007245662,480.234649993361,491.992892346137,565.296133544618,480.339664159183,480.235007240581,480.243250516023,516.224419945995,480.235007242642,480.258382100565,480.278800751134,480.235007318131,480.23465052021,480.234649644389,480.243560014083,480.248045858692,480.243250561162,480.271207596582,480.235007415578
568.242982728561,480.239490027137,480.469050074058,480.270728582421,480.230708962898,516.945812962631,491.882908227221,480.271207503146,480.243176589774,480.260971005077,480.243519462203,480.23500723929,480.234649617885,491.992892343661,565.296133499388,480.339664159183,480.235007238847,480.243250508177,516.224419945995,480.23500723927,480.258382084924,480.278800586711,480.235007253062,480.234650001664,480.234649513005,480.24355961359,480.248045822892,480.243250516634,480.271207525703,480.235007248495
568.242982728561,480.239490027137,480.469050074058,480.270728582421,480.230708962898,516.945812962631,491.882908227221,480.271207503146,480.243176589774,480.260971005077,480.243519462203,480.23500723929,480.234649617885,491.992892343661,565.296133499388,480.339664159183,480.235007238847,480.243250508177,516.224419945995,480.23500723927,480.258382084924,480.278800586711,480.235007253062,480.234650001664,480.234649513005,480.24355961359,480.248045822892,480.243250516634,480.271207525703,480.235007248495
