18506.013202954,11841.1143737638,17977.878063894,6541.50750601221,15312.6031431606,17655.5858089106,8067.62071290477,22808.7469554572,31380.4506300392,28279.8037217106,9829.79771312582,9200.94715710883,37883.674730567,19125.4763994225,15087.7786337348,17249.7705716607,6375.82493939552,17247.7062533191,19707.1179238347,6654.80139482917,20571.000707716,13653.8079327714,14546.2092378827,18264.9577034473,12393.8952802213,10365.7048588256,13738.7868346617,9740.60626264497,5355.88002384459,18023.7421626527
18506.013202954,11841.1143737638,17977.878063894,6541.50750601221,15312.6031431606,17655.5858089106,8067.62071290477,22808.7469554572,31380.4506300392,28279.8037217106,9829.79771312582,9200.94715710883,37883.674730567,19125.4763994225,15087.7786337348,17249.7705716607,6375.82493939552,17247.7062533191,19707.1179238347,6654.80139482917,20571.000707716,13653.8079327714,14546.2092378827,18264.9577034473,12393.8952802213,10365.7048588256,13738.7868346617,9740.60626264497,5355.88002384459,18023.7421626527
18506.013202954,11841.1143737638,17977.878063894,6541.50750601221,15312.6031431606,17655.5858089106,8067.62071290477,22808.7469554572,31380.4506300392,28279.8037217106,9829.79771312582,9200.94715710883,37883.674730567,19125.4763994225,15087.7786337348,17249.7705716607,6375.82493939552,17247.7062533191,19707.1179238347,6654.80139482917,20571.000707716,13653.8079327714,14546.2092378827,18264.9577034473,12393.8952802213,10365.7048588256,13738.7868346617,9740.60626264497,5355.88002384459,18023.7421626527
18506.013202954,11841.1143737638,17977.878063894,6541.50750601221,15312.6031431606,17655.5858089106,8067.62071290477,22808.7469554572,31380.4506300392,28279.8037217106,9829.79771312582,9200.94715710883,37883.674730567,19125.4763994225,15087.7786337348,17249.7705716607,6375.82493939552,17247.7062533191,19707.1179238347,6654.80139482917,20571.000707716,13653.8079327714,14546.2092378827,18264.9577034473,12393.8952802213,10365.7048588256,13738.7868346617,9740.60626264497,5355.88002384459,18023.7421626527
18506.013202954,11841.1143737638,17977.878063894,6541.50750601221,15312.6031431606,17655.5858089106,8067.62071290477,22808.7469554572,31380.4506300392,28279.8037217106,9829.79771312582,9200.94715710883,37883.674730567,19125.4763994225,15087.7786337348,17249.7705716607,6375.82493939552,17247.7062533191,19707.1179238347,6654.80139482917,20571.000707716,13653.8079327714,14546.2092378827,18264.9577034473,12393.8952802213,10365.7048588256,13738.7868346617,9740.60626264497,5355.88002384459,18023.7421626527
18506.013202954,11841.1143737638,17977.878063894,6541.50750601221,15312.6031431606,17655.5858089106,8067.62071290477,22808.7469554572,31380.4506300392,28279.8037217106,9829.79771312582,9200.94715710883,37883.674730567,19125.4763994225,15087.7786337348,17249.7705716607,6375.82493939552,17247.7062533191,19707.1179238347,6654.80139482917,20571.000707716,13653.8079327714,14546.2092378827,18264.9577034473,12393.8952802213,10365.7048588256,13738.7868346617,9740.60626264497,5355.88002384459,18023.7421626527
18506.013202954,11841.1143737638,17340.5230872181,6053.82323233402,15312.6031431606,17655.5858089106,8067.62071290477,22808.7469554572,28431.6866883561,28279.8037217106,9829.79771312582,9200.94715710883,37883.674730567,19125.4763994225,15087.7786337348,16878.2945940305,6375.82493939552,17247.7062533191,19707.1179238347,6500.28418806189,18164.4087514806,13653.8079327714,14546.2092378827,18264.9577034473,12393.8952802213,10365.7048588256,13738.7868346617,9740.60626264497,5355.88002384459,16907.4954251332
17833.5108818245,11129.958100086,15971.7531900357,5794.33832616011,14800.9032303898,17317.0114956003,6662.8743796352,21915.9315720119,24738.011705346,26319.1892271803,9360.60973657168,8711.39885257385,33249.4162212591,16702.3902975627,15087.7786337348,14960.7011701321,5414.76927179944,16018.1702100004,19286.8764131892,5676.33882908505,16698.7938861622,12108.2820054486,12838.0104089263,14819.076261669,12393.8952802213,9009.29053467585,13316.0677651807,9740.60626264497,5047.34882125749,16280.32300219
16141.6600962025,9845.74751233149,14128.3733902514,5603.95802311465,13640.2773938675,14605.9319718131,5881.32050842921,19805.0607914063,20538.7059349777,23713.3308490026,7996.24942634967,8498.1792724307,22667.0646452877,13021.9111923467,14661.4359547397,14468.318502019,4908.29547786041,11083.2457703271,16814.2282394858,4558.07253284103,13234.7428936428,9851.91888133119,10372.8050545175,13359.8062994649,9266.27518193281,7666.88094736421,12111.3565717376,8730.17332205305,4815.83983985681,13586.3690995361
14235.4237373977,9139.0173885585,10466.9288854066,4201.70161926969,11644.2759388558,8645.75181021401,4893.08763761184,11401.9369145392,11095.2220610189,15632.2094893998,6471.06515520785,7923.63119624203,11964.4622969377,7699.76890167593,13166.8063464035,7084.67131894308,4540.45443858749,6092.0714762672,12927.8556914521,4558.07253284103,7006.4330877701,9851.91888133119,8419.00915332663,9035.51580557568,7126.66893385392,6031.20477004703,7749.30520520543,7273.53429545224,4569.58617072878,8649.14300596638
7952.36622377293,5481.37649092188,5164.399868664,3132.61599177212,5127.20611977266,6475.26742942377,2804.77624171991,4570.52189638594,3390.03675549235,5894.29532829218,4215.74262540503,4676.49377467622,5416.66618990446,4047.06952643221,10216.7468399204,4214.0413588226,3465.20550995192,3574.36609289425,6380.60456657491,2732.45573884876,4174.9836215651,5268.65750491012,5228.13031710665,4573.8296437361,5320.66707045875,3960.63407415416,4759.77147650716,3550.45361996827,3230.7255101033,3580.23029605539
2963.57322681596,2181.00368713666,2277.01876503303,2126.65254649867,1895.32834035895,2876.02447476439,2394.45506004787,2712.09926086952,1867.95425334497,2241.46430388678,2405.1146441885,2758.28653707738,2604.85639496015,2759.92166837446,5490.61487016785,1989.08220668504,2456.25237276399,2311.80399905738,2808.25504775503,1950.58384300276,2118.21124356573,2229.28404699596,2849.09579593761,2592.22605708623,2972.44905730206,2334.69072608271,3087.1537419934,2361.66478323467,2307.57460062536,1932.4927472271
1896.54027270906,898.60244089717,1095.37620747553,985.668241335045,1377.88534981691,1714.65946397119,1373.0034516435,1450.33557800561,884.047738740159,1138.9855193822,1088.38995610373,1206.60467924523,1189.75585722048,1226.92210133126,2637.9169726399,952.695678492068,1097.9970133262,1082.0192083379,1719.35769197651,870.860959145871,1000.51268652625,928.750767351423,1193.17134266058,1124.82798448965,1539.2792702059,1133.31742043757,1540.19110108919,982.926273674563,1098.98120312351,943.716644555348
827.812190277394,556.972717425367,594.668118930538,592.493956237689,698.726236404592,747.763196542566,781.528103209708,680.428665184258,585.747734272955,623.916276972794,583.245021421921,610.800214411453,629.787929471178,635.547450287965,1208.78939829424,592.870501048405,634.495276380605,641.231910595396,793.789091858857,543.935138618758,613.858424232715,598.942238952761,629.645234064787,570.728605216598,685.100100163744,579.36632832671,755.282380579204,581.984976615189,579.089700224934,602.591942761699
537.804107766754,532.875078270722,529.398080987679,522.904236549371,532.100543896203,532.472350596044,543.701783795077,518.323026636209,541.540245001952,529.731159391688,531.604177068632,531.887764176456,535.803697881342,516.195867817552,724.527485547722,543.416123359122,546.164807185203,532.623382794275,537.894873801798,504.794637577202,526.923805728451,534.528881553882,539.634708302654,537.297251254109,521.949172345093,522.528417279971,537.466831448818,539.904241107155,532.472184484517,521.558175252382
532.473331078939,532.807575963378,529.39171825837,522.784282488975,530.929612368531,529.808958728973,538.8079068785,517.634520750319,541.499027027284,529.666429767719,531.555708296713,531.873798139753,535.737964617024,515.977587117778,630.397759620479,543.410776883814,546.147382241296,532.621552730961,534.895480551671,504.77500452674,526.900832275513,534.494135012277,539.633220117544,537.294047918943,521.403646316571,522.501051482854,528.566738981987,539.894572641864,532.393598204212,521.523082485663
