12954.6657398454,9139.0173885585,10466.9288854066,4201.70161926969,11644.2759388558,8645.75181021401,4893.08763761184,11401.9369145392,9123.42992706743,13572.6261857287,6471.06515520785,7923.63119624203,11081.0473205712,7699.76890167593,12840.0319082367,7084.67131894308,4540.45443858749,6092.0714762672,12927.8556914521,4558.07253284103,6604.43860631241,9144.72598002765,8419.00915332663,8394.70060004496,7126.66893385392,6031.20477004703,7749.30520520543,7273.53429545224,4569.58617072878,8649.14300596638
7952.36622377293,5481.37649092188,5164.399868664,3132.61599177212,5127.20611977266,6475.26742942377,2804.77624171991,4570.52189638594,3390.03675549235,5894.29532829218,4215.74262540503,4676.49377467622,5416.66618990446,4047.06952643221,10216.7468399204,4214.0413588226,3465.20550995192,3574.36609289425,6380.60456657491,2732.45573884876,4174.9836215651,5268.65750491012,5228.13031710665,4573.8296437361,5320.66707045875,3960.63407415416,4759.77147650716,3550.45361996827,3230.7255101033,3580.23029605539
6969.17013475672,3505.64944249148,3864.1021341336,2599.12321106224,4359.1571332449,4448.96049709964,2581.05462781033,3799.42143662869,2479.8518102918,3392.21091277298,3505.94846027788,4278.76647094378,3697.47984654999,3109.47892212827,9412.1604884203,3034.27570689227,2851.25747469384,2752.34763400596,3848.0566224099,2198.61689868571,2674.49726534209,3288.11910769085,4092.17524843377,2924.24271063159,3593.21947586433,2915.40172566916,3688.17526980376,2920.44473298763,2674.98168581369,2686.26585445147
2737.47303338352,1739.71644157514,1870.94462118937,1974.41498972333,1895.32834035895,2782.30509074205,2394.45506004787,2629.78851221246,1563.44897244247,2241.46430388678,2329.10835887617,2431.50139360517,2479.69736241179,2080.57492150662,5300.45823275638,1626.08669498388,2300.32668723162,2095.59090199324,2450.89240787486,1714.64672279632,1899.49854990375,1904.81115946594,2408.61307917556,2256.40545291137,2691.94888954436,2100.82541424406,3087.1537419934,1858.89314356477,2186.26672336016,1839.4055061282
1830.66667101322,898.60244089717,1032.00225296137,936.765926469477,1377.88534981691,1594.19172057996,1373.0034516435,1325.07299725781,869.517132043132,1138.9855193822,1075.65067242107,1122.51843576157,1170.16922593251,1185.26069859862,2305.9109670821,914.266972677504,1042.39270768758,998.740303493219,1684.17894600509,868.495259971709,1000.51268652625,928.750767351423,1193.17134266058,1027.20707574139,1479.61670260377,1133.31742043757,1513.40807808183,938.835199887335,1055.15273764806,943.716644555348
854.327839035398,566.56468119112,598.969548268089,596.167737055548,715.274534460032,776.029378177568,798.096942769523,704.49429042835,599.216824308277,628.435987451234,587.028475726412,626.732867939863,635.600446018621,648.824262787037,1217.77114343216,596.172942206051,661.467978701097,656.952637071419,807.605192866075,560.112370536876,631.379512569971,613.42993679424,646.93516075389,584.782648182713,724.081150842984,591.63488148603,755.282380579204,584.830069133172,587.060352330061,609.656598409517
621.207187463345,533.488443265188,530.93643181821,527.517482912103,569.040393727239,607.942424742379,638.765550950548,556.156022173128,543.378713995733,537.766118691427,535.130950420332,538.816124736784,542.681152879598,535.152900157821,888.576170745777,544.305471390761,555.389334815657,544.794060855843,627.980378123064,506.88494594287,530.034007443406,537.054948348515,552.609764003307,537.992533084937,565.20848609931,528.522960606163,617.643364533476,540.981679582381,535.756626635203,526.202306736661
556.127359612001,532.910085032976,529.430488097529,523.072822224813,535.399368769465,541.302960806722,563.954683136389,524.039033865006,541.573318864343,529.977842014505,531.77670660521,531.949536092595,535.90865298535,516.897883869518,771.858859915967,543.438470077484,546.246867245508,532.641766947083,553.598777125711,504.903601186649,527.002539714248,534.837770530656,539.652088192263,537.30067710524,525.511163489337,522.637678715189,562.553458420563,539.927964706181,532.528417064575,521.584618557426
533.110414182324,532.861797962849,529.395118998078,522.85995598613,531.541804957433,530.943340392225,540.647357147375,517.845053146601,541.532847137463,529.695576698539,531.579433136189,531.879323070326,535.791772410808,516.028998766089,663.166138205213,543.412067917652,546.153362439258,532.622081452339,535.871369931155,504.782887482939,526.911763966737,534.504474497036,539.633482920729,537.294776142393,521.592794558525,522.508493544422,531.334572896058,539.899459121179,532.418987761906,521.548234734787
532.52490272893,532.810563467455,529.391984915319,522.787439934521,531.047099217798,529.986512516323,538.986195332247,517.648739652492,541.509248707584,529.674011681182,531.558530023743,531.874715739391,535.744127101501,515.982311086439,630.397759620479,543.410930537722,546.148073207589,532.621578381529,534.956780887132,504.775735446839,526.901672180722,534.494683530451,539.633231629899,537.294128087499,521.424004754316,522.502356077909,528.956413225275,539.895154344732,532.395624495648,521.524621396185
532.476233950445,532.807816274766,529.391741924908,522.784662367093,530.944975594311,529.840577362128,538.819162600675,517.636857583921,541.499269527389,529.667081649708,531.556069936866,531.873936986077,535.738878286813,515.978456124145,630.397759620479,543.41078833297,546.147465790808,532.621553464833,534.899859077454,504.77516546842,526.900953999629,534.494183665538,539.633221024254,537.294057316847,521.407338126765,522.501164400877,528.602085286207,539.894625321434,532.393969666668,521.523133008053
532.473331078939,532.807607345798,529.391719320191,522.784330591856,530.929612368531,529.808958728973,538.8079068785,517.634668480267,541.499041959848,529.666476601828,531.555755726789,531.873806129128,535.738014779062,515.977639382122,630.397759620479,543.410777555775,546.147387526978,532.621552747151,534.895480551671,504.775012861335,526.900852214019,534.494138164853,539.633220198826,537.294048340976,521.403646316571,522.501068830569,528.566738981987,539.894573742835,532.393628056914,521.523085877333
532.473331078939,532.807575963378,529.39171825837,522.784282488975,530.929612368531,529.808958728973,538.8079068785,517.634520750319,541.499027027284,529.666429767719,531.555708296713,531.873798139753,535.737964617024,515.977587117778,630.397759620479,543.410776883814,546.147382241296,532.621552730961,534.895480551671,504.77500452674,526.900832275513,534.494135012277,539.633220117544,537.294047918943,521.403646316571,522.501051482854,528.566738981987,539.894572641864,532.393598204212,521.523082485663
532.473331078939,532.807575963378,529.39171825837,522.784282488975,530.929612368531,529.808958728973,538.8079068785,517.634520750319,541.499027027284,529.666429767719,531.555708296713,531.873798139753,535.737964617024,515.977587117778,630.397759620479,543.410776883814,546.147382241296,532.621552730961,534.895480551671,504.77500452674,526.900832275513,534.494135012277,539.633220117544,537.294047918943,521.403646316571,522.501051482854,528.566738981987,539.894572641864,532.393598204212,521.523082485663
