18238.8968349701,21718.0708871812,35031.9125882961,38516.8820602854,8977.96495090927,24510.884216572,22588.8430575096,34245.3480202204,46079.968059635,18647.6075502502,21407.0659652928,23502.7553998418,24950.0101483272,23632.7015955903,33128.2120863424,21950.5524667678,17442.3553356313,71410.2169122681,25042.6470939649,34859.9647150103,14628.5727454602,21241.5244166647,23012.6077183233,13233.8587163506,16712.1787170368,56041.5368070789,20635.8145587337,18715.9880218871,10756.5249117288,48019.3656986503
18238.8968349701,21718.0708871812,35031.9125882961,38516.8820602854,8977.96495090927,24510.884216572,22588.8430575096,34245.3480202204,46079.968059635,18647.6075502502,21407.0659652928,23502.7553998418,24950.0101483272,23632.7015955903,33128.2120863424,21950.5524667678,17442.3553356313,71410.2169122681,25042.6470939649,34859.9647150103,14628.5727454602,21241.5244166647,23012.6077183233,13233.8587163506,16712.1787170368,56041.5368070789,20635.8145587337,18715.9880218871,10756.5249117288,48019.3656986503
18238.8968349701,21718.0708871812,35031.9125882961,38516.8820602854,8977.96495090927,24510.884216572,22588.8430575096,34245.3480202204,46079.968059635,18647.6075502502,21407.0659652928,23502.7553998418,24950.0101483272,23632.7015955903,33128.2120863424,21950.5524667678,17442.3553356313,71410.2169122681,25042.6470939649,34859.9647150103,14628.5727454602,21241.5244166647,23012.6077183233,13233.8587163506,16712.1787170368,56041.5368070789,20635.8145587337,18715.9880218871,10756.5249117288,48019.3656986503
18238.8968349701,21718.0708871812,35031.9125882961,38516.8820602854,8977.96495090927,24510.884216572,22588.8430575096,34245.3480202204,46079.968059635,18647.6075502502,21407.0659652928,23502.7553998418,24950.0101483272,23632.7015955903,33128.2120863424,21950.5524667678,17442.3553356313,71410.2169122681,25042.6470939649,34859.9647150103,14628.5727454602,21241.5244166647,23012.6077183233,13233.8587163506,16712.1787170368,56041.5368070789,20635.8145587337,18715.9880218871,10756.5249117288,48019.3656986503
18238.8968349701,21718.0708871812,35031.9125882961,38516.8820602854,8977.96495090927,24510.884216572,22588.8430575096,34245.3480202204,46079.968059635,18647.6075502502,21407.0659652928,23502.7553998418,24950.0101483272,23632.7015955903,33128.2120863424,21950.5524667678,17442.3553356313,71410.2169122681,25042.6470939649,34859.9647150103,14628.5727454602,21241.5244166647,23012.6077183233,13233.8587163506,16712.1787170368,56041.5368070789,20635.8145587337,18715.9880218871,10756.5249117288,48019.3656986503
18238.8968349701,21718.0708871812,35031.9125882961,38516.8820602854,8977.96495090927,24510.884216572,22588.8430575096,34245.3480202204,46079.968059635,18647.6075502502,21407.0659652928,23502.7553998418,24950.0101483272,23632.7015955903,33128.2120863424,21950.5524667678,17442.3553356313,71410.2169122681,25042.6470939649,34859.9647150103,14628.5727454602,21241.5244166647,23012.6077183233,13233.8587163506,16712.1787170368,56041.5368070789,20635.8145587337,18715.9880218871,10756.5249117288,48019.3656986503
16970.7075120567,18589.7476616834,32724.5657099427,35009.7882527134,8802.67941369779,21548.3848963826,19032.9228029098,27852.0316445234,39796.275614639,17747.4406808676,19541.7213289349,21060.6688800046,23239.0321854211,20674.6208153916,29561.2735566715,19177.01931799,15613.2117803951,65562.2532270955,21667.5942822663,34232.1254152799,13432.6723343188,17320.9147726821,22575.0611094996,9938.79069187036,15290.770527418,54363.409207478,17216.909248094,14825.7330200328,10571.8513216024,43563.999610476
13615.5011209566,12883.1833872511,22829.8278457277,26251.6282416863,6581.65339482611,15275.447374484,10791.9881330235,11328.4996481674,27118.6803821947,15447.3457322708,14042.7098145013,13314.7015021496,18820.8233319886,13316.1533025286,20202.0739308675,14609.9761643457,13239.5485647318,45290.5147387843,16687.849756267,21807.0866679559,11768.8767763969,11564.6355989096,19470.7430950412,9938.79069187036,11722.5937847326,44936.6329773976,12245.0983830359,11152.0070891089,8065.50331011692,34580.1560762319
10487.4294582637,8933.64102882911,13581.0723144925,17006.2859827279,4998.30361755454,8053.14800232492,8976.61950115224,7698.79482436097,13405.2478283618,8544.18266881721,11425.8882250918,10018.5927789699,11980.2167619872,8520.47148282447,12447.0049022423,8881.39772573738,9482.55400495211,16870.2237586932,11959.4482840976,13649.2008295665,7439.15641478827,8206.07296797147,14745.5482265405,5907.49085871508,11502.8476121307,23300.5407425097,7069.84715122912,6386.43112238598,8065.50331011692,19314.4293267361
4327.33501088079,3175.84825365045,4804.00282357062,5380.67116331589,2715.45974583087,3383.53582740888,4534.89689028412,2522.67310586258,4459.52254079061,4093.5589589799,4149.42943816988,3360.03892335403,5182.24997718244,4040.38464366226,3994.20465286702,3238.62532928476,4097.3990961723,5560.36787045122,4952.08675857378,5734.96570497284,4399.93149389433,4138.63134709915,7882.36205270228,2810.45228420621,4087.5945659442,8557.26083941687,1816.71033867204,2170.12314078048,2943.90187698906,6649.27074057624
2276.24617012806,1312.48774283133,1937.28131645588,1723.54960661845,1847.04878337974,1771.44629560417,2130.38770906606,1538.42082467749,2174.92700448982,1624.8973115879,1918.01447884212,1611.4266015241,1380.09283720341,1198.67695260529,2041.04238996777,1992.70675200221,1517.70752956674,2029.89345641322,2095.40074684718,2324.91008585917,2451.84892587963,1442.15489116877,2139.07693618738,1469.06136031807,1969.92235924168,1952.10008422947,1485.92233573458,1888.4445439031,1956.63186027081,1638.11169051824
869.622084296218,626.089783843923,848.277946446547,709.059063274744,807.505620100782,1084.26172623445,731.21747799191,811.160494520394,842.480118805491,806.697421298682,851.539367123522,852.939662848117,684.97039170509,669.624779273076,1054.35312593017,851.7389856447,768.53279482552,777.148435092572,839.835601611477,835.038249251917,769.192913104991,730.809611838899,700.562757552301,734.386016738294,766.348493650768,922.212283087635,761.274804682064,785.407773299902,753.032751426473,782.669715830632
525.177409294512,459.572196699161,483.257739169901,465.586094015709,528.231825784322,501.376330851332,470.605144967131,471.13850295606,479.443735134462,481.202341034622,499.007262675225,478.493920459825,487.374169715329,465.654954073772,469.935842593706,511.029205205631,507.63367063787,480.649233852451,484.255147967391,514.254199947352,491.224350660943,478.500718195404,485.025959309531,521.566237973203,480.59570339189,490.583908304094,492.239511266396,490.453092536677,472.098046914408,477.542324826378
408.939144040378,421.500847925329,405.283610954579,403.021724216831,414.878187009367,416.805683324064,398.897662396025,398.037139797555,423.63319016987,400.753320496081,416.890438044859,394.469046453947,406.475643212384,421.644161239567,406.037134282265,413.855895906803,393.700836753555,419.417045182694,394.720186449498,397.665085742155,417.21748979424,403.278894554904,422.103712928475,415.921427847693,367.344676381608,392.6738416352,402.961266714861,403.765266519925,402.046194006643,404.5224291105
300.008820161572,413.97517715183,300.005922904361,300.032362132336,403.288682533583,403.286685032716,300.003065197117,300.000997741713,413.975185962699,300.002442362539,413.975168008418,300.000949887032,300.012915675402,413.975178299131,300.007793168455,403.289339934495,300.001492677472,413.975181423925,300.001379508429,300.001536044277,403.290049918419,300.016299653421,413.975185301759,403.286876662914,300.000272184311,300.00124845358,300.006774462749,300.003212512152,300.008121969082,300.009652903348
300.000000132216,413.975165774341,300.000000108082,300.000000135773,403.285680654265,403.28568065406,300.000000150987,300.000000114992,413.975165775672,300.000000134176,413.975165777854,300.000000103205,300.000000134893,413.975165775656,300.000000118984,403.285680653447,300.000000113655,413.975165777039,300.000000117236,300.000000132278,403.285680653549,300.000000130618,413.975165777386,403.285680653366,300.000000138614,300.000000121878,300.000000138057,300.000000143015,300.000000136041,300.000000117249
