30592800.293078,87461392.1142971,1914994.84107391,7265691.2313024,1305827.7520051,839012.687941467,20333010.6787392,43677.5602477529,751481.130324233,121938409.512021,911478807.49837,49691.2680779321,2143955.3858261,1744969.90585757,446703.899051,102924.131428589,2700152.35905891,613721418.563594,213592902.7114,13511013.9887882,21910802.7243112,11271152.2608455,109813520.439846,175625.843684685,102985.224129986,38803221.0465419,1212214933.43553,111998236.846816,2564634.12636342,5220020.44149353
30592800.293078,87461392.1142971,1914994.84107391,7265691.2313024,1305827.7520051,839012.687941467,20333010.6787392,43677.5602477529,751481.130324233,121938409.512021,911478807.49837,49691.2680779321,2143955.3858261,1744969.90585757,446703.899051,102924.131428589,2700152.35905891,613721418.563594,213592902.7114,13511013.9887882,21910802.7243112,11271152.2608455,109813520.439846,175625.843684685,102985.224129986,38803221.0465419,1212214933.43553,111998236.846816,2564634.12636342,5220020.44149353
30592800.293078,87461392.1142971,1914994.84107391,7265691.2313024,1305827.7520051,839012.687941467,20333010.6787392,43677.5602477529,751481.130324233,121938409.512021,911478807.49837,49691.2680779321,2143955.3858261,1744969.90585757,446703.899051,102924.131428589,2700152.35905891,613721418.563594,213592902.7114,13511013.9887882,21910802.7243112,11271152.2608455,109813520.439846,175625.843684685,102985.224129986,38803221.0465419,1212214933.43553,111998236.846816,2564634.12636342,5220020.44149353
30592800.293078,87461392.1142971,1914994.84107391,7265691.2313024,1305827.7520051,839012.687941467,20333010.6787392,43677.5602477529,751481.130324233,121938409.512021,911478807.49837,49691.2680779321,2143955.3858261,1744969.90585757,446703.899051,102924.131428589,2700152.35905891,613721418.563594,213592902.7114,13511013.9887882,21910802.7243112,11271152.2608455,109813520.439846,175625.843684685,102985.224129986,38803221.0465419,1212214933.43553,111998236.846816,2564634.12636342,5220020.44149353
30592800.293078,87461392.1142971,1914994.84107391,7265691.2313024,1305827.7520051,839012.687941467,20333010.6787392,43677.5602477529,751481.130324233,121938409.512021,911478807.49837,49691.2680779321,2143955.3858261,1744969.90585757,446703.899051,102924.131428589,2700152.35905891,613721418.563594,213592902.7114,13511013.9887882,21910802.7243112,11271152.2608455,109813520.439846,175625.843684685,102985.224129986,38803221.0465419,1212214933.43553,111998236.846816,2564634.12636342,5220020.44149353
30592800.293078,87461392.1142971,1914994.84107391,7265691.2313024,699695.167727841,839012.687941467,12695565.0062253,39674.2870652544,751481.130324233,121938409.512021,406092048.676488,49691.2680779321,1151473.92869407,1744969.90585757,446703.899051,56705.9156347894,2700152.35905891,525986756.100892,213592902.7114,13511013.9887882,21910802.7243112,11271152.2608455,109813520.439846,58384.1628156806,47312.9489778058,38803221.0465419,1212214933.43553,111998236.846816,2564634.12636342,5220020.44149353
30592800.293078,62783454.8479367,1914994.84107391,3587536.68867261,699695.167727841,424032.726370405,7941041.77312363,29354.7217656815,286753.933162651,121938409.512021,161656050.344218,49691.2680779321,167275.434547368,1744969.90585757,115464.155721389,56705.9156347894,2700152.35905891,146305696.025963,213592902.7114,6422065.67847964,18525780.4649102,11271152.2608455,88125375.5794155,58384.1628156806,23632.9135141436,33006648.0222511,1020945973.75608,76072782.7214705,2564634.12636342,5220020.44149353
21965556.0910389,24277060.7456848,997614.675774854,743550.950602651,158243.524817185,201545.716139599,2397362.27455941,11125.8131475827,246892.739341923,71300007.8177073,3363078.78383266,49691.2680779321,26128.1408323138,1220696.78429745,57298.2153213677,15088.70396305,1328801.80095901,4742212.10987061,110817322.475496,767652.271196448,13637632.1566539,4194224.54266278,24250785.1554944,5603.55000622265,11148.6329288025,6075807.0016071,198514652.311571,44463104.7773102,1611444.58524801,2898087.27830915
348394.642744606,5154158.24257367,235703.040274062,7495.23369217971,10282.8018941938,15206.111615911,44368.9423303406,6429.9525904684,11876.2504414438,31134652.2882019,168872.49010218,32161.8797889476,4324.48156983462,595076.665335457,4507.29623155218,4277.13825960599,129947.701827969,5265.76077461422,76734255.3847369,31436.3239600641,647080.665841587,2654905.66680728,1006795.97216549,3919.68419988246,5058.54429555506,211312.837555662,1146487.15253522,40813.4420915901,420213.280851211,63836.1634356047
4991.88101826908,5603.53890940946,27134.8163981709,3452.14337807955,4510.95735451491,2222.21372529611,2433.38085541775,3531.02008252819,2947.73833595854,1644021.71089885,3782.16567903232,5898.43563503572,2503.39350289326,28247.3060305718,3331.271839018,2981.79392483402,8308.38803412679,3219.75116729287,6597262.98804929,5346.76617213122,6620.91529813516,295208.662455784,4898.64633570032,2731.81746320782,3184.33530453807,3567.41368002515,2698.80868892821,4663.31234248779,54982.9352584304,4826.63627349998
4505.13041224952,2738.75979369873,3548.89888523968,2527.5737312095,2322.07138125951,1979.9960847922,2120.7585513146,2133.37830105686,2250.80185396254,3477.11366163604,2338.57054110853,4004.09978243395,2047.0761805128,3402.98275833165,2527.75635073824,1935.07674297247,2267.18642275625,2492.86620178567,11205.3166691705,4455.34758037495,3000.98335869549,7446.93936931357,2309.46523155362,1796.09930753169,2173.49512974742,1776.37395637417,1788.30968020679,2554.78224644352,4492.19748475522,2727.29272949899
2487.2155970354,1570.2529687325,2922.265178605,1547.68176715249,1479.50592477838,1490.48081550467,1120.537157959,1565.824156754,1441.1945189887,2557.76078848215,1364.17720404157,2141.2445179215,1539.79668210143,2270.45138567631,2086.45382103312,1531.33997875304,2022.57796085107,1540.55078969771,2473.77642220667,1826.14597242622,1728.03954207813,2633.97004023244,1653.03315355118,1325.70464034904,901.655209548526,1208.40091542382,1299.6358740757,1787.42853328529,2606.22499617523,2235.77506781335
1681.70612538488,1163.81386941906,1408.60755124649,769.393797382485,914.981845252895,1249.40825781031,697.083675625975,933.002212998437,1103.16669824696,1642.56097559552,675.344551019926,1609.97006851263,993.266766875618,2244.18728011858,1103.5796146608,780.084996561422,1513.32148819782,713.870884584107,1836.12986853852,925.837787927709,872.814347744828,1692.69225016244,831.142935996024,716.083726157384,569.139789233017,971.06721398771,868.760240526019,946.015831947248,1680.24994210642,1185.41240812055
1063.27956209526,1163.81386941906,833.503922959902,498.610645102851,471.395336894434,1249.40825781031,475.813732344328,477.259075154897,1103.16669824696,931.309627701654,493.639849130877,1075.11101061102,491.456550838518,977.295918737937,878.857835094309,468.220835454979,1212.99065532149,463.247116803567,821.317320876529,819.397495085315,637.481681701667,852.050710967841,479.704574622071,480.418342047034,441.650974025448,575.526762715635,505.215422513024,946.015831947248,937.537770899577,812.193963874178
954.598325514249,426.620732573901,726.142059073284,479.496148726902,463.589647394679,504.422135512971,460.280661371685,460.993304074292,610.057147670333,931.309627701654,452.342313899364,1075.11101061102,483.186924226749,977.295918737937,566.086049977042,443.89413620682,993.867491780637,444.705186592317,821.317320876529,415.691072995332,443.368591258966,852.050710967841,468.415815616106,451.907470816138,422.194529269566,569.888338254182,491.780833085179,520.193908166999,937.537770899577,812.193963874178
506.910207710474,398.353440954002,726.142059073284,479.471529885753,463.558712560627,397.409572025163,460.141686536341,460.96233019111,545.655835005105,656.007823116995,452.319422159604,575.705016928202,483.178508377203,814.148293584865,411.548930865366,441.195373284374,746.33503090093,444.05908200061,821.317320876529,321.074101236624,441.216895877335,852.050710967841,468.392419074543,451.880069918172,421.683133278532,569.882129018305,491.76126176431,407.04262156303,598.202970182709,812.193963874178
