81.8714595336583,89.8252792508611,69.3686119573931,65.1662811650557,80.8195315296916,81.2230166375292,88.7785096281261,75.211887619449,76.7454482609918,74.9326569268551,95.4612080058133,83.1901175646698,68.8216237930661,69.6744244337942,85.1283151376946,91.5242060877354,63.577959158768,78.1350366823868,87.1961114486309,61.5740587176635,79.0933614639398,76.5576204819798,85.6465885974128,93.5845298185691,75.9129187866854,84.2670321162327,65.4013502834964,89.0880538705466,82.1259435881283,68.277783373474
59.3226121756088,64.4059320278246,62.3286447568307,58.2672379828595,66.6123144136184,69.2727337043369,54.6002377510333,65.1929380743198,76.7454482609918,68.8830495697775,52.7533443946719,73.8968282244805,65.5912391739195,55.0828046488679,71.9050653524879,70.1209992903673,63.577959158768,58.7435121372882,61.5357662687511,61.5740587176635,79.0933614639398,76.5576204819798,76.6377642627907,78.3397817691997,75.9129187866854,69.5509588645848,65.4013502834964,79.6786845260043,61.0387660066305,68.277783373474
59.3226121756088,64.4059320278246,62.3286447568307,58.2672379828595,66.6123144136184,68.4568467703825,54.6002377510333,49.1532069210318,76.7454482609918,63.3034795429363,52.7533443946719,70.9051806900254,65.5912391739195,55.0828046488679,71.9050653524879,58.8879396516826,63.577959158768,58.7435121372882,48.2468197046765,61.5740587176635,75.2907912310034,62.0787098278761,76.6377642627907,62.6403922905732,75.9129187866854,60.4618529089423,42.9859202262151,79.6786845260043,58.470417686652,68.277783373474
59.3226121756088,62.9661576856535,56.4777700791973,58.2672379828595,52.7130680130313,68.4568467703825,54.6002377510333,49.1532069210318,54.6573017036487,63.3034795429363,50.911686818456,63.0438993923809,65.5912391739195,55.0828046488679,60.0051387497214,58.8879396516826,63.577959158768,58.7435121372882,48.2468197046765,61.5740587176635,75.266812455227,59.8775867119354,48.5508564443086,62.6403922905732,70.5463354280856,60.4618529089423,42.9859202262151,74.5655167265598,58.470417686652,65.7785044940357
56.561990737957,47.4560047326235,56.4777700791973,58.2672379828595,52.7130680130313,56.8209211406983,54.6002377510333,49.1532069210318,54.6573017036487,55.9527815067145,50.911686818456,31.1191920680317,65.5912391739195,55.0828046488679,44.9351791833792,41.3429554327064,60.5214952926164,42.5218596148814,48.2468197046765,54.6563369836502,58.4837659910481,59.8775867119354,48.5508564443086,50.5163707425745,58.0894626199236,60.4618529089423,42.9859202262151,61.4602136742355,58.470417686652,57.325007427723
56.561990737957,47.4560047326235,53.3558366459772,46.5433593556581,52.7130680130313,46.0633382132928,54.6002377510333,49.1532069210318,54.6573017036487,55.9527815067145,50.911686818456,31.1191920680317,58.2923444557063,53.5153540421837,44.9351791833792,41.3429554327064,60.5214952926164,42.5218596148814,48.2468197046765,54.6563369836502,46.4603283109726,42.3049906641186,48.5508564443086,50.5163707425745,58.028334270135,58.6696885758629,42.9859202262151,50.5935492396758,57.876756979021,52.6766155183108
56.561990737957,47.4560047326235,43.8940114535482,46.5433593556581,48.2146254758167,46.0633382132928,54.6002377510333,49.1532069210318,45.2366054547534,48.6272049461198,50.911686818456,31.1191920680317,46.3044222422154,53.5153540421837,44.9351791833792,41.3429554327064,53.3063784360947,42.5218596148814,48.2468197046765,54.6563369836502,46.4603283109726,42.3049906641186,48.5508564443086,50.5163707425745,52.6632755471549,58.6696885758629,42.9859202262151,50.5935492396758,43.3541371223381,52.6766155183108
51.5866749364585,47.4560047326235,43.8940114535482,46.5433593556581,48.2146254758167,46.0633382132928,54.6002377510333,49.1532069210318,45.2366054547534,48.6272049461198,46.7026664410231,31.1191920680317,41.7144208666566,53.5153540421837,44.9351791833792,41.3429554327064,53.3063784360947,42.5218596148814,41.1625346444531,54.6563369836502,46.4603283109726,42.3049906641186,48.5508564443086,50.5163707425745,52.6632755471549,36.8812804002027,42.9859202262151,50.5935492396758,43.3541371223381,52.6766155183108
49.1969564635299,47.4560047326235,43.8940114535482,46.5433593556581,48.2146254758167,46.0633382132928,54.6002377510333,49.1532069210318,45.2366054547534,48.6272049461198,46.7026664410231,31.1191920680317,41.7144208666566,53.5153540421837,44.9351791833792,41.3429554327064,53.3063784360947,42.5218596148814,41.1625346444531,54.6563369836502,46.4603283109726,42.3049906641186,48.5508564443086,50.5163707425745,38.4384523330178,36.8812804002027,42.9859202262151,49.6912550781132,43.3541371223381,52.6766155183108
49.1969564635299,43.3816525264849,43.8940114535482,46.5433593556581,48.2146254758167,46.0633382132928,49.0700194661824,48.5304063494107,40.3923137625636,48.6272049461198,40.783398439081,31.1191920680317,41.7144208666566,43.9872982139998,43.9174650249372,41.3429554327064,49.0990640958094,38.3051627769798,41.1625346444531,49.2130086461528,46.4603283109726,42.3049906641186,48.5508564443086,50.5163707425745,38.4384523330178,36.8812804002027,42.9859202262151,49.3191360298579,43.3541371223381,52.6766155183108
49.1969564635299,41.6624242928817,43.8940114535482,46.5433593556581,39.0635797399507,46.0633382132928,49.0700194661824,48.5304063494107,40.3923137625636,48.6272049461198,40.783398439081,31.1191920680317,41.7144208666566,43.9872982139998,43.9174650249372,36.4640785689357,49.0990640958094,38.3051627769798,41.1625346444531,49.2130086461528,46.4603283109726,42.3049906641186,48.5508564443086,48.2310002948126,38.4384523330178,36.8812804002027,42.9859202262151,48.7959256050168,43.3541371223381,49.4772145581819
47.8496715419242,41.6624242928817,41.5830048535169,46.5433593556581,39.0635797399507,44.280590358596,49.0700194661824,33.3753732864678,40.3923137625636,48.6272049461198,40.783398439081,31.1191920680317,37.7028840522713,43.9872982139998,43.9174650249372,36.4640785689357,46.9518939092594,36.2304308959058,41.1625346444531,49.2130086461528,42.377627865974,42.3049906641186,48.3636191207281,47.4161101501479,38.4384523330178,36.8812804002027,42.9859202262151,41.7724951098903,43.3541371223381,44.3934444550036
47.1066506472831,41.6624242928817,36.508037403739,43.9399198348821,39.0635797399507,44.280590358596,36.774331929528,33.3753732864678,40.3923137625636,40.3619464128242,40.783398439081,31.1191920680317,37.7028840522713,43.9872982139998,40.7528018175409,36.4640785689357,46.6378091404368,36.2304308959058,41.1625346444531,33.5731035780171,42.377627865974,37.8280046806425,47.8739149968711,40.596116109993,38.4384523330178,36.8812804002027,31.3541286686049,41.7724951098903,43.3541371223381,38.840235844669
30.105832753824,11.2014005354351,36.508037403739,43.9399198348821,39.0635797399507,40.7054294589502,36.774331929528,33.3753732864678,40.0280538013357,11.0375399541881,40.783398439081,31.1191920680317,37.7028840522713,43.9872982139998,37.5311278949436,36.4640785689357,36.0704171713223,36.2304308959058,41.1625346444531,33.5731035780171,11.0375399197608,37.8280046806425,33.335006181698,40.596116109993,38.4384523330178,36.8812804002027,31.3541286686049,41.7724951098903,42.9118154845183,38.840235844669
