565.734250055643,507.98964559775,1053.58577843247,388.130793148757,600.583076057192,543.646798545653,672.573513116125,301.680724929854,312.608919580936,633.803401338873,201.312507431272,434.642725146288,345.183945791389,372.943376701929,178.945952512963,267.228907777195,369.622386098633,999.252216936278,516.173576409878,307.035833648064,347.730982154724,377.695039126888,2419.29501795403,257.62895306628,409.904059028587,763.899008286439,243.820585372732,435.57611016277,367.111039105874,692.118452181262
146.232002741657,143.229862029961,226.375857554198,91.2161330455629,162.573203317932,154.801596820148,167.927118621809,115.201909303303,109.84039385766,119.604616295775,195.683901172154,124.207556987515,164.138376906325,155.008722752198,121.492409183527,126.131593888892,133.301937135662,282.115427364203,162.920751472005,146.695446697463,154.901215240257,377.695039126888,143.462264665767,111.816743971399,157.087830579142,181.107224084593,128.06836503257,157.735601209586,134.244025965699,193.718306971675
86.7223307449481,95.8876524240491,116.448492385065,91.2161330455629,95.2628709101191,81.6953959522848,100.83235789882,99.7113703034042,94.1175974924813,98.3192013536413,101.516897492613,89.2556237196873,103.969013632637,80.6530587661396,95.1351988388856,83.9880727172435,97.0336743523917,96.841325643426,96.702310552671,104.65294078227,95.5292083757718,134.442409420295,85.698868769246,83.8637864945254,96.3961309754959,97.1817179437453,88.2043663970499,87.3933857125803,98.6480290557224,107.511368755437
74.0120070804874,80.2076736856939,79.1972913324612,77.0118808832462,77.3945717378447,75.7080292382407,81.3277350172143,77.4889726918814,75.9348635931119,76.8340884416689,77.5880195987488,77.5053424605658,79.327603589546,74.7616876413394,76.4607141468296,75.1396919297767,77.1593858183264,79.1129332424703,78.1567155685884,78.8965536821947,77.9242753460671,78.1134853702574,76.0732055178569,76.9721979874912,78.1861008422584,77.0572564481645,77.4439188167016,75.3962857321062,76.9073379402494,76.5792105366518
74.0120070804874,73.6848916065323,73.7069943736319,73.9761616429682,73.7596025149483,73.5620543209061,74.2575349313947,72.9790185222359,72.7031327891295,74.3753354871824,73.3788548128941,74.1346007812858,73.5167292910164,73.4341563069465,74.5086782399335,73.4728702241537,73.3192072508805,74.0876797399937,74.4420982257147,74.0487711413612,73.8144437164897,73.8228011713982,73.5821921158436,73.8889438947772,73.7835227547885,74.4943831864925,73.7553860663866,73.3870014488557,72.9105410731881,74.1241969975431
72.0614930597098,72.1331199355545,72.0771226648685,72.2158279329433,71.9996223621274,73.0272432835145,72.499412177679,72.1059135746541,72.3842780449895,72.6393485505832,71.1407145691792,72.2009850430309,71.4176475885179,71.1384362279364,72.9734708814385,72.000675567183,71.4444384289618,72.276463568794,72.1408095691113,73.7253224549995,71.0910771446111,71.9977895868783,72.5620087675393,71.7767018133791,71.8629834983162,72.3489318456573,71.0709595726726,71.3798763572772,71.5423568513975,71.9957516340623
72.0614900528003,72.1327309868393,72.0771182057942,71.3311350365161,71.1767600983658,71.2914602767537,72.4897414150305,70.886230173352,71.0217567692489,72.6393452272941,71.116592203387,72.2009761002564,71.039964560207,70.9868330468466,72.5056766473958,72.000675143815,71.4443696348958,72.2764610322092,72.1406327290633,72.0303626248233,70.9894208448186,71.9977610788833,72.5620079496771,71.776504638694,71.7368698470418,72.3489318138231,71.0673421018482,71.1973050576157,71.5423562401097,71.9838601822717
72.0614900528003,72.0589258076416,72.0771182057942,71.188815254327,71.1767600969151,71.2846244842622,72.4708464319397,70.8862227491813,71.0148277427356,72.452394376759,71.116592203387,72.013015623193,71.0399645429452,70.9868330468139,72.3456780369334,71.5943510663037,71.4443696348958,72.2025760946817,72.0822260173873,72.0303622756646,70.9288327713166,71.9866002579706,72.5620079496771,71.708039958527,71.7157654822827,72.1395190903727,71.0603269526218,71.1671822226681,71.4348955537807,71.9838601822703
72.0614900528003,72.0586488890976,72.0771182057942,71.1865598677587,71.1767600969151,71.2456531715316,72.4708157094888,70.8862227491813,71.0067761253927,72.4523941811249,71.0972347394854,72.0129862121407,71.0399645429452,70.9557764404617,72.2928572101091,71.5942783175074,71.2288583084865,72.2025752153368,72.0822249281496,72.0303622756646,70.9232609670717,71.9865998261084,72.0569423138973,71.7080395386115,71.71019427492,72.1395189277246,71.059036922783,71.1265950421971,71.4348890825581,71.9838601822703
71.9867781049129,72.0090678131555,72.0251818888582,71.1291581791174,71.1767600969151,71.2456520863147,72.3783857762246,70.8862227491813,71.0054160013469,72.3560759259326,71.0235173848946,72.0129862121407,71.0399645429452,70.9557764404617,72.2928572101091,71.5942783175074,71.1942988576629,72.09535038074,71.9893975244418,72.0122952765541,70.9232609670717,71.7605889031083,71.9763759164302,71.5503521931569,71.5787119092329,71.9207600843442,71.0515261964906,71.1191539337201,71.2421167541943,71.9736465002238
71.9782822247989,72.009067788696,72.0251782564537,71.1230946605378,71.1767600969151,71.2352213659924,72.378369463559,70.8862227491813,70.9998169575351,72.355314132627,71.0207303849097,72.0129862121407,71.0399645429452,70.9557764404617,72.0517553856357,71.2251942114885,71.1934957982376,72.095350359994,71.9893823350335,71.6907189595331,70.9232609670717,71.7492849307373,71.9753111136852,71.5499870465255,71.5778094540328,71.9207538040146,71.0515252263467,71.1185454648294,71.2418203796497,71.9572254245895
71.9782822247989,71.964146007444,71.9953780605701,71.1135615744693,71.1240407947694,71.1871529030964,71.9861683048844,70.8862227491813,70.9998169540199,72.2915538559441,71.011219351944,71.996330470226,71.0399645429452,70.949163134123,72.0441115120311,71.1911513571636,71.1866323920271,72.008799261368,71.9893823350335,71.5581751458462,70.902968955184,71.5579429232484,71.9124531812126,71.2729753006897,71.4766349316387,71.0937310493946,71.0515252263467,71.1185454648294,71.2196872354016,71.9298999612074
71.9782822247989,71.9641460063822,71.9953780605692,71.1135615269609,71.1240394517849,71.1871525489773,71.9837226512186,70.8862227491813,70.9090968724595,72.2809530095305,71.0110987939743,71.9963304702196,71.0399645429452,70.9464915971671,72.0425464839782,71.1911176715025,71.1866323897084,72.0087992596955,71.9893823350335,71.5581620549078,70.9028998332465,71.5579414969557,71.9124531796165,71.2729730468695,71.4766349284491,71.062326363437,71.0515252263467,71.1185454648294,71.2196872348532,71.9298999515991
71.9618233390602,71.9453628854476,71.8783706513286,71.1135615269609,71.1138748476187,71.0998292950899,71.8857831754303,70.8862227491813,70.9090968724581,70.8949014610203,70.983447240425,71.864428423457,71.01213110341,70.9339694303744,71.9570872724844,71.0635059243868,71.1866323897084,71.9422557683392,71.6651784936994,71.5581620549074,70.9006752154482,71.0933619086563,71.6556835455635,71.2011971548891,71.1745872021206,71.062326363437,71.0515252263458,71.0888861548506,71.1981731817059,71.9200196777028
