5304.31035548652,5133.44258540439,4893.93726406023,5252.55880734101,4392.86298537816,4216.50680906381,4874.53995937592,4153.85041731314,5303.17490738404,4764.70849402799,4838.0127152316,4806.74981578621,4992.82116619059,4618.89855042641,5328.68041655479,4967.9842246083,4127.62686758255,5094.61054232651,5120.72636993535,5078.97566181325,4626.33541359729,5546.34134716339,4837.6193704308,4868.08548346915,4937.27951447889,5159.14981519915,4176.91804183361,4287.11149570939,5026.16965528515,4336.80721044461
5038.1472786298,4749.36459939311,4418.31848263957,3212.27868434795,2261.9887026017,1226.61324892751,4676.97793904554,2993.29642158509,2770.12316816829,4486.13370252475,3508.08793982598,2263.37439193629,4638.31280486589,2992.01937775341,4208.09456415868,3842.49432883268,2420.70068052923,4466.48237458922,3383.43320212948,3461.7838440573,3864.85631542496,4452.94749442337,3691.25550767255,3706.73067346522,4937.27951447889,4432.82777436523,3036.80396007099,4287.11149570939,3167.93373655668,2523.23185985444
4063.77600199584,4749.36459939311,4418.31848263957,3212.27868434795,1442.34433253673,1225.88367139189,2938.94648750668,2384.97275998684,2496.90215005202,2445.84999326549,1903.99906645741,806.090529242942,3210.46730382293,2992.01937775341,2540.03883898215,1804.37038603693,2401.79601077987,3472.60020059905,3383.43320212948,2970.28024734165,3773.53506240792,3171.99124038208,2979.82184377834,2731.20338845899,1735.40914397855,3360.98084445055,419.358130303518,882.901353758606,3167.93373655668,460.232272920321
3909.76943501056,2443.76281493077,3382.73029112177,218.9774879135,1441.6410104878,1225.88365839014,386.952647126306,219.077930707637,434.752581850602,2445.84999326549,0.477196675228697,791.260551150435,3026.08044397014,2779.33643242018,2490.13514479867,1801.00982887795,2401.78313546595,853.32642989135,2994.55879106974,2951.39206008417,2611.35929245797,3171.99124038208,2683.44513477837,1944.04405778693,652.228155136785,451.809497689624,219.538058306985,790.288755417604,2680.35125954455,436.644233783652
1.00981426226099,0.344085010941853,355.542518876617,217.921795202407,1441.64100733854,217.796881371049,356.666354481522,219.065816593466,434.74776564873,217.890601152433,0.468426867586459,791.259392206908,418.429822267557,872.382613873563,793.637099878457,434.563048698651,2018.29145501594,396.982216541899,1646.51035318554,360.917035408696,652.140511679569,789.87707310224,2681.69613170921,217.45195398844,652.107448610043,434.497937986021,219.535657826907,790.2844560825,573.051137166527,436.644098759641
0.249827662713869,0.343513036232252,217.389497054665,2.54511489896504,1291.71945232358,217.796881371049,1.83246182937546,217.890566744565,220.65261679665,217.451994504928,0.468426867586459,2.14474640776643,217.921814331175,868.808505225004,793.637095162862,434.46670952818,1920.76734360245,0.281056120551511,0.312284578390972,356.416526818807,217.483184535517,651.575150460914,435.343935079384,0.282129953126059,1.98860567497104,0.24982766271205,217.921795202403,0.242760229733904,573.051101318411,436.644098759641
0.249827662713869,0.312284837322295,217.389497053285,1.89491874505256,0.187370747034947,217.796881371049,1.83246182937546,217.890566744565,220.65261679665,0.281056120549692,0.468426867586459,0.281056120551511,0.218599204874408,2.01983257641041,0.281056120551511,434.46670952818,1920.76734360245,0.281056120551511,0.312284578390972,356.416526818807,0.24982766271205,0.343513036226796,0.343513036228615,0.281056120549692,1.98860411857095,0.24982766271205,217.921795202403,0.218599204872589,3.36197179772716,0.437198409745179
0.249827662713869,0.312284578390972,217.389497053285,0.374741494066257,0.187370747034947,217.796881371049,1.83246182937546,217.890566744565,220.65261679665,0.281056120549692,0.468426867586459,0.281056120551511,0.218599204874408,0.343513036230433,0.281056120551511,434.46670952818,0.218599205045393,0.281056120551511,0.312284578390972,356.416526818807,0.234105280907897,0.343513036226796,0.24982766271205,0.281056120549692,0.312284578390972,0.24982766271205,217.921795202403,0.218599204872589,0.24982766271205,0.187370747033128
0.249827662710231,0.24982766271205,217.389497053285,0.374741494066257,0.187370747034947,217.796881371049,1.83246182937546,0.374741494066257,0.374741494068076,0.281056120549692,0.24992994897184,0.281056120551511,0.218599204874408,0.343513036230433,0.281056120551511,0.3435130457583,0.218599204874408,0.281056120551511,0.312284578390972,356.416526818807,0.156142289193667,0.343513036226796,0.24982766271205,0.281056120549692,0.312284578390972,0.24982766271205,217.921795202403,0.218599204872589,0.24982766271205,0.187370747033128
0.249827662710231,0.24982766271205,217.389497053285,0.218599204872589,0.187370747034947,217.796881371049,0.343513036226796,0.374741494066257,0.374741494068076,0.281056120549692,0.24982766271205,0.281056120551511,0.218599204872589,0.343513036230433,0.281056120551511,0.343513036226796,0.218599204874408,0.281056120551511,0.187370747031309,0.281056120551511,0.156142289193667,0.343513036226796,0.24982766271205,0.281056120549692,0.312284578390972,0.24982766271205,0.343526857895995,0.218599204872589,0.24982766271205,0.187370747033128
0.249827662710231,0.24982766271205,217.389497053285,0.218599204872589,0.187370747034947,0.343513036228615,0.343513036226796,0.374741494066257,0.374741494068076,0.281056120549692,0.24982766271205,0.281056120551511,0.218599204872589,0.343513036230433,0.281056120551511,0.343513036226796,0.218599204874408,0.281056120551511,0.187370747031309,0.281056120551511,0.156142289193667,0.343513036226796,0.24982766271205,0.281056120549692,0.312284578390972,0.24982766271205,0.24982766271205,0.218599204872589,0.24982766271205,0.187370747033128
0.249827662710231,0.24982766271205,217.389497053285,0.218599204872589,0.187370747034947,0.343513036228615,0.343513036226796,0.187370747033128,0.374741494068076,0.281056120549692,0.24982766271205,0.281056120551511,0.218599204872589,0.343513036230433,0.281056120551511,0.124913831354206,0.218599204874408,0.281056120551511,0.187370747031309,0.281056120551511,0.156142289193667,0.343513036226796,0.24982766271205,0.281056120549692,0.312284578390972,0.24982766271205,0.24982766271205,0.218599204872589,0.244910379127759,0.187370747033128
0.249827662710231,0.24982766271205,217.389497053285,0.218599204872589,0.187370747034947,0.343513036228615,0.343513036226796,0.187370747033128,0.374741494068076,0.281056120549692,0.24982766271205,0.281056120551511,0.218599204872589,0.343513036230433,0.281056120551511,0.124913831354206,0.218599204874408,0.281056120551511,0.187370747031309,0.281056120551511,0.156142289193667,0.343513036226796,0.24982766271205,0.281056120549692,0.312284578390972,0.24982766271205,0.24982766271205,0.218599204872589,0.156142289193667,0.187370747033128
0.249827662710231,0.24982766271205,217.389497053285,0.218599204872589,0.187370747034947,0.343513036228615,0.343513036226796,0.187370747033128,0.374741494068076,0.156142289193667,0.24982766271205,0.281056120551511,0.218599204872589,0.343513036230433,0.281056120551511,0.124913831354206,0.218599204874408,0.281056120551511,0.187370747031309,0.281056120551511,0.156142289193667,0.343513036226796,0.24982766271205,0.281056120549692,0.312284578390972,0.24982766271205,0.24982766271205,0.218599204872589,0.156142289193667,0.187370747033128
