4.57148486696496,3.55539402066867,5.13642235077017,4.52266650123319,3.95696700142766,3.86606254894245,4.74788790979391,4.5009590870971,5.07018382054293,3.45425650475416,5.86617016572233,5.8564762351465,5.5375648549824,5.07133370006263,5.30719824096623,5.16114155296923,4.45881097287942,5.1046195944579,3.39944152732917,6.64410609011193,3.88481213611341,5.39375599539274,6.5884098382074,4.43391824049508,5.10477053312755,4.64740076712732,5.15452637610194,5.01360667723008,3.43641645639079,5.98248015380589
4.57148486696496,3.55539402066867,5.13642235077017,4.33431184896119,3.93341819545598,3.86606254894245,4.05976687325861,3.83820170340564,4.21901099311963,3.45425650475416,3.29964214549603,5.8564762351465,4.15667462861858,4.82610378083094,5.30719824096623,5.16114155296923,4.45881097287942,4.6168139995262,3.39944152732917,5.21284323728137,3.88481213611341,3.63182925510428,2.6306852162036,4.33488163207064,4.63149001309335,4.64740076712732,3.65355944532181,5.01360667723008,3.43641645639079,4.49155510498314
3.10627205793821,3.55539402066867,5.13642235077017,4.04836782598508,3.93341819545598,3.86606254894245,4.05976687325861,3.83820170340564,4.21901099311963,3.45425650475416,3.29964214549603,2.9738345509365,3.71521507877337,4.82610378083094,5.04524041124193,5.16114155296923,4.21327875871343,4.27538669067431,3.39944152732917,3.83353193857308,3.88481213611341,3.63182925510428,2.6306852162036,4.33488163207064,4.63149001309335,4.39659001963166,3.65355944532181,5.01360667723008,3.43641645639079,4.49155510498314
3.10627205793821,1.92363384014142,4.1218961936866,2.81898165927399,3.73699511045726,3.86606254894245,2.79701334680979,3.37022353610465,4.02414672431091,3.45425650475416,3.29964214549603,2.9738345509365,3.20342897058687,4.20497845433757,3.85414169869264,4.29431257880738,2.1817089264948,3.24076375245954,3.39944152732917,3.82420052292675,3.63183219020405,2.04469487654092,2.6306852162036,3.66494554333838,2.58464894846909,3.62801100976545,3.32956779542917,1.99637834991338,3.40704485584021,2.3427484727145
2.9999140467802,1.92363384014142,3.69385218381578,2.37624678507682,3.19719433107265,3.86606254894245,1.71942584143909,2.71281064611902,3.47555366042915,3.25953443843568,3.29964214549603,2.50978799843514,3.20342897058687,2.31492910383423,2.84892762457901,3.41208636752673,2.1817089264948,3.24076375245954,3.21124364372631,1.94249015075938,3.63183219020405,2.04469487654092,2.6306852162036,3.23226154598006,2.58464894846909,1.97664807792678,3.32956779542917,1.99637834991338,3.40704485584021,1.35292261978624
2.9999140467802,1.92363384014142,1.65236876868486,2.25526697464325,2.79295281408438,3.17114117647569,1.71942584137748,2.71281064611902,1.86218011083536,2.5211202967835,1.55702419522626,2.50978799843514,2.88856234799197,2.31492910383423,0.904379529042349,2.72920820396507,2.1817089264948,1.03711015845105,3.21124364372631,1.94249015075938,3.09113964852547,2.04469487654092,1.31042704215695,2.6928996378464,2.58464894846909,1.97664807792678,2.35291976308668,0.818444268870334,3.09201438161087,1.35292261748639
2.85642084051657,1.92363384014142,1.65236876867794,2.25526697464325,2.79295281408438,3.17114117647569,1.71942584137748,2.71281064611902,1.86218011083536,2.17196296933706,1.34141703558997,2.50978799843514,2.40759191730997,2.31492910383423,0.904248378291933,2.72920820396507,2.1817089264948,1.03634232565012,3.21124364372631,1.94249015075938,1.07491769977755,2.04469487654092,1.30991167747246,2.12952454144047,2.58464894846909,1.97664807792678,2.35291976308668,0.818440677778566,2.75513613742909,1.35292261748639
2.44879533179442,1.8119352729801,1.65236876867794,2.25526697464325,2.79295281408438,2.76962420115488,1.71942584137748,1.6120814034122,1.86218011083536,2.17196296933706,1.34141703538686,2.50978799843514,2.40759191730997,2.13305192386421,0.904248378291933,1.9639912169026,2.1817089264948,1.03634232565012,3.00808878238549,1.94249015075938,1.07416637578566,1.68844935011996,1.30991167747246,2.05108184053201,2.58464894846909,1.97664807792678,2.35291976308668,0.818440677778566,1.45419007351338,1.35292261748639
0.552886741973968,1.8119352729801,1.65236876867794,2.25526697464325,0.761238574224077,2.76962420115488,1.71942584137748,1.61169459948289,0.764141141798321,2.17196296933706,1.34141703538686,2.50978799843514,1.16564924194136,2.13305192386421,0.614614637894243,1.45016913993423,2.1817089264948,1.03634232565012,3.00808878238549,1.40814439013284,1.07416637578566,1.68844935011996,1.30991167747246,1.46501042562038,2.58464894846909,0.448729820126893,1.52694198171636,0.818440677778566,1.45419007351338,1.35292261748639
0.457697208570241,1.8119352729801,1.65236876867794,2.25526697464325,0.761238574224077,0.803217838197334,1.11793428251394,1.61169459948289,0.764141140647094,2.17196296933706,1.34141703538686,2.50978799843514,1.16564924194136,2.13305192386421,0.593586239296955,1.45016913993423,2.1817089264948,1.03634232565012,1.90334496669366,1.40814439013284,1.05429426010389,1.68844935011996,1.30991167747246,1.46501042562038,2.25935602289069,0.44872982012653,1.52694198171636,0.818440677778566,1.45419007351338,1.35292261748639
0.457697208570241,1.8119352729801,1.65236876867794,2.25526697464325,0.761238574224077,0.803217838197334,1.11793428251394,1.61169459948289,0.764141140647094,2.17196296933706,1.34141703538686,2.50978799843514,1.16564924194136,2.13305192386421,0.593586239296955,1.45016913993423,2.1817089264948,1.03634232565012,1.90334496669366,1.40814439013284,0.762386962202324,1.68844935011996,1.30991167747246,1.46501042562038,2.25935602289069,0.44872982012653,1.52694198171636,0.818440677778566,1.45419007351338,1.35292261748639
0.457697208570241,1.8119352729801,1.65236876867794,2.25526697464325,0.761238574224077,0.803217838197334,1.11793428251394,1.61169459948289,0.764141140647094,1.57138750062865,1.34141703538686,1.03387026355335,1.16564924194136,1.93155016057357,0.593586239296955,1.45016913993423,1.05779148751032,1.03634232565012,1.90334496669366,1.40814439013284,0.762386962202324,1.15193532006936,1.30991167747246,0.789180687351069,0.704854725703112,0.44872982012653,1.52694198171636,0.818440677778566,1.45419007351338,1.35292261748639
0.457697208570241,1.8119352729801,1.65236876867794,1.96056680162751,0.761238574224077,0.803217838197334,1.11793428251394,1.61169459948289,0.764141140647094,1.57138750062865,1.34141703538686,0.791541143979579,1.16564924194136,1.93111316644526,0.593586239296955,1.45016913993423,1.05779148751032,1.03634232565012,1.90334496669366,1.40814439013284,0.762386962202324,0.4664859332191,1.30991167747246,0.789180666910378,0.704854725703112,0.44872982012653,1.03167862048275,0.818440677778566,0.64470064904342,1.35292261748639
0.457697208570241,0.830424479842559,1.65236876867794,1.96056680162751,0.761238574224077,0.803217838197334,1.11793428251394,1.61169459948289,0.764141140647094,1.57138750062865,1.34141703538686,0.791541102761409,1.16564924194136,1.93111316644526,0.593586239296955,1.45016913993423,1.05779148751032,1.03634232565012,1.90334496669366,0.730762269628575,0.762386962202324,0.4664859332191,1.30991167747246,0.789180666910378,0.704854725703112,0.44872982012653,1.03167862048275,0.818440677778566,0.64470064904342,1.35292261748639
