51.5198882909371,52.3292532464478,52.4077329395819,54.4008614978053,59.0021802328817,52.9013165709839,59.398315982707,55.7053946017926,52.4192730702052,51.078246958854,74.1986942117535,69.8395288410926,51.6809303029818,51.4995064239822,51.8583823695338,52.7036100191793,51.1220836412719,52.5760980122709,53.8112915054606,54.546771782173,51.4277027982657,51.8855557505959,53.6431354659883,53.3422922543127,53.6998006844726,51.7424330390811,51.906913888564,69.2338689814318,56.8942230655173,51.1550081912865
49.7121937527203,50.4163352917889,50.6267311467198,50.3690118966811,50.6136607499419,50.3846117202027,51.01783376396,50.5564619622267,50.4655475698492,50.3436797228996,51.3021857811725,50.8406929228171,49.9380442410158,50.8463634647419,50.8552296476118,50.630336801693,50.5568625183373,50.0994118427723,50.0672338016082,50.9533691759366,49.5719745054529,50.5716785165983,50.4487020693185,50.2512651513152,50.1811967113138,50.1551103572672,50.9004775441231,50.9502708495649,50.9611252813748,50.4797029928755
49.7121937527203,50.4163352917889,50.6267311467198,49.7424272467989,50.1013389689476,50.371248131739,50.6891439478683,50.5564619622267,50.4655475698492,50.1602726078062,50.0434915446179,50.7712074741003,49.8048309698122,50.3610811496043,50.5224807558688,50.3650197484093,50.5568625183373,50.0994118427723,49.855524669079,50.461434304172,49.5719745054529,50.2441580839208,50.3897858215604,49.3372969613731,50.1811967113138,50.1551103572672,50.3792976998463,50.2050478780646,50.582489274643,50.4797029928755
49.7121937527203,50.4163352917889,50.1427948237681,49.7424272467989,50.1013389689476,50.1769990528457,49.6658096229397,50.1975809699605,50.2116976664329,49.5763518533709,50.0434915446179,50.0010523855928,49.8048309698122,50.238620996907,49.7399311223873,50.100736522739,50.0436338100131,50.0994118427723,49.4542650943073,50.1363951133542,49.5719745054529,49.8761109728849,50.2158729390105,49.3372969613731,49.9205739567249,49.7756647398829,50.2445444822586,50.2050478780646,50.1479062990587,50.3388492330601
49.7121937527203,49.7950325866574,49.661684968205,49.7424272467989,50.1013389689476,49.8604843982239,49.6658096229397,50.1496864747296,50.100778502257,49.3457003737814,49.9074707644745,50.0010523855928,49.8048309698122,49.3525237937186,49.7399311223873,49.5557273672163,49.6145252192939,49.9222818634146,49.4542650943073,49.43575836138,49.5719745054529,49.8761109728849,49.9838371187514,49.3372969613731,49.9205739567249,49.7756647398829,50.1216463592515,50.1850290763323,50.1479062990587,49.9178827862605
49.7121937527203,49.4241483819424,49.3180982895608,49.7424272467989,49.7891562284782,49.7239535516674,49.5788107429594,49.7641264531447,49.9202278273931,49.3457003737814,49.9074707644745,49.6213201856944,49.8048309698122,49.3525237937186,49.6506776881874,49.5557273672163,49.6145252192939,49.8320980806241,49.4542650943073,49.43575836138,49.1540782600548,49.8761109728849,49.8891500699879,49.3372969613731,49.9205739567249,49.7756647398829,49.9630829778418,49.2125354521165,49.6076134924622,49.3451195917714
49.7121937527203,49.4241483819424,49.3180982895608,49.7424272467989,49.5900056860823,49.7239535516674,49.5788107429594,49.4234473844736,49.9202278273931,49.3457003737814,49.9074707644745,49.54497348875,49.6198154663252,49.3525237937186,49.4411323549991,49.4586432539299,49.522136979285,49.8320980806241,49.4542650943073,49.43575836138,49.1540782600548,49.8761109728849,49.8891500699879,49.3372969613731,49.8497399163761,49.4080052804616,49.5923189770503,49.2125354521165,49.6076134924622,49.3451195917714
49.629537505834,49.4241483819424,49.3180982895608,49.0682187866109,49.5900056860823,49.7239535516674,49.5788107429594,49.4234473844736,49.9164738930419,49.3457003737814,49.5808963603948,49.54497348875,49.6198154663252,49.3525237937186,49.4411323549991,49.4586432539299,49.522136979285,49.8320980806241,49.3273390263197,49.43575836138,49.1540782600548,49.7285827159097,49.8891500699879,49.3372969613731,49.8497399163761,49.4080052804616,49.5923189770503,49.2125354521165,49.6076134924622,49.3451195917714
49.5985533806854,49.4241483819424,49.3180982895608,49.0682187866109,49.5900056860823,49.6217637142873,49.4444475206281,49.3922937501737,49.883805160411,49.3457003737814,49.5808963603948,49.54497348875,49.6198154663252,49.3525237937186,49.4411323549991,49.0759229107394,49.522136979285,49.8320980806241,49.3273390263197,49.43575836138,49.1540782600548,49.31049376105,49.4852436131832,49.3372969613731,49.6482567361783,49.2683709214416,49.5923189770503,49.2125354521165,49.5444054088625,49.3451195917714
49.5985533806854,49.3796118771062,49.3180982895608,49.0682187866109,49.3646589507388,49.6217637142873,49.1225431292356,49.3922937501737,49.4677835599179,49.3457003737814,49.5808963603948,49.54497348875,49.4981047571331,49.3525237937186,49.4411323549991,49.0759229107394,49.522136979285,49.8320980806241,49.3273390263197,49.4121608583782,49.1540782600548,49.1977373797716,49.4852436131832,49.3372969613731,49.5306725102064,49.2683709214416,49.5923189770503,49.2125354521165,49.4952275598831,49.066822802283
49.5985533806854,49.3796118771062,49.3180982895608,49.0682187866109,49.3646589507388,49.6141009591673,49.1225431292356,49.3922937501737,49.4677835599179,49.3457003737814,48.2635534303798,49.3318485138416,49.4981047571331,49.3525237937186,49.4411323549991,49.0759229107394,49.522136979285,49.3790255782054,49.3273390263197,49.3867564775274,49.1540782600548,49.1977373797716,49.3688132984753,49.3372969613731,49.5065359455132,49.2683709214416,49.5923189770503,49.2125354521165,49.4952275598831,49.066822802283
49.5394534792606,49.3796118771062,49.0049949008568,49.0682187866109,49.3646589507388,49.1238065971077,49.1225431292356,49.3922937501737,49.4677835599179,49.3457003737814,48.2635534255409,49.3318485138416,49.4981047571331,49.3525237937186,49.2647961180081,49.0759229107394,49.522136979285,49.3790255782054,49.3273390263197,49.3867564775274,49.1540782600548,49.1977373797716,49.3688132984753,49.3372969613731,49.5065359455132,49.1550087699858,49.3528786605332,49.2125354521165,49.4952275598831,49.066822802283
49.4639651632269,49.3796118771062,49.0049949008568,49.0682187866109,49.2325322280757,49.1238065971077,49.1225431292356,49.3912033978576,49.3171481098443,49.1845528956406,48.2635534255409,49.0905476227113,49.4981047571331,49.3525237937186,49.2647961180081,48.9295816504399,48.9951077955162,49.3790255782054,49.3273390263197,49.3101763634616,49.1540782600548,49.0340004368595,49.2225167937192,49.2650487661306,49.5011565365432,49.1550087699858,49.3528786605332,49.2125354521165,49.4952275598831,49.066822802283
48.9904905345463,49.3796118771062,48.9988141892081,49.0682187866109,49.2325322280757,48.9136925346001,49.1225431292356,49.3169475056041,49.3113069281671,49.1845528956406,48.2635534255409,49.0905476227113,48.0584051795252,49.3525237937186,49.2647961180081,48.9295816504399,48.9951077955162,49.3790255782054,49.3273390263197,49.1603711487987,49.1540782600548,49.0340004368595,49.2225167937192,49.2094846212214,49.3819079106914,49.1550087699858,49.3528786605332,49.2125354521165,49.4001349907477,49.066822802283
