12089831.8009343,9804363.77022629,7521866.08276209,2996286.80624742,2499788.53964737,8588238.55929233,3911042.89597868,1406184.34622299,2223304.0919771,1658769.55445157,7223807.10029771,3054587.95205375,3273507.93685188,7372627.07689825,2681725.76993572,8479900.2103009,2799963.54545447,1219213.23825604,5707835.19750789,5103805.78225334,2712407.36647112,1716937.50570287,6266095.96155557,12317995.9114066,1144303.60093715,2184718.84722957,8481984.14306972,12730717.2737217,8834239.08837266,4091666.69021063
965337.862439137,377459.271928542,935170.028554054,1028153.64328935,234192.34716823,659205.039888854,2252520.60431836,51406.8959553846,364588.544620016,158815.996957105,2569905.20426311,83022.5542889075,271743.083505688,539915.746986875,575601.373745675,1436645.85359998,207514.091735016,254522.883004289,1298452.86956353,1669923.74272702,168254.108879343,466761.54323302,347259.657408148,324587.757699825,51218.6205869319,1153815.49781909,445681.608244598,134661.047877353,102937.56550259,187413.263758859
513966.021373346,280708.862441091,802615.673615886,551384.343320124,52539.4312600633,659205.039888854,303759.690689868,51406.8959553846,206450.90390576,41060.1868601024,1281746.70240471,32468.6474239258,41828.1032521423,539915.746986875,192574.94715846,49759.1681100124,58811.5629993788,125979.305401691,256151.966526114,264759.729646028,13725.5851933947,281689.588110442,347259.657408148,114299.531053441,7733.48531545735,786600.683134574,122137.034569866,26611.9347909007,23484.7135561767,87782.4312737501
147078.584261991,93881.5518691123,337732.08106549,168021.079288008,38269.4343130021,257385.569128642,145459.671189123,17909.6306368535,32683.7720899145,7842.22466775243,248705.809191522,29816.9948541239,30858.1653958574,110201.683400443,75276.3483002691,8756.62421276583,19681.8272819466,13265.8193727274,76979.9399148955,82477.3920436152,8489.87604757715,76435.9196274293,137943.103267582,50789.9990023199,3954.04820091355,379148.846656941,13586.9970905775,10405.5680093535,9769.09598692625,37528.8879694358
1088.20484960655,3360.39147371205,22901.1781515544,24238.9970220013,6907.58675842367,4477.85538149464,40569.4184403891,5212.59955293623,4622.28646942636,5175.2398170458,10149.2401207014,3490.88481415707,2182.97542500364,5044.4702334341,7811.990192893,828.210255726482,7313.24471181936,3014.26803971516,2451.0665708211,8249.76732068341,3051.83611852717,7130.84781667203,1655.5859886311,3830.88451579667,2598.87537908971,10508.7031579173,5481.4192487558,1462.58421073717,3259.35741816879,7300.1314917765
403.827019571241,535.796031904572,820.239510209889,1351.78591421247,1189.28300788064,601.094065181593,1236.57702426946,1096.51462977609,1413.29689984034,683.472787225197,1117.46026396799,599.271904083008,351.068482260548,918.821518279753,1063.09703030726,334.558225420714,1627.75889004598,882.849659176502,458.996978410171,1180.77193539145,1066.51412780651,527.795880140676,675.461342168392,1009.33749302544,802.630347521724,1288.17731729783,635.384691606865,636.190825911796,661.258892800005,1006.90419788817
299.610862591177,276.138759334729,684.482551770885,1206.32204069751,984.530912748262,577.788902708491,855.943857169923,919.446880163695,1250.96671964075,659.040141777614,1032.83874391518,438.564237575932,234.835810704998,761.377274588566,759.606099169949,233.934856596824,972.431525746242,680.920277794042,452.299676413243,528.67411012766,845.497880566157,369.577846419409,627.97723721782,751.829157495397,656.292920025869,646.589775085772,438.557603663672,587.165398241698,469.845880890051,926.555197853384
227.269125000556,224.92469229158,587.049763709054,1197.09186804374,947.381078872417,575.193639316525,808.852825925334,892.036248236212,1237.18255456643,653.744274538779,950.183015742248,436.906818316509,226.62537000745,740.350042230871,724.789482412167,220.246787467219,883.306929854855,661.089117290349,445.496721136651,525.131903164921,834.60393485836,348.750145135468,617.77720225968,740.436101327119,654.411391545243,621.305120032507,366.467591873307,576.098593947906,453.975871652141,922.79039178054
223.069042981178,221.422059072971,586.766944979127,1197.02771778396,947.381078872417,574.954853099265,806.763991901752,857.677907512575,484.633992599182,653.744274538779,950.183015742248,436.906818316509,226.62537000745,740.350042230871,527.898607116422,220.246787467219,878.769290263831,661.089117290349,445.478017057976,525.130600996851,834.60393485836,348.750145135468,615.931580218517,740.436101327119,654.410973783091,617.684476327855,364.899176645691,576.098593947906,449.929836422897,821.586566059202
223.069042981178,221.422059072971,586.766944979127,624.792964823025,664.959653881478,227.575820183525,806.763991901752,838.035962134672,356.8407394298,653.744274538779,950.183015742248,31.8969032116757,226.62537000745,740.350042230871,219.807781814923,220.246787467219,705.16808105139,661.089117290349,445.478017057976,525.130600996851,834.60393485836,348.750145135468,582.580582506228,740.436101327119,487.46205044414,614.514605743476,308.478531078141,576.098593947906,449.929836422897,721.053862626086
223.069042981178,221.422059072971,585.262926358133,624.792964823025,569.668898981451,223.846823115797,806.763991901752,745.976605903285,356.58552038467,227.023495486616,401.158911034048,25.7259223913663,20.7167774808861,633.390083678514,219.566439035695,220.246787467219,241.784925447986,584.57606005311,445.478017057976,525.130600996851,442.283700682773,348.750145135468,580.611256999784,445.104818471554,442.122039985024,614.149576940511,308.33425328128,576.098593947906,449.929836422897,656.261569255923
223.069042981178,221.422059072971,3.03315528903735,575.706486873719,565.97461261557,223.846823115797,467.204713147764,575.126391697708,356.58552038467,227.023495486616,398.659542766627,25.7259223913663,20.7167774808861,398.893825740423,11.5638069149435,220.246787467219,223.431956775112,565.528126863388,445.478017057976,455.44409589656,440.965921936676,348.750145135468,580.611256999784,445.104818471554,442.122039985024,589.037888012748,308.33425328128,225.721404858418,449.929836422897,653.495168549401
223.069042981178,221.422059072971,3.03315528903735,351.501402104643,165.199865643656,220.722305340321,454.143966325103,319.803564016798,164.865982723524,118.38482720913,336.07990584852,25.7259223913663,20.7167774808861,174.387905572688,3.76539262633559,61.9893644974611,197.1344763869,215.358687246745,154.921044327649,98.7597564836728,169.864112041964,287.564359385116,576.220849442475,281.70591987241,108.396536111075,451.053113258502,221.195075392821,225.369428505978,18.4367986198627,155.477338537685
156.735959772733,122.294753567864,3.03315528903735,135.346642312755,118.566883633687,91.844218482254,121.79865804646,175.015960379677,5.05419921191559,94.8783090694486,115.061854499577,25.7259223913663,20.7167774808861,174.387905572688,3.76539262633559,61.9893644974611,76.0167210104844,183.478817504922,116.416091782832,98.7597564836728,169.864112041964,146.34674472201,88.7856541347006,211.863523275318,101.768314538283,78.6474592634574,122.517794388781,126.954808211425,8.4736015075974,129.891366058808
