956834240.215652,92238897.0013147,394636759.424763,2803891611.06762,2028904055.13466,1366232240.81083,1507796583.83466,1412090895.00187,5462619602.25861,3281773241.60046,5881089648.88513,5194324811.06364,1136241051.79077,4644705334.99354,2618641929.01066,451561010.065392,946455846.855524,3182049051.89533,713492771.080308,4609712361.54203,3531138085.01446,3525036336.35132,2117616397.22661,47236068.1628903,5899308697.75546,2033214067.85606,4097828535.58402,1919654439.28937,6289253779.68157,2117596306.243
956834240.215652,92238897.0013147,394636759.424763,2803891611.06762,2028904055.13466,1366232240.81083,1507796583.83466,1412090895.00187,5462619602.25861,3281773241.60046,5881089648.88513,5194324811.06364,1136241051.79077,4644705334.99354,2618641929.01066,451561010.065392,946455846.855524,3182049051.89533,713492771.080308,4609712361.54203,3531138085.01446,3525036336.35132,2117616397.22661,47236068.1628903,5899308697.75546,2033214067.85606,4097828535.58402,1919654439.28937,6289253779.68157,2117596306.243
956834240.215652,92238897.0013147,394636759.424763,2803891611.06762,2028904055.13466,1366232240.81083,1507796583.83466,1412090895.00187,5462619602.25861,3281773241.60046,5881089648.88513,5194324811.06364,1136241051.79077,4644705334.99354,2618641929.01066,451561010.065392,946455846.855524,3182049051.89533,713492771.080308,4609712361.54203,3531138085.01446,3525036336.35132,2117616397.22661,47236068.1628903,5899308697.75546,2033214067.85606,4097828535.58402,1919654439.28937,6289253779.68157,2117596306.243
956834240.215652,92238897.0013147,394636759.424763,2803891611.06762,2028904055.13466,1366232240.81083,1507796583.83466,1412090895.00187,5462619602.25861,3281773241.60046,5881089648.88513,5194324811.06364,1136241051.79077,4644705334.99354,2618641929.01066,451561010.065392,946455846.855524,3182049051.89533,713492771.080308,4609712361.54203,3531138085.01446,3525036336.35132,2117616397.22661,47236068.1628903,5899308697.75546,2033214067.85606,4097828535.58402,1919654439.28937,6289253779.68157,2117596306.243
747054035.594899,92238897.0013147,394636759.424763,2803891611.06762,1193233429.76834,1366232240.81083,113552367.082679,1412090895.00187,270437639.369811,3281773241.60046,5881089648.88513,3791241322.62169,686815980.609063,2572027252.65875,2618641929.01066,451561010.065392,23045145.9408598,3182049051.89533,713492771.080308,370480213.004,3531138085.01446,117542705.318506,410005084.982082,47236068.1628903,174691354.754937,2033214067.85606,4097828535.58402,1919654439.28937,6289253779.68157,600271098.044
48374434.2156593,27207410.7943822,53195995.1103398,62385794.2845006,46788391.1912563,106583743.2517,24359557.8923098,105764815.959781,43440698.8732641,29655219.4898452,5881089648.88513,270176189.264683,27412239.3571381,227605391.186277,4019668.26450703,180560422.570127,23045145.9408598,144725474.372667,30898352.0591197,24759349.1451609,57883533.5465648,19894664.7196883,38515563.7345882,23846524.3749878,104300380.104716,42227625.9340535,67586450.9079551,20473468.1464343,36893692.27089,93121025.3518265
4439070.5808875,7899369.97414222,6421937.59990937,10366362.5254442,11174615.9050946,8142519.40755569,24359557.8923098,38214201.4124519,35929750.2556264,9664899.38419512,94143887.6274693,57370974.2026168,3501341.51384805,25868659.7264134,4019668.26450703,20004435.9621359,21940178.5790215,13601751.6922833,8279101.85694348,24759349.1451609,20345535.3646615,7472541.414193,5242739.44010639,1904421.03667163,28148291.5690861,30825363.429112,13127653.5403212,20473468.1464343,36893692.27089,86170470.2028142
2391015.82058917,7899369.97414222,6421937.59990937,2291269.12783941,2702934.06592607,4347403.10598723,5507196.79161196,1354637.70204046,3005039.62876259,6527177.6365254,18105170.2441984,1066044.49875154,2115426.96406373,4808522.37048598,820699.116909066,6230418.6716834,3437315.41481183,12769943.7003094,3653840.51034238,17612595.6327613,5325659.15039108,4500223.23501549,1137528.60295534,1904421.03667163,3562553.45119235,1274625.66948702,3688291.52395043,12011153.1269347,12554197.6806821,11771646.6721664
688812.474236174,4348857.24010725,3068437.38099974,742870.17936306,2178232.70145067,1293119.02882529,3143366.64297887,370147.279727061,343305.399279767,2085498.7119125,8876798.56433741,721527.195137137,908682.942864936,1242005.46712866,820699.116909066,1877082.81213405,1514419.27477599,3916858.3986611,856930.779393427,1737929.90928688,856311.52346103,3732718.4936088,309735.990606778,589760.606841796,389806.566258446,513149.580845231,1387909.82199072,3623605.32062723,4380637.23505799,1816307.63029601
518812.690597273,1083896.96705544,527281.091395653,89597.8515766925,704332.843285125,46114.4134317185,451714.077455604,326056.637610195,5058.38519686071,285670.056309084,305011.184367305,603816.880210312,765500.261870527,601137.584822826,490996.734231757,473329.407127193,702337.607119475,34051.1855354088,622126.489792611,384256.210318947,564679.704514101,1056320.1156902,98307.0329463677,59648.5466396509,303477.939539572,307676.961521429,325016.042466235,300118.664712857,510570.418639029,880069.777174771
212212.482550528,255213.70957836,284721.919743679,44896.4481644904,316451.784412858,32466.2646253575,185097.422502954,147629.387275577,3061.77290465379,59744.4161229572,53854.4801023969,136688.991869013,234787.207687341,331964.078100805,160094.14072101,247023.421617697,316948.2334586,14779.3455354629,286937.169282367,175071.028488118,247707.135186057,304800.430927359,58224.0484614262,21557.8961622704,133276.101762926,160340.489454856,120896.906598972,133862.151821244,194230.858957509,434832.02241946
4990.59674183838,13730.9569998006,26730.7106286402,3835.6102383333,17939.8472267313,19074.0722431297,37882.5816135461,4934.95381359967,2349.43316481431,4211.6181220706,6360.97629353464,9063.9215973943,23152.7216298537,38843.9046785448,16039.2491206268,13090.2605584692,4347.55721358673,4561.54446573723,23937.7005229409,5534.7648918606,8117.32893863529,32422.9424507682,22964.1503292884,3088.06518055736,13002.9670165534,49355.269071866,15973.3454180943,19433.8457447927,10060.7680575975,5536.64438482541
1514.12846249757,2083.14334323338,856.980386317151,2314.37389308323,1465.57273076175,3158.76623711997,603.845952331359,735.887552103667,97.4467914002548,1135.64403974568,3376.26087591429,1562.29114895997,2687.708716909,826.013429898579,2533.92375470993,1935.95721480822,2556.75256353978,2443.67733128839,2671.85356789364,2013.51433841425,3482.69380977221,1849.56879471517,472.43033810153,807.652424647565,1318.08074461973,3807.4644498014,1948.0363349778,3349.24972184836,2438.50292484578,2056.83206772869
563.446606088608,892.373350550344,547.327917987537,609.59940137484,684.428572154326,718.935787322694,369.344415291376,381.632789302647,26.7858519703459,292.645624081652,505.47162226111,879.286588744099,961.966340347009,649.614198638323,895.953808863334,1419.42824509222,1022.4032544476,1281.01935625465,916.864916117061,1076.052987819,528.532686595828,976.254952845124,252.32170184197,433.689303344154,674.439881219182,1192.5479115137,456.966381044936,657.513688100139,1032.7693028139,897.498909662555
444.143544079007,816.599099556529,539.751451416287,587.517380019078,665.036170565752,671.763596807106,345.258055854017,241.253605045454,3.93989783157667,264.304530330605,486.011850279212,812.318464811488,805.947782016999,636.33291516345,838.367521747137,1057.03226868281,1019.40783652564,632.583482775089,883.305379235405,737.541787900495,458.385549872632,651.708888271314,237.869523947061,420.089176433526,657.430364403728,1161.80425731659,371.565558275103,654.481441972252,1021.9662812199,850.276146774072
134.405522238316,106.94661105394,219.91088807669,106.871252569105,145.605966159639,91.3390559152767,162.087332528835,45.4038344410533,3.93989783157667,159.884608624468,109.951969110863,90.9512864109711,163.490763925783,225.631203963117,454.996676818735,28.1326155041952,83.2059682741738,151.17634377571,163.269938870352,129.934722017902,121.738412988297,218.721178781067,171.616954448228,61.6599655873415,312.414310905831,121.105726995589,102.662555222968,38.6706075998782,145.640897603173,325.608661352023
