25219901.9330438,9098908.64550192,14130439.9853032,5673451.59479157,14046735.7471449,16525960.8377896,8235588.38090723,19888558.4198542,27003296.0914811,14764252.2744406,13850650.8200588,4257831.13516887,15716985.2888901,17606482.9946209,41609331.3565193,21602901.9323415,3089258.39409803,19459368.6186264,22443221.8812056,6562949.0013755,25809973.3117489,16869764.3074792,101223832.822066,11318504.7453492,15296014.681859,4781707.30504683,39538451.2264038,30637968.7311317,21925443.7196519,27016274.4659034
2753943.24201998,1185176.02323836,2142671.49284348,1044141.35829521,3972013.1343267,5045519.9454517,4166283.42009854,4375566.43896881,6028856.80338077,722443.014527804,2395231.24905873,3266036.13386086,4050307.16573479,848071.212910588,1809639.2857669,1114810.86901942,1593502.54573755,677530.81577481,1754047.58668904,4658782.50399275,2207932.14543125,1478267.9177868,1827926.97942687,1005594.40415434,5499123.1547749,595075.199465252,5087074.74840476,10099842.9711132,1581668.4136838,1252714.89227351
648796.298587425,282016.198421357,1041541.73136318,476667.82762566,1819599.56921949,1037655.96027823,847068.723548441,873267.332973514,3588822.50268817,450817.504095057,940756.274121699,2350609.22292938,1825036.23732244,599248.649026518,612125.635482163,260633.850793371,1179706.02071158,324361.225832114,639430.786035617,1347674.4529946,466367.21564317,548598.082562477,1075846.05165836,153109.685243473,1329997.28765356,137919.49855531,480360.063379462,1880784.60095722,811698.405068965,567755.480638593
243874.429599849,144172.469814244,351906.236028959,164183.15748367,95638.3869452447,370758.005859438,110621.708272085,323874.70039045,1313627.86742181,134437.456685131,211222.06378595,131002.389994652,390911.207782647,88144.6196687117,39712.3743120676,71493.1168711444,329197.567701349,21311.2563777116,70853.4301660528,510744.062007582,106863.006251386,221722.045563523,167085.361767857,74047.1344858808,109328.397216352,55186.4173505529,251067.281563944,102279.731077475,352479.620397055,234778.460297209
10241.1155244156,31630.9126707444,6142.6957291899,46389.9703411102,4880.5330818265,17974.0973404121,13502.8640511915,7308.44118036663,35429.3011162082,69751.3240952024,5538.09507628814,7198.44637235779,27438.4750378005,7539.04203981878,5901.69198600639,24672.5922494963,10501.5226968947,9784.32075847663,15343.5833412037,17886.1272110162,10533.6926058156,19572.172772508,6696.67483545896,7669.4571790575,3892.70895075474,5435.69790094287,3626.93363620519,8537.07342119596,30029.6780544648,8807.07110721986
1016.96811449556,1140.85241669252,1007.33154058843,1085.86014125069,1780.33018474513,1126.11730035839,1249.18862723982,807.977547442013,1089.79342942341,1326.56562489259,923.863330015652,1095.77676669198,1095.76179704753,1181.6621782141,970.087973939548,1048.59717792106,1709.91050486695,957.180283167202,1414.39823631516,1076.70328813143,1138.97099889935,665.622100314612,1553.74703442985,1266.27495247809,984.399173815807,494.739968453037,732.046295522771,1280.7996167787,1015.01099304363,1103.47513401263
853.464107149463,983.126951509797,456.368824961448,585.683394849638,1212.62342186294,1003.50039498153,388.364439424109,473.131033646006,1020.12741935202,1157.93526910003,837.85418415167,871.838974030646,487.270119442047,692.500476286717,901.226447783282,884.609807812305,1236.47699408308,656.114480896858,1096.47135232816,822.16834007557,811.298076009562,585.262439912744,1280.89948779073,1170.55496540253,803.018425535979,229.514944523236,573.199953890743,1244.99804010406,787.091328130392,729.296243535878
851.779892016619,955.099155345417,448.987947700599,581.589911855356,1196.24678052513,1000.2502359528,367.802099816213,445.424125483311,1016.71920598166,1144.38050707174,828.283081130563,870.370838783348,480.535079059259,674.97814369111,899.953703253667,882.731850955518,1224.7199796995,631.660420424369,1076.91055502125,816.660544576446,808.719953845947,584.894023122306,1279.88047483553,1158.79461224159,798.937016690043,228.863414672445,572.659848031035,1241.11070760382,785.984757077899,728.960183176189
851.778573635238,955.098743974395,448.98794079437,581.589911821757,1196.24676379777,1000.25023279666,367.798888291527,120.277818491805,1016.71920342374,1144.38049621192,828.283080211246,870.370803843683,480.535078179992,674.978141276271,899.953703126889,882.731850609196,1224.71996509386,631.660288451101,1076.91054661323,816.660411203087,808.719952383344,584.894023122306,1279.88047482629,1158.79461222549,798.937015442207,228.863414412004,572.659844814798,1234.60762494472,785.984757060313,728.960183020669
851.778573635238,955.098743974395,448.98794079437,581.589911821757,1196.24676379777,1000.25023279666,367.798888291527,31.8942620667865,1016.71920342374,1144.38049621192,828.283080211246,870.370803843683,480.535078179992,674.978141276271,899.953703126889,882.731850609196,1224.71996509386,631.660288451101,1076.91054661323,816.660411203087,808.719952383344,584.894023053487,1279.88047482629,1158.79461222549,798.937015442207,228.863414412004,572.659844814798,1220.97304859813,785.984757060313,728.960183020669
851.778478301037,955.098743974395,448.987940748774,581.589911821757,1196.24676379777,1000.25023258974,367.79888822376,31.8941870058959,1016.71920342299,1144.3804962027,828.283080095032,870.370803734925,480.535078179992,674.978141276271,899.953703076806,882.731850453147,1224.71996503636,631.660288451101,1076.91054661323,816.660411203087,808.719952002542,584.894023033454,1279.88047482629,1158.79461222549,798.937015274795,228.863414412004,572.659844814798,1220.97304854381,785.984757060313,728.960183003254
851.778462833604,955.098714469068,448.987940721349,581.589911821757,1196.24676373853,1000.25023258974,367.79888822376,31.8941869953578,1016.71920342231,1144.3804962027,828.283080080879,870.370803734925,480.535078179992,674.978141276271,899.953703070681,882.731850437124,1224.71996502849,631.660288425771,1076.91054661128,816.660408625471,808.719951994312,584.894023023865,1279.88047482629,1158.79461221701,798.93701527356,228.86341435792,572.659844814798,1220.97304854381,785.984757060313,728.960182984452
851.778431638966,955.098714469068,448.987940719119,581.58991180614,1196.24676373853,1000.25023247321,367.798888222751,31.8941869910975,1016.71920341846,1144.38049620254,828.283080045296,870.370803719096,480.53507817721,674.978141273796,899.95370306849,882.731850432178,1224.71996502429,631.660288423981,1076.91054661057,816.660408625471,808.719951965055,584.894023022837,1279.88047482415,1158.79461221657,798.937015199591,228.863414354152,572.659844810306,1220.97304854205,785.984757051839,728.960182982299
851.778421954808,955.098705223027,448.987940719119,581.589911804678,1196.24676373835,1000.25023247321,367.798888222751,31.8941869910975,1016.7192034183,1144.38049620254,828.283080044196,870.370803718126,480.53507817721,674.97814127359,899.95370306849,882.731850432178,1224.71996502429,631.660288423981,1076.91054660755,816.660394502089,808.719951965055,584.894023022754,1279.88047482415,1158.79461221653,798.937015199265,228.863414353868,572.65984480967,1220.97304854167,785.984757051529,728.960182980621
