1951.80396750218,2298.44442355714,2255.12174702274,1747.18942640037,2613.53987987967,2219.07715461297,1873.53004330864,2658.33903345206,2510.79226140728,2825.5537944446,2613.12779763556,2601.51777277727,2358.05585566556,2957.96125767528,2459.62923038271,2829.91283347298,2204.44345401792,2774.6793008756,1745.85698029193,2193.86178952301,2160.54496766829,2191.40863841474,2521.22085262963,1956.87988039423,2451.24313858933,2314.06435677899,1565.37202297773,2456.99434566926,1886.54607207816,1560.08269886681
1845.29387145827,1563.86320021495,2255.12174702274,1747.18942640037,2173.28677703392,1266.70470236267,1592.12703188029,2548.38692453256,974.503556735574,2448.63836591904,1838.04096674897,2239.95137356886,1890.27497037306,2449.58367607601,1813.84611875085,2189.04728423457,1441.53430048124,1558.43729610854,1745.85698029193,1692.92988621441,1469.41739922701,1056.79413564412,1861.30165248208,1375.89190295299,2097.41651178366,1622.77354352929,744.884902051324,1554.30819037212,1884.06014854811,1552.3008607451
1016.856443978,809.975772268015,2053.83901150651,1739.59255280068,2113.29492832254,1266.70470236267,752.374221138252,1502.97354041417,974.503556735574,1796.80412629168,1838.04096674897,1139.35878433911,1879.56631562259,2264.12855743504,1360.83086172538,1582.66491883392,1441.53430048124,1250.2761425236,1029.70250330833,653.780041456665,1036.02933268719,661.151256232039,1449.93960659495,1178.15470600233,1755.98441915069,1046.64649364028,744.884902051324,934.2782695381,1344.34978813495,1245.60950905734
712.264974258143,416.621326838643,1527.4443426415,564.364756339104,801.262075963915,1041.78457780709,547.199019947313,461.571409710391,664.798736193927,533.677967705873,1838.04096674897,549.244128193686,371.987438642183,1459.94904537542,613.218259361618,858.579790636006,640.662597031805,471.888041357305,708.660416352382,622.701705873012,598.577756145993,506.619860521508,506.011396891538,473.820787021669,682.001711536166,485.062263077684,624.665183209191,663.966208736103,1234.85041684577,584.665833868157
102.310785541615,187.415727296886,293.469909286408,6.51950758194516,329.426021188386,1025.17580380566,491.353430477581,72.7948561070957,82.6486899620127,202.957060714111,1425.60888792976,360.664296053746,275.700406365442,11.2625487018609,173.653108832299,63.8682371100117,186.626631476495,299.966776422416,354.210349697147,278.723429830083,49.6092568221779,471.135109377879,273.60498996876,473.820787021669,67.0013841143591,347.826841140761,262.819693805834,338.182337129043,1224.52171953773,381.280386903974
0.00424144178077768,187.415727296886,3.56453946307738,4.0702161641093e-07,0.812624399786273,1025.15854421414,27.1926891451972,41.3242459403882,24.2265826786952,202.957060714111,1425.22905677508,353.087414703964,0.00417586187586494,1.05700678432186e-05,1.54090280375385e-05,0.000163074253123341,0.000160757609137363,298.073240880852,36.7724021892,35.4609553719192,48.8516286195281,251.241104123812,10.5104002533476,40.5388086666017,56.217361279339,36.7629259972873,40.5388182012221,240.844359023099,1224.52102078559,10.0550561189534
5.77529135625809e-11,27.3159018781262,3.43356987286825e-08,3.18323145620525e-12,2.83625922747888e-09,1025.15854421368,27.1635833968462,41.3242379921567,24.2264894040172,0.0139438914929997,1425.22905675418,36.7619706459641,7.13953340891749e-11,2.27373675443232e-12,2.72848410531878e-12,3.63797880709171e-12,7.73070496506989e-12,1.81392485869128,36.7594478308902,34.5490737331584,35.3541223934594,0.173624097585616,4.11912287745508e-06,40.4733611134398,56.2173601758959,36.7594478308438,40.4733608672832,240.844359023099,1224.52102078551,6.00118710281095e-07
2.27373675443232e-12,27.1635833968735,2.72848410531878e-12,3.18323145620525e-12,4.54747350886464e-12,1025.15854421368,27.1635833968107,41.3242379921567,24.1640278709428,8.18545231595635e-12,1425.22905675418,36.7594478308379,9.09494701772928e-13,2.27373675443232e-12,2.72848410531878e-12,3.63797880709171e-12,7.73070496506989e-12,4.50154402642511e-09,36.7594478308379,34.5490736465099,34.1827939087593,9.23137122299522e-11,4.54747350886464e-12,40.4733607940893,56.2173601758959,36.759447830837,40.4733607940893,5.29156259290176e-05,1224.52102078551,9.09494701772928e-13
2.27373675443232e-12,27.1635833968116,9.09494701772928e-13,9.09494701772928e-13,1.81898940354586e-12,1025.15854421368,27.1635833968107,41.3242379921562,24.1640278709428,3.18323145620525e-12,1425.22905675418,36.7594478308374,9.09494701772928e-13,1.36424205265939e-12,2.72848410531878e-12,1.81898940354586e-12,1.36424205265939e-12,3.18323145620525e-12,36.7594478308374,34.5490736465099,34.1827939007489,1.36424205265939e-12,4.54747350886464e-12,40.4733607940893,56.2173601758955,36.759447830837,40.4733607940893,2.27373675443232e-12,1224.52102078551,9.09494701772928e-13
2.27373675443232e-12,27.1635833968112,9.09494701772928e-13,9.09494701772928e-13,1.81898940354586e-12,1025.15854421368,27.1635833968107,41.3242379921562,24.1640278709428,2.27373675443232e-12,1425.22905675418,36.7594478308374,9.09494701772928e-13,1.36424205265939e-12,1.36424205265939e-12,1.36424205265939e-12,9.09494701772928e-13,1.81898940354586e-12,36.7594478308374,34.5490736465094,34.1827939007489,1.36424205265939e-12,1.36424205265939e-12,40.4733607940893,56.217360175895,36.759447830837,40.4733607940893,2.27373675443232e-12,1224.52102078551,9.09494701772928e-13
1.81898940354586e-12,27.1635833968107,9.09494701772928e-13,9.09494701772928e-13,9.09494701772928e-13,1025.15854421368,27.1635833968107,41.3242379921562,24.1640278709428,1.81898940354586e-12,1425.22905675418,36.7594478308374,9.09494701772928e-13,1.36424205265939e-12,1.36424205265939e-12,9.09494701772928e-13,9.09494701772928e-13,1.81898940354586e-12,36.759447830837,34.5490736465085,34.1827939007489,9.09494701772928e-13,1.36424205265939e-12,40.4733607940889,56.217360175895,36.759447830837,40.4733607940889,9.09494701772928e-13,1224.52102078551,9.09494701772928e-13
1.81898940354586e-12,27.1635833968107,9.09494701772928e-13,9.09494701772928e-13,9.09494701772928e-13,1025.15854421368,27.1635833968107,41.3242379921562,24.1640278709428,1.81898940354586e-12,1425.22905675418,36.759447830837,9.09494701772928e-13,1.36424205265939e-12,1.36424205265939e-12,9.09494701772928e-13,9.09494701772928e-13,9.09494701772928e-13,36.759447830837,34.5490736465085,34.1827939007489,9.09494701772928e-13,9.09494701772928e-13,40.4733607940884,56.217360175895,36.759447830837,40.4733607940889,9.09494701772928e-13,1224.52102078551,9.09494701772928e-13
1.81898940354586e-12,27.1635833968107,9.09494701772928e-13,9.09494701772928e-13,9.09494701772928e-13,1025.15854421368,27.1635833968107,41.3242379921562,23.2578792357263,1.81898940354586e-12,1425.22905675418,36.759447830837,9.09494701772928e-13,1.36424205265939e-12,1.36424205265939e-12,9.09494701772928e-13,9.09494701772928e-13,9.09494701772928e-13,36.759447830837,34.5490736465085,34.1827939007489,9.09494701772928e-13,4.54747350886464e-13,40.4733607940884,56.217360175895,36.759447830837,40.4733607940884,9.09494701772928e-13,1224.52102078551,9.09494701772928e-13
4.54747350886464e-13,27.1635833968107,9.09494701772928e-13,9.09494701772928e-13,9.09494701772928e-13,1025.15854421368,27.1635833968107,41.3242379921562,23.2578791773167,9.09494701772928e-13,1425.22905675418,36.759447830837,4.54747350886464e-13,1.36424205265939e-12,9.09494701772928e-13,4.54747350886464e-13,9.09494701772928e-13,9.09494701772928e-13,36.759447830837,34.5490736465085,34.1827939007485,9.09494701772928e-13,4.54747350886464e-13,40.4733607940884,56.217360175895,36.759447830837,40.4733607940884,9.09494701772928e-13,1224.52102078551,4.54747350886464e-13
