2081.54447217587,2080.66623328693,2116.06281825683,2513.95429255978,2439.084301676,2527.42290642905,2254.8380390518,1793.82578463603,2389.56700139176,2443.02941781481,2144.9473898402,2208.53421205619,1866.85857099488,2267.38009537753,2362.94112757726,1754.88029776185,2146.16922775071,1947.15239132277,2310.88524680629,1735.86490652256,2095.92290770523,2516.18352435492,2358.541001161,2142.07699240158,2430.70664447331,2153.90253810911,1851.97095680903,1799.94612999296,2551.10954207919,2051.70382744235
2081.54447217587,2080.66623328693,2116.06281825683,2513.95429255978,2439.084301676,2527.42290642905,2254.8380390518,1793.82578463603,2389.56700139176,2443.02941781481,2144.9473898402,2208.53421205619,1866.85857099488,2267.38009537753,2362.94112757726,1754.88029776185,2146.16922775071,1947.15239132277,2310.88524680629,1735.86490652256,2095.92290770523,2516.18352435492,2358.541001161,2142.07699240158,2430.70664447331,2153.90253810911,1851.97095680903,1799.94612999296,2551.10954207919,2051.70382744235
2081.54447217587,2080.66623328693,2116.06281825683,2513.95429255978,2439.084301676,2527.42290642905,2254.8380390518,1793.82578463603,2389.56700139176,2443.02941781481,2144.9473898402,2208.53421205619,1866.85857099488,2267.38009537753,2362.94112757726,1754.88029776185,2146.16922775071,1947.15239132277,2310.88524680629,1735.86490652256,2095.92290770523,2516.18352435492,2358.541001161,2142.07699240158,2430.70664447331,2153.90253810911,1851.97095680903,1799.94612999296,2551.10954207919,2051.70382744235
2081.54447217587,2080.66623328693,2116.06281825683,2513.95429255978,2439.084301676,2527.42290642905,2254.8380390518,1793.82578463603,2389.56700139176,2443.02941781481,2144.9473898402,2208.53421205619,1866.85857099488,2267.38009537753,2362.94112757726,1754.88029776185,2146.16922775071,1947.15239132277,2310.88524680629,1735.86490652256,2095.92290770523,2516.18352435492,2358.541001161,2142.07699240158,2430.70664447331,2153.90253810911,1851.97095680903,1799.94612999296,2551.10954207919,2051.70382744235
2081.54447217587,2080.66623328693,2116.06281825683,2513.95429255978,2439.084301676,2527.42290642905,2254.8380390518,1793.82578463603,2389.56700139176,2443.02941781481,2144.9473898402,2208.53421205619,1866.85857099488,2267.38009537753,2362.94112757726,1754.88029776185,2146.16922775071,1947.15239132277,2310.88524680629,1735.86490652256,2095.92290770523,2516.18352435492,2358.541001161,2142.07699240158,2430.70664447331,2153.90253810911,1851.97095680903,1799.94612999296,2551.10954207919,2051.70382744235
1999.79315432831,1894.76204900232,2038.92536527974,2398.58676958187,2363.47181666868,2511.20196714355,2172.18985911376,1671.6053513272,2359.23012162863,2338.46672827509,1970.481178976,2074.31119909148,1725.7204699431,2178.39429095006,2342.96788861434,1474.44984431999,1998.1882000409,1842.52225050086,2163.58990960788,1609.07307598211,1958.43236035613,2437.73156160694,2296.80080895648,2031.96236124331,2363.91123442,2013.59302460992,1704.59531647494,1646.71502606774,2455.43494583956,1883.83856299477
1922.54246081477,1687.29271453107,1995.07034047814,2357.27743367285,2248.33342977625,2468.2645722886,2035.73983313904,1319.3854692212,2346.70590576694,2171.23137658801,1682.79127488768,1835.78259085282,1577.70124221917,1889.02503230323,2278.24521694582,1042.03142750748,1645.36353299796,1419.49515039899,1974.94808170438,1409.03485617762,1583.76651975104,2287.67984532929,2238.56998784413,1925.45826170449,2363.91123442,1915.15757974994,1449.51975634084,1284.59124393199,2447.48722866553,1774.1136861614
1578.8409452087,1199.34347511998,1335.20175902205,2002.24870420836,1798.8954096413,2371.37101832331,1625.51968808219,879.256990891241,2248.96194476834,1513.93791443787,1277.9422753532,1468.62685118608,1033.14622425459,1174.30698006326,1865.75160743029,936.895276442472,1332.42249226451,1086.42769439499,1505.58544633663,865.66541594593,1117.39720987309,2154.93928189499,2050.98965743658,1629.00546077598,2112.14133554375,1438.43866984517,1098.17469263784,962.542325787773,2338.05567247313,968.41425612179
787.233479623358,633.770126625107,663.981998504427,1144.04858294647,1043.88019039359,1602.67875629663,1028.00925766546,474.689396984815,1772.97048979974,1052.13701797736,769.886296218427,1010.93207468043,584.945757271166,759.778350905468,1228.10081522772,435.507013867431,735.396756551854,740.216043366008,977.25950233559,478.220286801945,651.308580579542,1506.90491796525,1384.97958131545,763.390421383207,1221.5304318495,931.748086965219,456.487846146358,536.072220889986,1727.70770346355,648.333977098016
115.05463897691,123.70768237114,161.691773472141,187.373504150142,180.946847151434,269.757824035067,181.342225824665,112.631504604567,492.766922539029,204.41613564055,132.952139712442,174.871820180545,133.914829269157,153.343625373028,269.526325115059,94.266522825018,127.10039633961,118.977919147142,168.846608299033,137.591744666123,123.854644870661,388.880122509855,227.500420893326,197.589663576017,226.5147468139,146.403937009606,119.821915142441,122.966442705871,374.378933885765,115.649312924289
17.9023805921925,16.8209969273667,26.2328472766867,18.0224110727881,23.7532579862041,25.3622879181062,26.3120504250446,13.3219561447572,32.7917044342212,21.511123728917,15.7092082225986,20.6501018696536,17.20198094238,18.9622385216935,37.4227700791844,14.0138809960376,14.8030321631095,13.7872075498999,19.0980391825483,17.3064232180077,27.6816180099772,67.8988250530256,27.2375062057708,23.319729656499,27.2381620034635,14.4861951637345,16.0151499575877,14.9433681018431,29.7170992314618,13.4153012081993
0.14668799762967,0.123645445230068,0.250914618266052,0.178404507503274,0.278992877260407,0.212810822126357,0.243481990550208,0.0688045921410776,0.279466962907918,0.39750417499863,0.111630300516481,0.154505181829336,0.258374681431633,0.221974141896226,0.311159316739122,0.0754021877123705,0.12919494730977,0.111159572659744,0.253653138897334,0.127957485721254,0.219954539302762,1.09015035855236,0.297911738680796,0.163777294680585,0.240571355840075,0.0789630539347854,0.134443378498872,0.0819062523387402,0.294611773756515,0.0693803804356321
3.5560410196922e-05,4.11719970543345e-05,4.30865406997327e-05,4.21463096245134e-05,4.15106674154231e-05,4.73835871162009e-05,3.24779730362934e-05,1.93247328752477e-05,7.66252574067039e-05,7.95654937064683e-05,3.29899339703843e-05,4.63354281237116e-05,4.7510758122371e-05,3.93419236388581e-05,5.15387841915071e-05,2.01954849217145e-05,4.85621712869033e-05,4.65114781036391e-05,3.33897683049145e-05,2.84280517917068e-05,5.56115046492778e-05,0.000136121531340905,3.84132458748354e-05,2.16958496821462e-05,2.96116154459014e-05,3.68617875210475e-05,3.07616023746959e-05,1.66616132446507e-05,7.41019998713455e-05,1.82365497494175e-05
1.74708702616044e-06,1.43136321639759e-06,1.71028568729525e-06,1.6635249266983e-06,1.43235183713841e-06,1.81912673724582e-06,1.19147762234206e-06,1.16158025775803e-06,1.49074958244455e-06,1.61285788635723e-06,1.26310305859079e-06,1.65506344274036e-06,1.8250129869557e-06,1.29995623865398e-06,1.61363095685374e-06,1.37534379973658e-06,1.36819062390714e-06,1.8093651306117e-06,1.75959939952008e-06,9.7467636805959e-07,1.5561795407848e-06,1.09837174022687e-06,1.75843479155446e-06,1.3000940271013e-06,1.78731033884105e-06,1.21611628856044e-06,1.325233370153e-06,1.20678078019409e-06,9.53670678427443e-07,1.3883063729736e-06
1.04131822808995e-06,1.02160629467107e-06,1.07238565760781e-06,9.95485152088804e-07,9.69147549767513e-07,1.04105492937379e-06,1.02864487416809e-06,9.76185674517183e-07,1.02145986602409e-06,1.02276544566848e-06,9.85533461062005e-07,9.6371877589263e-07,9.3142080004327e-07,1.15702869152301e-06,9.75136117631337e-07,1.15067541628378e-06,1.16786350190523e-06,1.04761284092092e-06,1.03645606941427e-06,9.7467636805959e-07,1.04396167444065e-06,1.06680772660184e-06,1.00758143162238e-06,9.68934273259947e-07,9.80168351816246e-07,1.04871878647828e-06,1.0473954716872e-06,1.03944512375165e-06,8.76908870850457e-07,1.11480812847731e-06
7.67785422794987e-07,6.94823484082008e-07,6.74656803312246e-07,9.17186753213173e-07,6.73883278068388e-07,6.48069089947967e-07,7.20604930393165e-07,7.8588027463411e-07,6.45912223262712e-07,7.60998318583006e-07,6.56403244647663e-07,7.66794073570054e-07,7.31527961761458e-07,7.5561410994851e-07,6.14904365647817e-07,6.05945842835354e-07,7.55033852328779e-07,7.4366153057781e-07,6.16978013567859e-07,8.42512235976756e-07,7.49742866901215e-07,8.45384420244955e-07,6.36924141872441e-07,6.94037680659676e-07,6.8668350650114e-07,7.29705334379105e-07,7.04241756466217e-07,7.77234617999056e-07,7.41491021472029e-07,7.43918917578412e-07
