2004.07005978122,2614.03403115601,1956.06408035052,2261.61512910661,1446.46841972442,2000.26489542997,1639.40922287379,2095.1118160316,1957.65313768592,2194.24802796425,2175.59940582045,2172.75491504297,2298.89440025026,2060.51481211327,1687.12061069518,2140.01096578542,2260.72586238153,1999.68995813615,1831.49711891382,1664.48258939809,2311.57282850752,1897.08338375684,2000.02572073689,1844.88405454396,2203.66279840863,2080.51784011728,2286.25157275871,2354.69288269268,1865.02245410047,2231.75491522739
1462.66505685408,2216.06362336895,1851.08830640926,1370.54080159565,1446.46841972442,1947.38849382832,1639.40922287379,1864.15754940579,1957.65313768592,2194.24802796425,1353.04862739666,2017.9756668643,1803.32432825997,1985.7933025749,1687.12061069518,2140.01096578542,2125.07608806719,1889.7528344305,1830.98555654809,1540.87838323533,1817.36163389647,1894.08351500359,2000.02572073689,1844.88405454396,2058.49531907654,2080.51784011728,2063.660148276,2328.63208099263,1865.02245410047,1808.18529264176
1462.66505685408,1959.78708759959,1851.08830640926,347.907522906155,1446.46841972442,1794.02705324128,1639.40922287379,1181.00682444298,1957.65313768592,2016.42612885867,1353.04862739666,1903.76108512537,1803.32432825997,1985.7933025749,1687.12061069518,2140.01096578542,1874.77306548839,1889.7528344305,1830.98555654809,1540.87838323533,1817.36163389647,1894.08351500359,2000.02572073689,1844.88405454396,2058.49531907654,1805.23136423848,1699.02010815966,2328.63208099263,1865.02245410047,1808.18529264176
1378.18395425903,1959.78708759959,1851.08830640926,345.760431681495,1446.46841972442,1731.87812129187,1639.40922287379,1181.00682444298,1911.56456242596,1519.73654690562,1353.04862739666,1510.73649746901,1803.32432825997,1985.7933025749,1244.06484748777,1895.3366391245,1840.42326457262,1631.15043372502,1830.98555654809,1540.87838323533,1817.36163389647,1776.07676170463,1878.90336248244,1481.05463354762,2031.74075986913,1769.03207697431,1699.02010815966,1302.72771043394,1865.02245410047,1315.14963655034
705.98182613479,1959.78708759959,1723.03888129084,345.760431627049,1446.46841972442,1731.87812129187,1639.40922287379,1181.00682444298,1645.03547479853,1519.73654690562,1353.04862739666,1270.21654235128,1803.32432825997,1196.29300489034,1244.06484748777,1334.858133976,1840.42326457262,1497.1378613258,1296.56182198026,1540.87838323533,1695.31457361209,1366.11705904337,1549.36303450299,1481.05463354762,1704.92899599524,1769.03207697431,1699.02010815966,309.766556509298,1654.03240604347,1315.14963655034
343.799658435797,145.262527896496,1298.50445830536,345.760431627049,1446.46841972442,1588.20642598797,1639.40922287379,1181.00682444298,1631.69081912691,1519.73654690562,1312.21424901132,1268.93406522187,1739.6409764854,1196.29300489033,1080.81200066201,1178.27094301282,1456.47519519786,1497.1378613258,1296.56182198026,1540.87838323533,1695.31457361209,1366.11705904337,1549.36303450299,1481.05463354762,1704.92899599524,1565.85996190835,1699.02010815966,309.766556509285,1654.03240604347,1315.14963655034
343.612595296986,145.262527896496,1298.50445830536,345.760431627049,1446.46841972442,1588.20642598797,1130.3745910675,1181.00682444298,1631.69081912691,1486.19625039455,1312.21424901132,726.796735079506,697.123829159812,960.212867823187,1080.81200066201,1178.27094301282,1456.47519519786,1289.16630441953,1296.56182198026,1471.63431434443,1612.54746496896,1366.11705904337,125.518073753977,1481.05463354762,848.137015576255,914.851322691763,1117.48181864178,309.766556509285,741.333521225875,1315.14963655034
343.612595296986,145.262527896496,1298.50445830536,345.760431627049,1446.46841972442,1249.07296401648,1098.05490482217,1181.00682444298,1236.27439204273,1249.16564573864,1312.21424901132,726.796735079506,697.10540525125,960.212867823187,1080.81200066201,1178.27094301282,1245.87847025795,1217.06806770941,1296.56182198026,1418.0797476176,1005.18390886176,602.520764021151,125.518073753977,1481.05463354762,848.137015576255,914.851322691763,1117.48181864178,309.766556509285,299.833946651404,1315.14963655034
343.612595296986,145.262527896496,1298.50445830536,345.760431627049,761.055586004509,1249.07296401648,1098.05490482217,792.059250478215,1236.27439204273,650.971537690406,1211.34784881043,726.796735079506,697.10540525125,960.212867823187,1080.81200066201,1178.27094301282,1245.87847025795,1217.06806770941,1296.56182198026,1418.0797476176,1005.18390886176,602.520764021151,125.518073753977,1481.05463354762,567.278248078557,914.851322691763,1117.48181864178,309.766556509285,299.833946651404,1315.14963655034
343.612595296986,145.262527896496,761.34456080367,345.760431627049,758.385156604967,1249.07296401648,1098.05490482217,792.059250478215,1236.27439204273,650.971537690402,1211.34784881043,726.796735079506,697.10540525125,960.212867823187,122.555500728571,129.010695457723,1239.02660135462,1217.06806770941,926.737871649198,1418.0797476176,1005.18390886176,602.520764021151,125.518073753977,1481.05463354762,567.278248078557,914.851322691763,1117.48181864178,309.766556509285,299.833946651404,1315.14963655034
343.612595296986,145.262527896496,761.34456080367,345.760431627049,758.385156604967,352.613893798254,1098.05490482217,792.059250478215,775.445076246967,650.971537690402,1211.34784881043,726.796735079506,697.10540525125,960.212867823187,122.555500728571,129.010695457723,1239.02660135462,1217.06806770941,926.737871649198,1418.0797476176,1005.18390886176,602.520764021151,125.518073753977,1481.05463354762,567.278248078557,914.851322691763,1117.48181864178,309.766556509285,128.620762236475,1315.14963655034
343.612595296986,145.262527896496,761.34456080367,345.760431627049,758.385156604967,352.613893798254,1001.03479948129,792.059250478215,523.428810771128,650.971537690402,1211.34784881043,726.796735079506,125.3931648719,960.212867823187,122.555500728571,129.010695457723,1205.96352030601,1031.09793457425,125.268255989822,1407.83792511887,125.518073753977,602.520764021151,125.518073753977,227.447005894691,567.278248078557,359.569985124836,125.330710430861,309.766556509285,128.620762236475,521.015950101897
343.612595296986,145.262527896496,761.34456080367,345.760431627049,758.385156604967,128.683216677514,1001.03479948129,792.059250478215,523.428810771128,650.971537690402,1171.43974537173,726.796735079506,125.3931648719,800.507833758137,122.555500728571,129.010695457723,122.040658625247,667.117664095513,125.268255989822,784.529082537934,125.518073753977,602.520764021151,125.518073753977,227.447005894688,567.278248078557,129.07314989876,125.330710430861,309.766556509285,128.620762236475,521.015950101897
343.612595296986,128.683216677669,761.34456080367,7.04857938062742,122.165567507324,125.330710430861,1001.03479948129,128.620762236475,343.347570957817,421.312515307301,125.393164871899,129.073149898761,125.3931648719,685.723771709398,122.555500728571,129.010695457723,122.040658625247,128.683216677514,125.268255989822,784.529082537934,125.518073753977,343.285116516779,125.518073753977,227.447005894688,343.347570957817,129.07314989876,122.103113066292,309.766556509285,128.620762236475,521.015950101897
