1387.45161502685,2743.97725305479,4329.37903585036,4230.2963332673,5394.75542271403,6109.24589598973,1397.78570034677,5535.8120551768,2289.83376788991,2747.35463438409,6181.83845167152,1600.47149066274,3012.04567756086,5883.44180959842,5588.17001677934,5626.98947179056,5933.32873876076,3582.45646443387,3468.36676397218,5552.00387209175,2673.08313576804,5869.00687171685,3837.62230584897,5590.24367806258,1798.20970290927,5055.15263493593,4078.52932919695,4241.52715344467,5604.20451242472,2602.61137983793
654.446659921825,385.937101853433,1388.99353745149,774.131307859592,2132.41204445044,1915.1074146447,244.729902624083,3841.2016027614,474.123068499565,1497.87842034718,5218.39053764115,220.994654429112,856.443409366034,3118.2771624848,3921.55048280925,665.556368982506,3467.42488941121,1333.47235904329,877.36769482334,703.582384307524,496.224897077972,2739.30058902289,392.646462447231,2080.65349077364,936.446974542929,5055.15263493593,1184.30969180928,998.729261536662,3848.039520298,336.571619084406
127.191569683704,135.915689330257,240.691964685115,177.874503240443,694.752922449926,283.787665255259,119.920402511739,440.937157329025,166.855523008553,318.559035377414,1985.40883326575,121.371005815269,145.249434782885,189.273690999079,717.413311146185,146.763877221275,1699.6340297792,207.956389341439,197.72782343,158.185852716111,143.124112517956,689.128719794605,148.62418021361,834.58080002954,214.041128892841,4739.65309945875,183.069997914276,207.478056821353,1007.74387222179,140.631689318381
103.994323380014,111.076563019784,113.163801806443,109.657073119455,117.072259164513,112.428256611332,109.99717725843,115.200303251469,110.552046117059,117.974905271733,324.538687875013,107.19619669246,103.82473419102,111.37853153881,116.875819545749,106.244401522368,154.345369629817,114.327155843354,113.168524234879,111.698281354143,103.718552372725,120.730223267547,109.62682845572,120.026099005617,110.54635469846,2544.71461032539,111.011429605638,111.059673965908,160.834669376223,109.186321826022
100.003288589859,100.017654029869,100.058918096076,100.005793782877,100.034343905825,100.028376541323,100.0042738504,100.006377566242,100.012050084089,100.048706056333,101.285443592073,100.001606349441,100.001121966499,100.00172315984,100.06942878077,100.001918282328,100.337400746307,100.050777317474,100.046522674391,100.002038239346,100.002808628646,100.136606550217,100.002188561365,100.079773349944,100.010577914459,2454.23175342737,100.00818981286,100.009138375396,100.059637821323,100.014215612254
100.000000295211,100.000000419605,100.000000333868,100.000000417989,100.000000387373,100.000000347012,100.000000504354,100.000000306769,100.00000032296,100.00000041873,100.000005264866,100.000000279191,100.000000329633,100.000000324989,100.00000037752,100.000000313198,100.000001997289,100.000000403052,100.000000399442,100.000000350807,100.000000274208,100.000001798961,100.000000263695,100.000000353462,100.000000279423,134.403776050071,100.000000292977,100.000000204781,100.000000389909,100.000000328069
100.000000295211,100.000000419605,100.000000333868,100.000000417989,100.000000387373,100.000000347012,100.000000504354,100.000000306769,100.00000032296,100.00000041873,100.00000026376,100.000000279191,100.000000329633,100.000000229619,100.000000343297,100.000000313198,100.000000329388,100.000000403052,100.000000399442,100.000000350807,100.000000274208,100.000000237252,100.000000263695,100.000000353462,100.000000279423,100.000012018694,100.000000292977,100.000000204781,100.000000389909,100.000000328069
100.000000193517,100.000000296298,100.000000233245,100.000000336054,100.000000264915,100.000000220092,100.000000344122,100.000000306769,100.000000194877,100.000000225904,100.00000026376,100.000000279191,100.000000329633,100.000000222239,100.000000275126,100.000000258476,100.000000282838,100.000000399204,100.000000275587,100.000000328904,100.000000274208,100.000000202748,100.000000263695,100.000000296937,100.000000279423,100.000000256761,100.000000245493,100.000000204781,100.000000316991,100.000000248696
100.000000193517,100.000000296298,100.000000233245,100.00000020902,100.000000264915,100.000000218478,100.000000344122,100.000000256589,100.000000194877,100.000000217546,100.000000255073,100.000000279191,100.000000288453,100.000000222239,100.000000275126,100.000000249092,100.000000282838,100.000000223124,100.000000275587,100.000000319273,100.000000206047,100.000000202748,100.000000234506,100.000000244381,100.000000279423,100.000000235609,100.000000245493,100.000000204781,100.00000026196,100.000000233226
100.000000186651,100.000000282534,100.000000233245,100.00000020902,100.000000264915,100.000000218478,100.000000274719,100.000000256589,100.000000194877,100.000000217546,100.000000200982,100.000000279191,100.000000198794,100.000000213864,100.000000238757,100.000000249092,100.000000254629,100.000000218008,100.000000194166,100.000000234622,100.000000206047,100.000000202748,100.000000200484,100.000000244381,100.000000248985,100.000000235609,100.000000245493,100.000000194001,100.00000026196,100.000000233226
100.000000186651,100.000000282534,100.000000192282,100.00000020902,100.000000264915,100.000000218478,0.00315023751197672,100.000000256589,100.000000194877,100.000000136338,100.000000200982,100.000000274466,100.000000198794,100.000000213864,100.000000215949,100.000000224978,100.000000254629,100.000000216936,100.000000194166,100.000000234622,100.000000206047,100.000000202748,100.000000200484,100.000000244381,100.000000248985,100.00000015241,100.000000209703,100.000000194001,100.000000198348,100.000000233226
100.000000186651,100.000000198978,100.000000192282,100.00000020902,100.000000264915,100.000000156722,1.59344034642338e-07,100.000000256589,100.000000194877,100.000000136338,100.000000148839,100.000000274466,100.000000198794,100.000000213864,100.000000215949,100.000000224978,100.000000254629,100.000000216936,100.000000194166,100.000000234622,100.000000206047,100.000000163618,100.000000200484,100.000000244381,100.00000017771,100.00000015241,100.000000209703,100.000000194001,100.000000179005,100.0000001945
100.000000186651,100.000000198978,100.000000192282,100.00000020902,100.000000241387,100.000000156722,1.59344034642338e-07,100.000000256589,100.000000182601,100.000000136338,100.000000148839,100.000000165056,100.000000198794,100.000000213864,100.000000215949,100.000000224978,100.00000020853,100.000000216936,100.000000165903,100.000000234622,100.000000206047,100.000000150215,100.000000200484,100.000000244381,100.00000017771,100.00000015241,100.000000167064,100.000000194001,100.000000179005,100.0000001945
100.000000186651,100.000000177375,100.000000192282,100.00000020902,100.000000241387,100.000000156722,1.59344034642338e-07,100.00000014367,100.000000182601,100.000000136338,100.000000148839,100.000000165056,100.000000198794,100.000000196076,100.000000148595,100.00000017183,100.000000201624,100.000000216936,100.000000165903,100.000000234622,100.000000126164,100.000000150215,100.000000200484,100.000000168076,100.00000017771,100.00000015241,100.000000167064,100.000000194001,100.000000179005,100.0000001945
