119556777235.72,85049240653.822,75663892378.5955,73726472143.5391,67356713921.0249,72091674784.7042,170507060394.753,173052939753.36,161422891925.852,103886125416.178,80754776191.0846,97917557392.7035,220994899488.514,126385420205,120236150653.08,77370472062.9982,72033322519.3958,153763947431.539,94712654988.832,103875127385.054,63959798413.8787,121178676493.359,71851533743.762,73587373827.1217,138130217555.536,105026375650.395,179546545285.254,60776967990.4706,96262828684.8073,105235989980.74
41639208782.4921,30101299257.48,19789255485.3704,22613732637.346,14648365836.3709,14445610107.9843,52318705600.4567,59054677799.8563,43015821892.8364,30309790460.4156,25893723663.1486,39526615785.7506,66533874230.4631,43860766382.2948,32945450416.5149,21526474672.5534,24063358134.8027,45944900809.6563,42133850195.3543,42234766525.6067,25496383055.4016,34777413464.0455,21211315460.986,21254116548.3023,50589035689.2232,28276655910.2621,35055857443.9607,22065410011.9458,29067765036.9615,23744394316.6507
21455116898.9533,8551995803.84368,19789255485.3704,9094472745.37737,14648365836.3709,10109978506.2016,22361195696.2945,27077714204.3141,15971528453.6565,9089773605.15271,9309023773.97248,15917297650.9839,18558920709.7187,23764213620.0118,18249874335.3996,6936998459.40997,10402314822.9262,18561806106.6865,18252457176.234,5230974626.35776,7230845775.39445,11115558880.37,8771784730.51555,9856413222.07926,10799095588.8739,12090107060.8195,11391752143.844,6848347122.19438,12998930942.7941,19142797496.5846
5198037233.39513,5226809549.0366,4868410425.17324,2141833990.91798,5357069185.37782,2215706848.44276,13070924382.4301,9039635702.73641,8697425328.14512,4334462451.39808,4387101643.91378,7313564503.40936,10858111264.1648,5286328728.87725,4953586129.24985,5463957032.15276,4955570950.85948,5166142948.11495,10842620725.2283,3745559675.02812,3201251836.24237,5168868058.93018,4167417537.69444,3535040154.82134,5047137211.89642,5223343623.50642,8557820772.71845,2171267968.96431,6724394152.88721,4241929464.47262
54959687.6835236,75284619.7028952,58662703.125873,20012932.2423113,28761405.5517014,13297330.8140176,107464855.57908,176609779.294685,151043646.243845,66929012.7615099,83473158.2957146,42299942.5587047,154972997.809159,73870527.1339832,94143844.9172463,20846556.4399359,44997464.8053519,32914488.2485801,239863571.666831,36231987.4801904,35118081.8970193,38815932.2198521,25830868.6974642,25559975.8821235,81723739.0646821,39314767.1800841,57660591.9345247,14808744.1097857,77674340.0115548,49911879.5670426
1676.42940513636,8692.22401271314,5017.19579235222,6765.56479644399,3815.81860511534,4736.69345646882,16129.5275165477,7453.68071638811,9107.66904078443,4060.87642611207,6852.73705705625,1606.28222866897,8737.07045504437,13288.4098930943,4688.40602366146,964.555343169633,8982.23278081099,8656.30269220866,8770.49831821301,3617.93481508766,1677.59774011045,5413.58433852616,2343.0511671679,7855.62025353511,2912.92661266098,6043.68351728911,3692.46748037435,3819.5473272906,5266.51437527708,8325.4894528124
174.463161325834,5627.71496792123,598.593420131279,5997.92044568275,2530.13861724829,3840.79960002165,6841.02745796894,961.181139130552,2669.66460215526,547.348498016475,565.423034070412,759.232233011618,4790.48661289797,6364.84343823421,348.8889777703,151.025479236541,33.9254308635382,6131.82697642316,1212.23656572793,166.89641431986,208.921414465377,4000.54410080679,37.7972137526771,6470.48283277726,365.961408538943,511.533204566345,2068.53701617544,3101.51440994354,3487.89820464405,4881.31377425156
169.16806418173,4928.29597459913,559.084971017121,5045.64415625273,1803.07753706255,2909.70957002774,6630.83566134481,932.577658827779,2513.30757584177,516.53398052529,542.371179297924,688.30167342619,4201.7351886773,6042.29399965914,343.908670774924,146.792636336633,33.421232776612,5303.24538341511,1156.04787542431,164.715920207923,204.170542979302,3723.54269694758,37.543292704111,5846.5158592466,360.262753546898,503.467752864222,1789.28010652539,2773.79293074204,3265.01278288549,4299.85951448293
0.80421862189327,2.35677977748696,2.39649335368046,0.81166993226455,0.392950783139383,0.485682490626886,13.2768915340557,1.73459167274304,1.86504240028496,1.74414164157911,0.819761574647515,0.313063449841536,0.931225759081414,2.27567679532942,1.27724159462915,0.268079226377495,1.30421750589173,0.813358151844781,1.00032592381964,0.596572181475509,0.471336995552477,1.99511540268236,0.56466983604102,1.17221541796874,1.66874656237485,0.728362425790678,0.297924316660939,0.475453441814523,0.773514145566082,1.1742538334328
3.85061941869935e-05,0.000108152983045784,5.23156146243764e-05,5.80490865047523e-05,2.51918794020867e-05,2.56360688695167e-05,9.64783169195016e-05,2.43640646431231e-05,9.16115126443628e-05,4.83386235430316e-05,1.80373345415319e-05,3.41068034117598e-05,3.81164955030044e-05,6.51128802928724e-05,3.1384347465746e-05,1.56373157267353e-05,3.41400350549748e-05,6.06242862346562e-05,3.9252433438719e-05,2.40273305536221e-05,3.99329965858897e-05,8.97528877459308e-05,2.21533478281799e-05,5.63971083522574e-05,2.66461626807768e-05,1.13959641225847e-05,1.08432225971455e-05,3.45938578334426e-05,5.83112535252894e-05,7.64930039167666e-05
8.3993725752407e-08,1.73295774175131e-07,8.11653393384404e-08,3.93107626450728e-08,8.81571651234481e-08,4.19192929257406e-08,5.32635482386468e-08,8.39152960452338e-08,1.41599983294327e-07,5.04014110447315e-08,8.95999789918278e-08,9.77087637465957e-08,8.61477786884279e-08,4.67994851760523e-08,9.09435868834407e-08,5.8075599440599e-08,8.68058833702889e-08,4.10484659596477e-08,4.04499616024623e-08,7.27820150814296e-08,1.1754549689158e-07,1.71104304058645e-07,1.03766538472883e-07,1.08423051869977e-07,1.07230178514328e-07,6.63941364109633e-08,4.11826164281592e-08,1.49126023529789e-07,3.40666161946501e-08,4.79588067037184e-08
8.3993725752407e-08,1.73295774175131e-07,8.11653393384404e-08,3.93107626450728e-08,8.81571651234481e-08,4.19192929257406e-08,5.32635482386468e-08,8.39152960452338e-08,1.41599983294327e-07,5.04014110447315e-08,8.95999789918278e-08,9.77087637465957e-08,8.61477786884279e-08,4.67994851760523e-08,9.09435868834407e-08,5.8075599440599e-08,8.68058833702889e-08,4.10484659596477e-08,4.04499616024623e-08,7.27820150814296e-08,1.1754549689158e-07,1.71104304058645e-07,1.03766538472883e-07,1.08423051869977e-07,1.07230178514328e-07,6.63941364109633e-08,4.11826164281592e-08,1.49126023529789e-07,3.40666161946501e-08,4.79588067037184e-08
8.3993725752407e-08,1.73295774175131e-07,8.11653393384404e-08,3.93107626450728e-08,8.81571651234481e-08,4.19192929257406e-08,5.32635482386468e-08,8.39152960452338e-08,1.41599983294327e-07,5.04014110447315e-08,8.95999789918278e-08,9.77087637465957e-08,8.61477786884279e-08,4.67994851760523e-08,9.09435868834407e-08,5.8075599440599e-08,8.68058833702889e-08,4.10484659596477e-08,4.04499616024623e-08,7.27820150814296e-08,1.1754549689158e-07,1.71104304058645e-07,1.03766538472883e-07,1.08423051869977e-07,1.07230178514328e-07,6.63941364109633e-08,4.11826164281592e-08,1.49126023529789e-07,3.40666161946501e-08,4.79588067037184e-08
8.3993725752407e-08,1.73295774175131e-07,8.11653393384404e-08,3.93107626450728e-08,8.81571651234481e-08,4.19192929257406e-08,5.32635482386468e-08,8.39152960452338e-08,1.41599983294327e-07,5.04014110447315e-08,8.95999789918278e-08,9.77087637465957e-08,8.61477786884279e-08,4.67994851760523e-08,9.09435868834407e-08,5.8075599440599e-08,8.68058833702889e-08,4.10484659596477e-08,4.04499616024623e-08,7.27820150814296e-08,1.1754549689158e-07,1.71104304058645e-07,1.03766538472883e-07,1.08423051869977e-07,1.07230178514328e-07,6.63941364109633e-08,4.11826164281592e-08,1.49126023529789e-07,3.40666161946501e-08,4.79588067037184e-08
