704968439603.829,890980557373.301,842405228562.923,882036373666.18,796119284890.044,844508188784.478,974172042290.265,841126177508.726,1068812559528.48,795568284721.566,954215220236.805,803227186792.76,902721388597.955,874939943911.503,794413752900.512,700566989554.542,852689273708.322,750077019932.952,850985014622.656,750535076042.79,642528302858.852,913672220674.583,788809237385.013,592009022554.967,1415970758338.89,935021484703.759,843303900720.167,786561533119.791,681869537527.331,835633279074.495
704968439603.829,890980557373.301,842405228562.923,882036373666.18,796119284890.044,844508188784.478,974172042290.265,841126177508.726,1068812559528.48,795568284721.566,954215220236.805,803227186792.76,902721388597.955,874939943911.503,794413752900.512,700566989554.542,852689273708.322,750077019932.952,850985014622.656,750535076042.79,642528302858.852,913672220674.583,788809237385.013,592009022554.967,1415970758338.89,935021484703.759,843303900720.167,786561533119.791,681869537527.331,835633279074.495
704968439603.829,890980557373.301,842405228562.923,882036373666.18,796119284890.044,844508188784.478,974172042290.265,841126177508.726,1068812559528.48,795568284721.566,954215220236.805,803227186792.76,902721388597.955,874939943911.503,794413752900.512,700566989554.542,852689273708.322,750077019932.952,850985014622.656,750535076042.79,642528302858.852,913672220674.583,788809237385.013,592009022554.967,1415970758338.89,935021484703.759,843303900720.167,786561533119.791,681869537527.331,835633279074.495
704968439603.829,890980557373.301,842405228562.923,882036373666.18,796119284890.044,844508188784.478,974172042290.265,841126177508.726,1068812559528.48,795568284721.566,954215220236.805,803227186792.76,902721388597.955,874939943911.503,794413752900.512,700566989554.542,852689273708.322,750077019932.952,850985014622.656,750535076042.79,642528302858.852,913672220674.583,788809237385.013,592009022554.967,1415970758338.89,935021484703.759,843303900720.167,786561533119.791,681869537527.331,835633279074.495
704968439603.829,890980557373.301,842405228562.923,882036373666.18,796119284890.044,844508188784.478,974172042290.265,841126177508.726,1068812559528.48,795568284721.566,954215220236.805,803227186792.76,902721388597.955,874939943911.503,794413752900.512,700566989554.542,852689273708.322,750077019932.952,850985014622.656,750535076042.79,642528302858.852,913672220674.583,788809237385.013,592009022554.967,1415970758338.89,935021484703.759,843303900720.167,786561533119.791,681869537527.331,835633279074.495
704968439603.829,890980557373.301,842405228562.923,882036373666.18,796119284890.044,844508188784.478,974172042290.265,841126177508.726,1068812559528.48,795568284721.566,954215220236.805,803227186792.76,902721388597.955,874939943911.503,794413752900.512,700566989554.542,852689273708.322,750077019932.952,850985014622.656,750535076042.79,642528302858.852,913672220674.583,788809237385.013,592009022554.967,1415970758338.89,935021484703.759,843303900720.167,786561533119.791,681869537527.331,835633279074.495
704968439603.829,890980557373.301,842405228562.923,882036373666.18,796119284890.044,844508188784.478,974172042290.265,841126177508.726,1068812559528.48,795568284721.566,954215220236.805,803227186792.76,902721388597.955,874939943911.503,794413752900.512,700566989554.542,852689273708.322,750077019932.952,850985014622.656,750535076042.79,642528302858.852,913672220674.583,788809237385.013,592009022554.967,1415970758338.89,935021484703.759,843303900720.167,786561533119.791,681869537527.331,835633279074.495
704968439603.829,890980557373.301,842405228562.923,882036373666.18,796119284890.044,844508188784.478,974172042290.265,841126177508.726,1068812559528.48,795568284721.566,954215220236.805,803227186792.76,902721388597.955,874939943911.503,794413752900.512,700566989554.542,852689273708.322,750077019932.952,850985014622.656,750535076042.79,642528302858.852,913672220674.583,788809237385.013,592009022554.967,1415970758338.89,935021484703.759,843303900720.167,786561533119.791,681869537527.331,835633279074.495
704968439603.829,890980557373.301,842405228562.923,882036373666.18,796119284890.044,844508188784.478,974172042290.265,841126177508.726,1068812559528.48,795568284721.566,954215220236.805,803227186792.76,902721388597.955,874939943911.503,794413752900.512,700566989554.542,852689273708.322,750077019932.952,850985014622.656,750535076042.79,642528302858.852,913672220674.583,788809237385.013,592009022554.967,1415970758338.89,935021484703.759,843303900720.167,786561533119.791,681869537527.331,835633279074.495
704968439603.829,890980557373.301,842405228562.923,882036373666.18,796119284890.044,844508188784.478,974172042290.265,841126177508.726,1068812559528.48,795568284721.566,954215220236.805,803227186792.76,902721388597.955,874939943911.503,794413752900.512,700566989554.542,852689273708.322,750077019932.952,850985014622.656,750535076042.79,642528302858.852,913672220674.583,788809237385.013,592009022554.967,1415970758338.89,935021484703.759,843303900720.167,786561533119.791,681869537527.331,835633279074.495
689510631294.039,879676758877.197,839257925159.209,860946425700.621,789081206243.811,830987059920.612,971800024690.352,809855092746.423,1068812559528.48,778621853325.066,923385141998.454,785096011720.18,890201919286.255,853863146772.672,794413752900.512,681386470225.406,838921489236.128,722080350656.199,832927787750.003,737628082539.15,619542502431.925,891481066495.65,764758996771.316,587548815879.508,934267813908.171,935021484703.759,829715913215.039,772054407071.295,650048398424.292,815511830425.441
637755280902.247,852636352475.364,783827217662.612,821794439326.391,696827729770.081,760346514101.976,907788496797.622,756741512262.122,1014829986579.94,756927685669.193,880609769216.716,749404598122.563,804061680382.657,806568994135.014,747587828424.286,616514421858.59,794652833109.066,664722310544.264,804735041013.083,697242044528.457,584440510007.699,834401260440.182,705920814114.261,542911276292.836,934267813908.171,883708956368.24,790518338593.788,690326590944.655,604944896508.036,765902701691.489
434349128758.074,622181692322.229,563352490491.573,521659978145.933,475931424023.473,542094212531.094,843578541660.648,525098473783.28,765948686615.845,553651112674.838,707621369745.997,601008324798.009,788510103568.133,719760985057.839,726403604958.523,488211662638.552,571594928255.328,447050535438.701,600420653956.299,498552654779.704,433517355065.437,646499374988.313,524520879406.73,348891631501.085,593385644733.78,833206151322.832,569486190164.118,503674433063.118,430576503786.917,590695989212.224
107991858374.354,216134862170.502,169302387197.021,168332741339.569,130290807867.386,176474051523.708,246021661767.651,136122626703.972,295467639175.592,150673112024.701,256681897460.247,217442876418.771,193982811441.576,236884680658.543,183960157581.166,108421680000.872,118862308574.533,95800482354.4122,207182847312.93,179615893051.722,114531876524.163,228258335836.568,181095281685.787,124772634309.753,150672435984.689,223100865290.818,213502400713.329,178469647732.788,101091509339.605,191843300733.329
83408755927.2886,113514588885.648,112522929571.628,102533154845.064,108481561508.067,102911049389.02,168258513944.326,105850858308.579,174791455723.431,94257267513.3147,165327415719.228,139775499671.097,130953949042.87,155232432558.347,131557366341.604,99499887831.8868,101530303448.296,88556568363.2269,126275286429.167,114490075922.669,98690180823.1719,152754471172.076,107742079945.057,81021399574.3615,78103766854.2201,109453776062.876,145673555826.913,110996602433.715,92303294323.2419,112107328916.16
50691900388.5464,54620849312.7347,54405729308.9334,43235289901.8716,57999377310.8428,74369890794.35,38672720294.0855,37887658036.0554,50388271712.9343,51651605325.63,61306397311.267,54115447923.4518,46570136928.2785,58562465257.1137,63490715112.4233,66493091345.6151,49121596707.1239,68285717271.9225,74455854429.2897,63609391700.2505,66774076047.1197,47062882278.0728,63646300969.9255,53415213825.9017,65603190658.9354,62224609892.6912,51561228833.4343,85182776029.5915,62975646255.5617,63796421913.5026
