4515874656.3984,6363838762.16316,1085521188.48908,176216544.209128,130156.47917901,18602367573.3194,526156027303.059,2218046748.72055,16024880.5699239,110290.272466925,14930538319.4856,1393010241.67802,253935866791.807,11622291.7575378,6259609946.37584,2967694058.79765,6112267514.38343,120374.52216236,54163698505.1058,130788927305.804,954309843.708079,333729154382.815,451281734.723033,3514330312.48324,211183.631418063,613283997.962265,192918537.359694,389337.309248912,210614559605.387,193228.22638177
4515874656.3984,6363838762.16316,1085521188.48908,176216544.209128,130156.47917901,18602367573.3194,526156027303.059,2218046748.72055,16024880.5699239,110290.272466925,14930538319.4856,1393010241.67802,253935866791.807,11622291.7575378,6259609946.37584,2967694058.79765,6112267514.38343,120374.52216236,54163698505.1058,130788927305.804,954309843.708079,333729154382.815,451281734.723033,3514330312.48324,211183.631418063,613283997.962265,192918537.359694,389337.309248912,210614559605.387,193228.22638177
4515874656.3984,6363838762.16316,1085521188.48908,176216544.209128,130156.47917901,18602367573.3194,526156027303.059,2218046748.72055,16024880.5699239,110290.272466925,14930538319.4856,1393010241.67802,253935866791.807,11622291.7575378,6259609946.37584,2967694058.79765,6112267514.38343,120374.52216236,54163698505.1058,130788927305.804,954309843.708079,333729154382.815,451281734.723033,3514330312.48324,211183.631418063,613283997.962265,192918537.359694,389337.309248912,210614559605.387,193228.22638177
4515874656.3984,6363838762.16316,1085521188.48908,176216544.209128,130156.47917901,18602367573.3194,526156027303.059,2218046748.72055,16024880.5699239,110290.272466925,14930538319.4856,1393010241.67802,253935866791.807,11622291.7575378,6259609946.37584,2967694058.79765,6112267514.38343,120374.52216236,54163698505.1058,130788927305.804,954309843.708079,333729154382.815,451281734.723033,3514330312.48324,211183.631418063,613283997.962265,192918537.359694,389337.309248912,210614559605.387,193228.22638177
4515874656.3984,6363838762.16316,1085521188.48908,176216544.209128,130156.47917901,18602367573.3194,526156027303.059,2218046748.72055,16024880.5699239,110290.272466925,14930538319.4856,1393010241.67802,253935866791.807,11622291.7575378,6259609946.37584,2967694058.79765,6112267514.38343,120374.52216236,54163698505.1058,130788927305.804,954309843.708079,333729154382.815,451281734.723033,3514330312.48324,211183.631418063,613283997.962265,192918537.359694,389337.309248912,210614559605.387,193228.22638177
4515874656.3984,6363838762.16316,1085521188.48908,176216544.209128,130156.47917901,18602367573.3194,526156027303.059,2218046748.72055,16024880.5699239,110290.272466925,14930538319.4856,1393010241.67802,253935866791.807,11622291.7575378,6259609946.37584,2967694058.79765,6112267514.38343,120374.52216236,54163698505.1058,130788927305.804,954309843.708079,333729154382.815,451281734.723033,3514330312.48324,211183.631418063,613283997.962265,192918537.359694,389337.309248912,210614559605.387,193228.22638177
4515874656.3984,6363838762.16316,1085521188.48908,176216544.209128,130156.47917901,18602367573.3194,526156027303.059,2218046748.72055,16024880.5699239,110290.272466925,14930538319.4856,1393010241.67802,253935866791.807,133244.351989178,6259609946.37584,2967694058.79765,6112267514.38343,120374.52216236,54163698505.1058,130788927305.804,954309843.708079,333729154382.815,451281734.723033,3514330312.48324,211183.631418063,613283997.962265,192918537.359694,389337.309248912,210614559605.387,193228.22638177
983971585.429573,2662971556.49655,145095795.695736,62392.0611118271,127973.985052583,10008029038.3163,339828475078.201,242504887.472757,87844.9213452625,103801.825381122,4790249792.39108,911480016.908263,191296450022.144,133244.351989178,2326583350.53545,2967694058.79765,229405749.929408,111098.434856803,50693812407.647,130496095387.8,38235258.6141531,333729154382.815,123642566.113958,1599369299.46142,54994.1007113371,347602730.891988,9672006.32011934,100122.850042587,204548364968.24,162678.185735128
143805.736749821,137907.747422334,114984.635697018,62392.0611118271,118998.938226173,583326.369054536,59219256832.8036,112946.51940393,79585.6407466595,103801.825381122,99478.0583865141,128364.229506774,29099144423.8651,121769.602112588,82720.9511637049,97988.8825371226,259392.631360784,105551.433804567,156478400.810478,46864020619.3492,245672.814050714,46050465569.8371,193195.831015736,3472275.90232081,54994.1007113371,116524.392044641,167974.957932761,87495.8587694543,39093215216.7786,147366.149557266
85238.0981215286,55060.1703679392,114984.635697018,53834.8411522306,114371.10173035,73432.975900283,58188.8045378145,112946.51940393,57251.9105463526,90255.6945765847,70677.065809708,56255.0618299892,74625.957988962,103033.990786699,82720.9511637049,97988.8825371226,259392.631360784,94319.8654540235,2053873.54904217,2579767237.21074,65474.7937497199,68004.8758918731,120663.111272282,82731.6419451862,54994.1007113371,106605.788174901,140848.913476194,87495.8587694543,33052.4192737679,121858.129516658
85238.0981215286,23588.1698715161,83096.5039180432,41475.390497109,96155.5590351354,60404.4170617344,49751.9166363977,91990.4741535724,52448.4543454255,67367.2991840173,68514.5542911877,53338.3133850277,66106.3858456893,59354.1052464348,42700.3705207686,52450.0501910193,57434.2006770635,78125.4915222101,101463.773673207,39921.8617710203,63115.4921149716,57172.450215827,103681.733500596,73032.5604040597,39806.1785058527,52955.7335070574,120157.978115264,79839.0895303236,33052.4192737679,100547.174729024
21013.8495621681,15649.7337689609,31769.4968910797,22572.2985194007,68634.2442868853,27705.4924070223,40977.505333726,47492.8869130495,27004.7489473413,46464.6002770005,51504.1446169092,23916.724804855,59139.8205950731,16120.2083819789,25674.4676753217,28789.9749416118,29251.7105418643,47808.750510179,43150.0588789763,29482.3718228295,24672.1901242937,37713.1995598235,39776.9633376173,25359.3985698189,32212.6451345862,18617.947505248,63797.6547434627,57802.6641161277,33052.4192737679,24527.7814509902
10843.137125553,2797.81675717121,3446.07027535728,10633.8842678888,25726.8670614953,4067.30920208959,9891.77544061539,8518.90902355648,8625.81850812311,3742.13610790256,8541.43200865888,4287.07452041901,15825.3618990185,1168.08322508915,4281.99860796628,14333.4051150026,5119.03341049278,11636.2219556693,10535.0212256127,10152.3690824361,2909.79708676313,4047.49449661913,11541.2478542928,3700.05302724764,6826.00130840156,3147.00352045757,20283.8809933681,16050.1628995414,4210.94688536278,5854.68392604186
522.693266472957,458.169220471978,399.977328807568,521.299060032931,1719.76012197182,359.606642061029,737.984661948142,460.964467133237,614.315410127413,372.258896949925,552.889023655691,407.160496984064,706.908653654529,195.391089689619,340.314145107416,709.006058477088,483.58781811199,495.313493503002,614.531518113161,1186.847584588,355.871672715226,439.538325821163,512.294434103929,580.803317110401,540.694852130508,264.935063042664,1508.50687480541,2332.10228732091,363.407203755497,464.978777074446
80.1492804023906,119.874929289123,173.489125396508,89.327452544698,206.423815453586,189.49543446398,141.938735266889,108.783406313029,120.42609703635,204.416257753418,121.786698840178,161.991810621114,164.849716982268,180.465727011806,132.664673645066,137.083701254296,119.939571927636,115.53172955093,152.733099537251,248.748236419774,86.9377879806379,142.693259083967,199.361148736675,149.765435887619,104.403176028719,115.911821122244,109.206879899496,164.44592329413,28.5367299099823,137.259246726681
79.9521014945462,119.693277105785,173.420547996959,88.906697698571,194.929546690947,187.406864320082,140.644183781269,108.748879839724,118.754960523451,204.263424487725,121.683007300959,161.537738423786,163.5278046083,128.704842627074,132.627587428655,136.607275302234,119.750083747845,114.775354272544,152.526824951518,246.048153749553,85.5662012384353,142.576973877186,199.28865610912,149.541662045382,103.830957016206,115.713445914546,92.0832579748874,136.885228104082,23.2396372541577,136.664056618691
