39420970853.772,13311785036.8402,17203167710.5251,2346056488.79462,10019591045.3809,26071219582.7067,3066517151.72541,22139282616.9892,20467513362.7022,71960695202.6495,7674654149.32613,19175771247.7447,43881549126.8446,37119405736.1107,7721250145.55221,11500173384.6431,7376954718.72641,12214504590.6839,6075829360.18058,39865122874.0686,36777031456.8755,30569085935.207,14593915163.5595,4097943206.14093,49690960707.4732,28112261861.1993,2706186199.18553,15619874493.6667,6889570294.59297,3659123486.65641
1975328062.57983,1210150134.9406,792622941.310164,1284692975.83975,1433708510.1634,2403481139.42614,587125738.877253,1995570493.57065,929303005.974469,42553550452.6842,727950788.174819,1037524346.45001,1247423574.74235,3196373386.31858,383312216.438447,1781723622.68024,608282326.049465,2014407963.88331,417060000.638185,777555686.722006,754266853.852534,2926200055.45123,2033831004.63125,330600111.293864,2222242993.55288,904777095.884658,476544182.435046,1840039469.10533,169005764.818497,1185925152.38217
1818496736.27092,799893680.732308,253476667.275978,263063952.752939,935526732.261866,835713135.022161,526983647.460533,1995570493.57065,448810576.458136,7882302535.45292,249986668.94413,680945701.617755,455329192.757881,526175076.141402,279982022.640597,1056561540.04499,567843571.371407,904441715.410001,417060000.638185,777555686.722006,250599900.801757,1297281914.3728,360846282.104485,283691552.41691,1206455920.53936,828057054.664834,437708576.386562,708084127.258613,116989404.485829,1044849687.00884
349497859.342405,215338205.023013,36228697.1281337,30256114.9564145,270540898.111565,427815522.886028,85373724.1676988,47466448.7678459,81518197.7204774,1076549176.2983,54287879.6870217,380981909.308127,106377556.514798,91496995.5078649,10636424.7212911,343001748.960661,76294857.5719501,205920041.085951,122372594.593933,37601137.4690753,82320863.4776,482285647.857861,121951771.99038,62129507.1375561,101386902.203211,79563335.4790249,100041015.299078,173086760.166394,34632065.3602224,27663850.15604
8251220.85613812,6290713.63324174,1776690.18854894,323247.355726257,3858950.49290776,4556018.08727437,982338.930593157,18531073.5815626,399198.235749075,407805120.616863,1219075.80353289,6959291.85178178,1091921.98494158,3069441.38937132,229070.485755603,7919718.29989611,2627152.06565387,1394170.41520779,1576441.47564126,398194.432829637,357194.749304797,15368705.3011885,1210806.37441021,2248128.349431,333512.706363187,578990.190671407,2489217.80849151,2316651.61956879,326981.625761344,615392.29945144
50474.7140999628,40862.5630051931,17062.9531785143,48811.7672391595,58315.706103679,27913.3941127348,65362.0191970433,147704.574212179,10476.4200184145,13542347.9567042,93176.114892329,22871.7901787663,39688.8193776306,94468.1653642497,34402.6802707152,51589.4906252244,78497.4893188573,46743.201337706,27990.1941915947,73246.7349812705,32111.9747855634,74685.4579208648,43089.962188314,52069.5366098813,31936.8265086935,9936.04299842904,98412.2578981124,31955.6404394151,56877.1190363929,31430.4128892745
16253.6539634165,13911.9055716248,8005.51047254035,11421.058694118,8425.34883636736,11675.7099142935,17917.8434380106,38292.2550490825,5052.69989660401,1810698.94425089,8259.25305069461,13145.0884344988,15750.1134105901,46686.9738061763,9836.86751554634,17136.8412719156,30862.5581606325,19789.1645871066,6842.68514329325,23737.7133790265,4584.81560629691,30072.4355705136,8752.971908807,16354.1825662176,11440.6546955358,5851.50750928805,26875.5491650228,6523.38999329188,9263.42974378887,11651.091517564
4166.28897846133,7322.042013808,5260.6630411997,2874.5572392281,2725.35375124009,6168.18524157168,3668.49774956981,8266.40387050711,3078.62427465027,1810698.94425089,4611.73914071705,3867.71842862372,5920.61153005014,14719.9170376178,2125.56990856658,5517.97632885299,8707.88334200564,4942.76462285455,3769.62758280067,8812.89388681113,1329.72080899436,9954.80476332772,3630.28745406524,4852.71193730793,4116.93208956545,3477.96920484454,12671.2160733207,3793.25904736057,2387.23513734489,2691.07272865666
2078.06895094116,2652.99308763851,2587.03332743258,151.621833160135,916.175757743827,2627.09831260796,757.090887785295,3300.92363663434,984.477131230582,1810698.94425089,3123.86045521354,1967.14896017757,2861.92777246597,3077.27354176582,190.427600176493,2911.85708427438,3488.15307418598,1204.82743455138,628.319103631563,2545.78595652438,133.471235880138,3585.68782414408,482.434122107964,2023.28934041334,961.227044951525,722.354098158519,3299.12185464451,940.65998877342,458.947331711761,623.000183782464
558.217304044919,529.901329671883,762.694111355859,31.9214933168575,99.4781154345178,490.280284195638,101.566723409066,544.828810956455,116.731045707629,1810698.94425089,850.549979042995,368.005784941418,299.25830175538,549.401012145822,20.4846030919539,591.40515706162,719.125784698792,205.316066455751,160.053506359611,286.088908388801,25.2853749416965,657.150347717302,53.735075651593,550.62002537228,111.369505421159,133.119822635716,721.378551940427,98.5231552381483,54.0695246165812,127.589693993845
171.194766353858,116.286486836079,223.068606252453,25.4302120685456,25.712686027141,158.467502175949,22.1271518743067,202.339941551598,25.7049212943223,1810698.94425089,196.313653959079,83.9804050243827,103.062915519945,174.383636117798,17.933263073704,151.398624491449,123.372759281202,112.997552657146,92.8216711942487,60.6918526127313,21.3727565840748,142.119791609169,7.33770581727777,98.4574149696177,43.4051667835008,43.5580106326618,123.567398990678,28.4635079458481,34.20250534809,58.8797273036021
152.670708776986,91.9738668288985,198.542138622638,25.4152379240486,22.5349918454883,145.608119845046,19.6918586000986,202.339941551598,18.6978031716894,6298.58531248412,171.557845436053,83.9804050243827,103.062915519945,174.383636117798,17.9098806162513,150.444756133829,85.4904286835995,108.134704005753,90.7737935290024,60.6918526127313,21.3551785792322,117.739621826954,7.22032765666586,76.7760984357355,37.60082035352,36.2712642896818,101.449296475203,25.7032932329935,34.145177224927,51.8395830388511
152.670708776986,91.9738668288985,198.542138622638,25.4152379240486,22.5349918454883,145.608119845046,19.6918586000986,202.339941551598,18.6978031716894,609.773150282663,171.557845436053,83.9804050243827,103.062915519945,174.383636117798,17.9098806162513,150.444756133829,85.4904286835995,108.134704005753,90.7737935290024,60.6918526127313,21.3551785792322,117.739621826954,7.22032765666586,76.7760984357355,37.60082035352,36.2712642896818,101.449296475203,25.7032932329935,34.145177224927,51.8395830388511
152.670708776986,91.9738668288985,198.542138622638,25.4152379240486,22.5349918454883,145.608119845046,19.6918586000986,202.339941551598,18.6978031716894,609.773150282663,171.557845436053,83.9804050243827,103.062915519945,174.383636117798,17.9098806162513,150.444756133829,85.4904286835995,108.134704005753,90.7737935290024,60.6918526127313,21.3551785792322,117.739621826954,7.22032765666586,76.7760984357355,37.60082035352,36.2712642896818,101.449296475203,25.7032932329935,34.145177224927,51.8395830388511
