19004597229.7011,32406820469.225,34897459609.2234,27574235410.7919,34932203924.754,42601918313.4305,24889712267.0756,21490100183.9812,15609253311.389,18010882705.4355,19335096678.5951,52199124668.519,19490220238.8396,24554990737.3787,37370843681.1009,17007249786.1233,49334724498.5563,57938909311.6915,40861781230.1963,37577451701.0685,12537811003.4159,26311489220.1174,11768477552.8102,26902512130.5571,37131384778.2729,51370155625.8741,51408091039.8421,14433918198.0242,32388125786.1032,25145649642.6121
1181043973.53406,19114552789.0352,2070557459.75013,644108505.409378,17237292567.7757,27683820738.9303,1018501512.07651,1508769891.45979,1785773738.60137,1457006703.85766,5016793811.01932,10175208412.0146,1584751067.0774,1453112658.64158,3692360530.95473,1055652434.32864,35708504725.1975,4287337291.77476,6611751178.24733,1369667079.46384,590434459.922953,4158362550.7281,1239009406.54007,1713263965.18628,2762304684.73615,11162380605.7413,6063578630.72357,747096752.981845,1718652956.99142,3050874007.37668
621410933.068448,8510220618.15676,771073729.277994,644108505.409378,1729258032.34939,6526371286.18231,591442766.686217,1008420830.23735,1256408440.5479,882048220.713339,1753584249.93044,1733827066.0235,850734764.416892,646383431.789832,299208066.007079,653035051.725538,19839495871.6758,867464394.442107,1953560665.31242,349811609.609459,456515781.707473,2186296138.07949,1239009406.54007,807482117.119579,463682215.668306,2115613451.58643,1151636673.9019,747096752.981845,1055272488.17705,2553592230.53212
106563214.1797,1188846377.70458,440307703.908362,392472889.138786,630642083.143813,724364429.629768,348019012.359374,371572333.133473,237898968.733118,205181363.034421,204864228.151458,1733827066.0235,496343218.419336,258289395.195219,297315246.892385,343814873.910044,2142113816.06592,229895868.856703,1953560665.31242,183415165.556097,89005574.8582235,984471898.278993,143236118.314739,294439032.896892,233013967.500646,2115613451.58643,1151636673.9019,285570828.987074,1055272488.17705,817212408.52507
4350478.47128394,693405015.673821,17745151.5224258,42597326.0176123,630642083.143813,724364429.629768,25312510.6939963,13802555.0224725,13722121.0045511,10719907.1018861,21641092.7995698,260217712.007081,16467172.2866678,13184888.4193916,4574855.8232235,25288691.2147801,952587040.123563,12763401.9293538,1039361354.91861,80583078.4229275,4676968.71349271,163289597.059234,20708407.8191678,18083616.5443052,11164668.1780772,437724989.758206,127732024.222101,13684078.0119246,218904585.663714,34868570.2044146
35916.7717570753,55020873.7798219,34418.8338628044,150433.236458585,630642083.143813,724364429.629768,51257.6967886982,73910.4287784854,81757.1098783167,131909.632438886,145123.318224589,2626637.03115339,133959.193885185,137399.31018682,49283.633194626,96395.8832328371,68838745.3219842,49807.367950942,9003131.84339407,473113.152891342,43156.1938265266,1299732.82662914,90136.328113254,171633.946841266,21061.3655987472,22361327.5896998,33287980.0390402,39757.5284879798,1204972.46976181,160633.749314172
29347.6439903013,10789875.7384008,22160.4867645918,10993.4649598931,31683358.8534037,50503414.6901719,32311.7020110005,27061.8449654558,35191.6540783786,59095.7219605006,26220.7435022842,121156.939709079,57551.4405548735,15418.6491486331,34094.6895938362,21737.4198197731,4731745.9028703,6937.23425291671,94993.7636242116,13266.1296310246,17266.5638374196,18376.2133081693,11732.9330253017,27665.9785714893,12538.9202948598,607514.557660344,833647.284395533,16040.746924441,34415.6925526945,9896.31349869438
7094.23947371623,1293141.53370593,8202.61633236924,8610.63120849016,790356.708663531,1497506.42260439,9412.95822396859,6039.06824123363,10184.1722528719,10901.7990841093,12147.421712563,43933.9881374577,14061.7382791462,10718.9950402453,13286.3524321695,9962.03370828159,1013838.88400819,5236.61183207942,14842.5986414139,10446.8521245262,10149.7799102839,10537.6199282423,7266.74091384756,11394.1832458725,4581.50163989866,23977.9602291633,41649.9832704772,8737.61158647651,18612.6124400461,6606.61181343992
3548.41170869413,1293141.53370593,4038.54295495283,2505.6352035813,39065.7688849453,42092.6801395249,4383.49861023221,2638.50413433598,4002.79140802935,5150.57292235715,2462.03898947998,41264.4494370008,4417.71842871821,3137.26441860006,7421.49147772022,3989.94630178749,80498.2893169703,3246.75354751801,8162.33241285149,3170.11668400728,3455.01697091436,7775.75019658043,3864.89598465513,4887.42885583571,2631.58411843761,9359.63895903217,20894.6041934706,4230.68179283811,5083.77094661676,2483.68575024724
1351.50227177764,1293141.53370593,1292.18435149278,1293.15677773562,3973.13643349462,8256.24801475779,1518.35806613961,1788.33146639987,1310.53531797051,1213.56310230165,1478.4443946137,22942.3226188269,1206.48846222087,1197.91682129267,2145.5901291053,1366.06711011636,80498.2893169703,1949.96496925338,3533.535203316,2030.95970843288,1493.50172261496,3651.01431016944,1476.11383044306,1720.72750579194,1115.86740940858,3130.92537401351,3044.80789785291,1587.33030898403,1633.4668971068,1330.5913681543
843.357056535337,1293141.53370593,826.661571767555,926.019935691937,1424.2777796343,1253.74145584174,1060.20716188384,1362.61931872172,709.457218154772,797.070842151639,1045.16579300728,6544.8343811678,687.969914259178,812.944627694493,887.775031831733,757.90063438669,80498.2893169703,1217.96884275924,1410.43908791969,1011.38015389924,954.811145166291,1871.06486239241,850.244470192452,756.155866164786,683.17987444209,913.074015015405,1096.89425292326,1109.61555925958,836.432548315519,802.556343655359
662.100098724226,1293141.53370593,577.801730043792,771.139241535761,701.524344842903,586.478485221069,900.595131445364,762.692884363515,538.861970017247,644.639239090645,876.059785597738,6544.8343811678,498.04960352167,669.817794234927,600.046452561389,574.121374209166,80498.2893169703,827.999641989942,738.898204158743,515.3570046165,835.15147028141,1558.47750081797,725.89553490265,586.861522635473,520.995768007617,516.834928470971,606.810049603911,860.293385788312,610.326173136556,568.653926071952
611.777443614028,1293141.53370593,508.313117897593,738.334735083789,701.524344842903,586.478485221069,878.284508508246,608.636330072665,457.801936093757,592.10973141241,845.960001639648,6544.8343811678,434.011076275495,624.436913671204,535.0893435598,513.291232230365,80498.2893169703,716.216152201305,738.898204158743,515.3570046165,800.555530677465,1558.47750081797,703.544656394446,559.570917249962,494.897490810514,516.834928470971,606.810049603911,817.224946231784,577.584143832559,513.212024109941
611.777443614028,52332.1908638313,508.313117897593,738.334735083789,701.524344842903,586.478485221069,878.284508508246,608.636330072665,457.801936093757,592.10973141241,845.960001639648,6544.8343811678,434.011076275495,624.436913671204,535.0893435598,513.291232230365,80498.2893169703,716.216152201305,738.898204158743,515.3570046165,800.555530677465,1558.47750081797,703.544656394446,559.570917249962,494.897490810514,516.834928470971,606.810049603911,817.224946231784,577.584143832559,513.212024109941
