3701699999.67485,136654718.246842,4312093512.02232,9477510364.0564,556097117.197204,333324397.717272,417732660.387926,5483588915.10296,1280937515.38888,6769313042.46451,278513260.959717,1408487113.31998,1027530810.44063,509876184.862182,375230708.463781,1775788895.61359,10826792247.7147,4323356651.74796,2818875052.12836,16329703029.0203,464276394.527105,1641778954.97162,1298761591.4295,266063717.103369,681554277.913906,1413790086.56113,2755960163.07324,3586628622.68042,1154830460.85923,1331610733.71756
184179941.504961,43714712.4487418,876329328.112407,1512081186.4382,213896917.485794,61919307.8426995,90849079.1297758,1059542547.04113,255543932.146386,413666354.933544,115203656.544883,583247055.253582,74470038.290736,123879340.976435,25143561.6520177,737743338.361067,5693439679.17866,2037451361.58965,1340379078.85366,7577722479.17773,128375958.359565,353837233.672343,1263549717.89037,125227077.50264,140122823.429101,109987107.548072,593945141.510151,60901184.1853431,870770056.788314,739251005.382769
184179941.504961,29319766.421802,198813175.874381,130390064.834834,179064258.229001,50420688.3616624,81764879.252962,56868495.9388452,192200564.989785,316140087.697838,76683827.7134238,583247055.253582,47382630.5614406,88645165.1184718,25143561.6520177,737743338.361067,521321675.873032,440423706.992264,143139122.835195,3477211829.19172,64152825.5409034,115959652.52775,237158393.920694,125227077.50264,56831047.6095543,77924476.0713555,73327846.9477876,28543237.7834737,116178558.026886,180454132.923224
10062322.3854505,20431788.2194673,85911219.6072617,101289887.872337,42814000.6781263,13193355.0592189,29165681.152877,23839977.0892389,49755638.9347365,132394895.749084,33112088.7012811,222882735.423151,15139479.1040985,55782464.1015853,12354511.6613793,235735503.135979,121647932.234384,204630375.469166,76173222.1863416,211551541.676888,33841609.2546656,39280154.3370975,120195471.272776,31197385.3734427,18087230.7965918,46745275.2601105,49611271.1166695,15355025.9254225,74902269.1115576,131448016.070308
5148301.32322705,3511074.45201892,47672231.1557498,45905115.1579893,16881508.1543001,5338738.56695621,8318595.49509504,4795083.86133567,6498388.22468046,83014962.4605362,4444232.78984673,52730714.2235333,3699710.65399088,12785918.7060529,1262622.02752096,47099937.9978518,18111304.6493014,71237601.9060828,22448870.9961514,43957435.6305396,3957642.76567935,6225827.59648428,21324169.983078,3481690.43795321,3224945.21494242,14954913.7422599,7319970.52992477,1962230.07859757,27501800.2297548,107502322.887088
399787.418869851,404767.932766807,15704493.7031518,15121550.7954625,3627146.96798596,507073.931071142,749071.238143323,226085.519574516,670076.632010964,10693318.9075885,911022.367829406,11781227.5376543,467645.044271381,1006993.11381881,99693.2873033974,11269141.1659889,18111304.6493014,7545931.15539371,4553813.12216215,5582087.35523181,741383.428729512,757722.724212003,4234342.73852479,1591303.40122158,419219.161279548,248837.814829206,313262.934474703,436282.088452748,5509564.12829404,19377366.3355445
72929.3756695516,83222.2969185623,2456666.23018333,2195936.37389874,1285048.84437966,82803.3856286635,93599.2239626063,109341.485928008,107118.642297366,3680119.9974819,90294.8148663868,2286865.27875658,113909.109841893,113167.618455474,58097.5988239053,2193159.35586318,18111304.6493014,4408578.74042099,1926098.89248158,5582087.35523181,88877.6194911781,27828.5674204744,1650862.97861403,118441.703743175,58709.3658629155,65462.856544107,54135.4021455156,87507.6709869528,1390506.72398197,1803254.17681349
32514.4210002131,22869.2483849159,2456666.23018333,2195936.37389874,1285048.84437966,37570.0726723262,20250.9762012265,47857.9642480481,28936.3889856015,1606362.95678287,32867.6687941154,2286865.27875658,55278.9504256573,62666.5748681843,18309.8306876486,1055610.50238065,796578.324134446,4408578.74042099,541753.086586564,5582087.35523181,21410.025527328,14117.9561757291,369296.920960366,51074.9404787223,17453.3440880196,18476.8994452059,18143.3673016322,21025.5913321278,275153.959647533,1458145.97112108
4208.71164690359,2109.66797479714,2456666.23018333,2195936.37389874,1285048.84437966,5776.60692588586,3869.87635774823,3961.60876381027,3090.04968457052,1606362.95678287,8605.25244927205,2286865.27875658,5478.82151294995,7297.29387137258,3175.33371093114,1055610.50238065,73433.4182715705,4408578.74042099,185789.567970262,5582087.35523181,2376.43426251756,2122.74454593275,155203.358302199,6884.74076528281,1538.24409066299,2756.76979770505,2779.0959935225,1926.38222521749,59696.4484659841,1458145.97112108
664.645889922335,691.180603490964,2456666.23018333,1733291.54477885,1285048.84437966,945.018771324943,759.319264264972,619.219973579272,637.414955510666,1606362.95678287,869.673163649989,2286865.27875658,826.803166328473,954.552775227474,743.27512192709,1055610.50238065,9052.98084104775,1688771.77282845,76329.0318550654,161743.165252548,516.160179594018,652.22228150308,137253.836208175,682.281137674997,710.441032111536,658.166741187304,597.4685277697,465.190252370511,40260.1050992828,1458145.97112108
407.283380049083,586.409952085631,75501.0875031628,78547.1311031988,1285048.84437966,545.105099573848,649.042669635533,475.476622457874,429.342156172036,1606362.95678287,610.448829763897,2286865.27875658,535.341155471777,360.342209880618,620.821823871678,1055610.50238065,973.554300340087,54884.4243474279,76329.0318550654,27126.377507233,396.139984239338,553.529832143736,137253.836208175,419.492775823744,642.772874020176,473.917137535052,427.931545500667,387.105441107642,40260.1050992828,1458145.97112108
360.871870798492,444.47504853877,4789.84221479095,2930.4208904459,554338.184728726,404.752200517543,571.353367771906,360.407073144587,302.923410633281,1606362.95678287,454.948978527458,106173.684175612,456.307473664566,315.495955445368,460.197096446127,772219.441883907,391.041829788252,3132.47133064154,76329.0318550654,1630.95021122523,333.685387869942,401.72602102376,137253.836208175,283.135957476255,401.220409561873,321.031336217286,319.438033195671,316.08044608925,40260.1050992828,1458145.97112108
360.871870798492,444.47504853877,546.560845062183,488.777034137723,15472.7289116031,404.752200517543,571.353367771906,360.407073144587,302.923410633281,19778.4608431006,454.948978527458,1410.7404391073,456.307473664566,315.495955445368,460.197096446127,3150.78709534698,391.041829788252,559.614922252631,76329.0318550654,616.109815568292,333.685387869942,401.72602102376,137253.836208175,283.135957476255,401.220409561873,309.7014948777,319.438033195671,316.08044608925,40260.1050992828,306495.755907376
360.871870798492,444.47504853877,546.560845062183,488.777034137723,15472.7289116031,404.752200517543,571.353367771906,360.407073144587,302.923410633281,16182.1513739185,454.948978527458,444.183184851363,456.307473664566,315.495955445368,460.197096446127,725.388827970344,391.041829788252,559.614922252631,35349.1534943931,616.109815568292,333.685387869942,401.72602102376,34301.5109998074,283.135957476255,401.220409561873,309.7014948777,319.438033195671,316.08044608925,40260.1050992828,43865.5022678645
