1968.06102662039,1599.4605462078,1094.98226172417,1828.47522272809,1580.38671741679,1410.0961588325,1026.07058426332,1285.92404737121,1418.54185991575,1681.88208934426,1600.91761726496,1392.12432436159,1308.61728873015,1815.85698731716,1085.01621370719,1838.45265799248,1823.54727888759,1167.01264723794,1431.57990037723,1799.01852207549,1451.4711207691,1956.7178785208,1368.17009698321,1840.45010258693,1645.74090514341,1469.08069208155,1140.69771839125,1593.15432254252,1792.56123083716,1570.62734649198
1720.67882501362,1434.65288465305,783.827209033243,1687.49919793114,1054.04958042299,1164.80361764641,1026.07058426332,1251.73726046711,1268.86388832448,1681.88208934426,1441.00494844616,1392.12432436159,1169.17401527124,1486.60274785073,807.705076897902,1382.34372833234,1687.72043553431,946.439080784927,1431.57990037723,1666.45150342707,1410.34599008781,1899.57634970176,986.544289900564,1046.26570132696,1645.74090514341,1469.08069208155,1061.45889646189,1433.52350511,1660.89372462181,1570.62734649198
1508.11922103825,1394.21055027939,783.827209033243,1687.49919793114,1054.04958042299,1034.44349773541,966.522669582283,1251.73726046711,1268.86388832448,1591.74336771418,1024.84947126579,1201.83568753392,1169.17401527124,1486.60274785073,807.705076897902,1166.2878435885,1627.0442040335,946.439080784927,1103.71312643297,962.643901064025,1135.3799383379,1789.17270619781,986.544289900564,1046.26570132696,1435.6589231676,1469.08069208155,916.978111561001,1203.94256911017,1359.83167381524,1570.62734649198
1417.33540592599,1254.21512859078,783.827209033243,1523.71886034003,1054.04958042299,1003.08924549078,611.007544913043,1251.73726046711,1257.60454160225,1207.54299224588,1024.84947126579,1201.83568753392,1169.17401527124,1486.60274785073,730.248480042869,1025.72463909815,1141.97271568873,841.788356860689,1103.71312643297,947.222206944206,1135.3799383379,1676.51956583573,926.351470358812,789.304295476539,950.316357539381,1469.08069208155,715.052658468432,1183.16055659372,1143.20124111715,1327.36087231234
1196.27379737298,1214.52393759991,593.929480679969,918.904471282541,1006.97727264412,817.859921220016,611.007544913043,888.352850779949,706.161159810392,998.209150177624,741.021798138423,845.986209039635,842.145114814361,1364.64485748352,549.741136085447,743.580324989082,1141.97271568873,560.472597103461,948.44778613438,594.659588213724,855.357561139333,1632.79408186236,717.004542146734,536.258944932758,950.316357539381,1003.41343627255,715.052658468432,1088.83054489986,777.066922467551,817.515886363211
783.85684343296,1211.6584786633,300.922362463516,418.3386664021,550.808969986738,804.828813829243,484.504376304159,428.734615246978,323.384649931708,802.541603005022,331.089238238396,845.986209039635,842.145114814361,638.80409389364,489.688201475525,571.127582739306,351.38604893577,361.652087418074,654.720026747404,512.425890631947,647.441915210556,1628.57838159467,335.825771365325,249.449879044525,950.316357539381,459.456486660163,715.052658468432,620.370246571921,520.636263757756,817.515886363211
596.801096933867,1211.62449635566,263.883220327405,418.3386664021,438.514303092169,804.732371103631,484.504376304159,231.527193170255,323.384649931708,502.761460110522,227.905159973443,593.120548670638,363.636679331781,258.740069850252,488.118879410211,568.270183085267,200.226477991888,350.071981235557,449.499461560033,504.926460011427,644.62044302613,1628.54719685665,320.656162898427,218.710741426588,642.556907418728,290.437838191743,481.839677379417,455.432288743822,513.005832988437,632.082936527086
394.277832037185,1211.62046143857,258.13138709354,418.3386664021,397.906886594626,804.72640670178,484.504376304159,154.601187914342,323.384649931708,502.761460110522,220.347191642244,593.120548670638,217.285018955719,181.296041775419,486.828410466826,568.240434170463,148.896295514935,349.743360428095,449.499461560033,504.670755463828,644.430806730131,1628.54614438047,320.529377596106,217.667203819306,321.009410408992,279.717420140753,481.839677379417,455.432288743822,512.792530189212,336.215182661171
234.912807114654,1211.62037190358,256.828231524599,418.3386664021,396.866258705782,787.950124724387,484.504376304159,149.892942335695,323.384649931708,178.997995755175,219.512102220062,593.120548670638,196.649728887072,177.786308467399,486.767933982202,568.239111479975,146.481568161411,349.736874272903,449.499461560033,504.649822826335,644.40805422639,409.26110657942,320.527332539574,217.56091924978,207.4254127174,278.592625507095,481.839677379417,455.432288743822,512.633915304157,283.054148727403
182.044295211992,544.871831920701,256.725577069043,418.3386664021,396.866258705782,518.831249066615,484.504376304159,149.36410682927,323.384649931708,50.9968539594261,219.489979578898,509.026051503673,170.943902907633,177.058657498754,486.767198966197,568.239064305762,146.003399972465,349.736476148988,449.499461560033,504.636252669005,644.400796588789,187.037101316975,320.527161733151,217.541676940981,183.458240831641,278.463988091638,481.839677379417,455.432288743822,512.618099483851,272.105744783554
182.044295211992,306.833877321977,256.725577069043,236.822146145677,129.99650391676,507.938622196589,484.504376304159,149.351453085083,323.384649931708,30.3842010908891,219.486857679751,364.821101219512,169.769798769876,177.00690274372,486.767129084639,323.132899130377,145.983648873933,349.736449035612,449.499461560033,504.632568030529,575.189758678237,151.402829874668,320.527112359822,217.53852676583,181.244323187261,278.444030901887,481.839677379417,455.432288743822,512.618099483851,271.335682283667
182.044295211992,293.687465506748,256.725577069043,179.740054604201,23.9738976597919,211.517729054409,484.504376304159,149.350622579261,323.384649931708,29.9196540767816,219.486857679751,288.108741728576,169.769798769876,177.00690274372,486.767129084639,176.587820427146,145.983109829695,349.736449035612,449.499461560033,504.632568030529,300.416602934127,150.731618676024,320.527112359822,217.538295047633,181.031263510919,278.442323784547,389.2686592173,455.432288743822,174.069605696511,271.335682283667
182.044295211992,293.687465506748,256.725577069043,151.059061437169,20.4512397843991,145.397301521191,484.504376304159,149.350622579261,323.384649931708,29.8974748310786,219.486857679751,277.511697243204,169.769798769876,177.00690274372,486.767129084639,150.142171820453,145.983109829695,349.736449035612,354.000397930814,211.203658958334,270.989416337306,150.728008947263,320.527112359822,217.538295047633,181.031263510919,278.442323784547,278.913352009483,455.432288743822,150.199213613155,271.335682283667
182.044295211992,293.687465506748,256.725577069043,150.478895150613,20.3430952123936,145.09120289937,411.561953901166,149.350622579261,323.384649931708,29.8974748310786,219.486857679751,277.19539564767,169.769798769876,177.00690274372,223.297945076629,150.008682907545,100.622438733559,349.736449035612,279.203327209204,152.726485522171,270.818973869608,150.728008947263,320.527112359822,217.538295047633,181.031263510919,278.442323784547,252.905574467651,455.432288743822,150.13250111797,271.335682283667
