1514.2516653351,819.966959028922,1152.28285189726,760.223515666701,2105.78168571572,1079.37754001078,860.563846079359,1213.79362921939,2148.11892079571,1232.00050610714,837.295072210379,937.602000848892,1408.34497147553,786.65935648665,914.752646650347,1019.25152361681,653.78185028466,958.45281617754,1176.67952705911,1513.44374215918,1012.07206448261,631.721015569603,1021.38715169381,856.135408472055,1152.04398256205,855.921933256006,711.680120675405,921.681935680521,745.851074452364,860.650028960372
1051.70990618215,691.686132867933,898.610153667159,561.77829633686,1156.58595038206,811.21875091782,474.758431673089,934.331236000814,1019.23584898157,1063.64130389447,699.258701776277,731.233801701694,1148.93895542335,698.340316574083,756.980065959838,840.642485664768,613.505123897022,747.346154957942,736.883976509747,1389.93809255525,750.978718427918,583.89288454733,750.797949477174,723.423757720987,997.066986903878,783.936043273914,676.680936893107,649.571105183312,578.459901489811,684.715099112057
1018.97018723306,596.04289327899,844.884956239587,477.46451033897,755.187128012849,599.953576074512,445.681988239187,771.641090552678,866.722405384176,882.04365727299,598.45730199023,522.48310198002,804.737924081727,693.518722679351,526.05340408581,752.2497319564,532.838213782381,546.212666313771,523.738619296441,956.716190187892,663.135700025479,479.275845411039,564.727386900713,551.300147273978,787.133088043134,631.189743670317,676.680936893107,529.578409917959,494.032930437848,535.791521797228
644.355831624799,576.356848409725,623.683362372007,414.055459247344,525.329820709766,492.440820542486,423.878031621678,600.366423954582,627.507378189297,614.299100573763,543.031848732245,467.874847806726,547.298306399528,524.734735612953,461.193857561933,556.599580637665,494.750607765963,451.740745443596,479.623979533516,626.772688525499,539.607357659732,461.237911437263,447.863254379625,437.33475419876,604.74922256239,477.013941084942,543.373077426206,478.344161997275,440.664151645125,484.516050381616
444.90790633409,431.970602764368,433.573819669293,394.15801582891,441.491292633991,404.674368011629,386.039161091852,468.877025604062,477.691521061456,508.611864325305,467.134803956402,413.772831322308,460.207795870349,421.321733751528,401.321256467902,480.951924177175,437.844284990223,408.764004577274,416.930369948594,436.438432681118,448.523897245902,410.214986269423,380.837292349886,396.403706641987,454.873775423989,427.7549873753,487.841839935081,395.96520233259,386.358826682059,400.19258181231
400.289755521268,405.286064715435,381.371566899144,221.731918770912,379.80833845406,385.120886473829,221.357629863041,373.132981274142,366.251330712937,400.514988984847,390.980182044427,265.645105845839,395.259867498298,372.474671293633,360.276578562602,402.1748313853,390.120118733988,272.731637922741,365.333842408612,402.844523076436,383.887150795891,276.35799519029,329.162670845869,350.90173705362,378.568217912212,383.884629131268,383.167256844148,333.148524653338,218.206081253924,400.19258181231
362.477219711015,403.406877488594,368.347518402064,218.791973250701,379.80833845406,385.120886473829,218.331878078575,351.306812366236,363.303950033959,400.514988984847,378.200234695096,209.315434963919,379.16415835053,369.170185328831,210.696950503593,362.820949975965,390.120118733988,212.623063051701,212.471423142825,383.717926655509,383.887150795891,205.772828098979,206.910848009298,211.317303477005,378.568217912212,383.884629131268,383.167256844148,210.102815101197,209.780938004892,393.686220249148
362.477219711015,403.406877488594,368.347518402064,217.528084215085,379.80833845406,385.120886473829,217.478274428828,351.306812366236,363.303950033959,400.514988984847,378.200234695096,208.326585315924,379.16415835053,369.170185328831,209.599294141487,362.820949975965,390.120118733988,210.88615790422,209.928164931677,379.958656071,383.887150795891,205.647472342259,206.5102098143,210.675837079399,378.568217912212,383.884629131268,383.167256844148,209.875807179792,209.616875673768,393.686220249148
362.477219711015,403.406877488594,368.347518402064,217.527044185474,379.80833845406,356.322469818681,217.475623382878,351.306812366236,363.303950033959,400.514988984847,378.200234695096,208.26391177816,379.16415835053,369.170185328831,208.679527780421,362.820949975965,390.120118733988,210.802235098563,209.494273345969,379.958656071,383.887150795891,205.590393255231,206.488905287274,210.494720542822,378.568217912212,383.884629131268,383.167256844148,209.716699409661,209.616815963545,348.095205606184
362.477219711015,403.406877488594,368.347518402064,217.527021576951,368.546008389574,204.800271917996,217.4756085761,351.306812366236,363.303950033959,362.579837278708,378.200234695096,208.2639061871,379.16415835053,369.170185328831,208.67913498433,362.820949975965,390.120118733988,210.80222671525,209.493832688812,379.958656071,379.937553292295,205.59038704729,206.48886693578,210.494704209309,378.568217912212,357.166911496196,383.167256844148,209.716633783525,209.616815961451,200.776641074573
362.477219711015,363.563780646806,368.347518402064,217.527021436278,346.213103907609,200.000804386431,217.475608494954,351.306812366236,363.303950033959,339.510497117581,378.200234695096,208.263906186926,379.16415835053,369.170185328831,208.679134958576,362.820949975965,385.141044895567,210.802226714692,209.493832683807,379.958656071,346.868448445736,205.590387045869,206.488866933371,210.494704207476,378.568217912212,316.850865293245,354.788341480082,209.716633780114,209.616815961451,200.000269437936
362.477219711015,363.563780646806,368.347518402064,217.527021436278,229.647546700654,200.000001661826,217.475608494954,351.306812366236,363.303950033959,339.510497117581,378.200234695096,208.263906186926,353.111133919664,369.170185328831,208.679134958576,362.820949975965,373.598710884691,210.802226714692,209.493832683807,379.958656071,346.868448445736,205.590387045869,206.488866933371,210.494704207476,378.568217912212,200.051808897819,354.788341480082,209.716633780114,100.46894867839,200.000001134832
362.477219711015,363.563780646806,351.765237399192,217.527021436278,215.546462738384,200.000000008113,217.475608494954,351.306812366236,363.303950033959,339.510497117581,378.200234695096,208.263906186926,351.715213561303,344.356297529658,208.679134958576,362.820949975965,352.428376297348,210.802226714692,209.493832683807,344.816335410938,346.868448445736,205.590387045869,206.488866933371,210.494704207476,350.589484142043,200.000061181899,354.788341480082,209.716633780114,100.000071928175,200.000000007647
362.477219711015,363.563780646806,304.824433257682,217.527021436278,215.306002658916,200.000000008113,217.475608494954,351.306812366236,363.303950033959,339.510497117581,349.306390486895,208.263906186926,351.715213561303,270.534245151756,208.679134958576,362.820949975965,352.428376297348,210.802226714692,209.493832683807,254.836979397927,346.868448445736,205.590387045869,206.488866933371,210.494704207476,350.589484142043,200.000000248861,354.788341480082,209.716633780114,100.000000026339,200.000000007647
