38812.1210762437,38625.9979116805,41656.732350761,36838.4002607792,37348.1712951595,34309.4500778437,37645.6991927218,38762.0118557079,37378.6444647541,39606.1588572315,41500.9583052489,38241.1485528266,37254.0454306898,36736.8850041909,38281.2154681581,36739.7721035821,40819.2232347973,39097.5384780711,39280.9784532021,37492.6388227199,38375.562475972,39120.6902865871,36946.3550013244,39022.6715909787,39527.054061017,40034.9209924872,38446.7874979744,40989.9994049237,38038.8170472768,34333.86030927
38812.1210762437,38625.9979116805,41656.732350761,36838.4002607792,37348.1712951595,34309.4500778437,37645.6991927218,38762.0118557079,37378.6444647541,39606.1588572315,41500.9583052489,38241.1485528266,37254.0454306898,36736.8850041909,38281.2154681581,36739.7721035821,40819.2232347973,39097.5384780711,39280.9784532021,37492.6388227199,38375.562475972,39120.6902865871,36946.3550013244,39022.6715909787,39527.054061017,40034.9209924872,38446.7874979744,40989.9994049237,38038.8170472768,34333.86030927
38812.1210762437,38625.9979116805,41656.732350761,36838.4002607792,37348.1712951595,34309.4500778437,37645.6991927218,38762.0118557079,37378.6444647541,39606.1588572315,41500.9583052489,38241.1485528266,37254.0454306898,36736.8850041909,38281.2154681581,36739.7721035821,40819.2232347973,39097.5384780711,39280.9784532021,37492.6388227199,38375.562475972,39120.6902865871,36946.3550013244,39022.6715909787,39527.054061017,40034.9209924872,38446.7874979744,40989.9994049237,38038.8170472768,34333.86030927
38812.1210762437,38625.9979116805,41656.732350761,36838.4002607792,37348.1712951595,34309.4500778437,37645.6991927218,38762.0118557079,37378.6444647541,39606.1588572315,41500.9583052489,38241.1485528266,37254.0454306898,36736.8850041909,38281.2154681581,36739.7721035821,40819.2232347973,39097.5384780711,39280.9784532021,37492.6388227199,38375.562475972,39120.6902865871,36946.3550013244,39022.6715909787,39527.054061017,40034.9209924872,38446.7874979744,40989.9994049237,38038.8170472768,34333.86030927
38812.1210762437,38625.9979116805,41656.732350761,36838.4002607792,37348.1712951595,34309.4500778437,37645.6991927218,38762.0118557079,37378.6444647541,39606.1588572315,41500.9583052489,38241.1485528266,37254.0454306898,36736.8850041909,38281.2154681581,36739.7721035821,40819.2232347973,39097.5384780711,39280.9784532021,37492.6388227199,38375.562475972,39120.6902865871,36946.3550013244,39022.6715909787,39527.054061017,40034.9209924872,38446.7874979744,40989.9994049237,38038.8170472768,34333.86030927
38812.1210762437,38625.9979116805,41656.732350761,36838.4002607792,37348.1712951595,34309.4500778437,37645.6991927218,38762.0118557079,37378.6444647541,39606.1588572315,41500.9583052489,38241.1485528266,37254.0454306898,36736.8850041909,38281.2154681581,36739.7721035821,40819.2232347973,39097.5384780711,39280.9784532021,37492.6388227199,38375.562475972,39120.6902865871,36946.3550013244,39022.6715909787,39527.054061017,40034.9209924872,38446.7874979744,40989.9994049237,38038.8170472768,34333.86030927
38812.1210762437,38625.9979116805,41656.732350761,36838.4002607792,37348.1712951595,34309.4500778437,37645.6991927218,38762.0118557079,37378.6444647541,39606.1588572315,41500.9583052489,38241.1485528266,37254.0454306898,36736.8850041909,38281.2154681581,36739.7721035821,40819.2232347973,39097.5384780711,39280.9784532021,37492.6388227199,38375.562475972,39120.6902865871,36946.3550013244,39022.6715909787,39527.054061017,40034.9209924872,38446.7874979744,40989.9994049237,38038.8170472768,34333.86030927
38812.1210762437,38625.9979116805,41656.732350761,36838.4002607792,37348.1712951595,34309.4500778437,37645.6991927218,38762.0118557079,37378.6444647541,39606.1588572315,41500.9583052489,38241.1485528266,37254.0454306898,36736.8850041909,38281.2154681581,36739.7721035821,40819.2232347973,39097.5384780711,39280.9784532021,37492.6388227199,38375.562475972,39120.6902865871,36946.3550013244,39022.6715909787,39527.054061017,40034.9209924872,38446.7874979744,40989.9994049237,38038.8170472768,34333.86030927
38812.1210762437,38625.9979116805,41656.732350761,36838.4002607792,37348.1712951595,34309.4500778437,37645.6991927218,38762.0118557079,37378.6444647541,39606.1588572315,41500.9583052489,38241.1485528266,37254.0454306898,36736.8850041909,37550.8699671064,36739.7721035821,40819.2232347973,39097.5384780711,39280.9784532021,37492.6388227199,38375.562475972,39120.6902865871,36946.3550013244,39022.6715909787,38141.7327004193,38317.6536183445,38446.7874979744,40989.9994049237,38038.8170472768,34333.86030927
36115.6371484136,37380.3579646434,39620.0825873984,36838.4002607792,37348.1712951595,34309.4500778437,35392.8270564067,38410.8951970511,36672.2784709937,39606.1588572315,40543.6968814512,35098.0487813375,35624.8081190365,36736.8850041909,36349.8507265474,35813.4030342152,39453.7322545157,38515.6565243219,38542.826936892,37492.6388227199,37222.4511287476,39120.6902865871,36946.3550013244,38976.97120295,38094.4457497871,36877.8696068442,38446.7874979744,40456.5671125795,36090.6127496902,34333.86030927
36115.6371484136,37380.3579646434,38282.281921177,36838.4002607792,37348.1712951595,34309.4500778437,35392.8270564067,36739.3196938055,36672.2784709937,38891.3560458037,38340.1065558989,35098.0487813375,35624.8081190365,36736.8850041909,36349.8507265474,35072.0842153727,37720.5024060287,37025.4705547943,37140.5010583682,35683.2596729705,36173.2598343238,36486.2338937195,36946.3550013244,37999.8687285466,38094.4457497871,36877.8696068442,38296.4532729916,38981.2016378633,36090.6127496902,34333.86030927
36115.6371484136,37380.3579646434,38067.4015904871,34684.0033121605,37348.1712951595,33550.4742717068,35392.8270564067,36739.3196938055,36672.2784709937,38135.7978739472,38326.59019362,34612.4716623224,35624.8081190365,36736.8850041909,34255.1457133822,35072.0842153727,37541.0467421653,36856.6463247762,37140.5010583682,34554.2035325726,36140.1911856282,34646.8075786796,35193.9243007898,37715.8507601409,35592.0884676927,34615.873872446,38296.4532729916,38526.868059249,35790.2251107996,34333.86030927
35028.4898400232,34140.4165657219,34195.1191105945,32566.7817969158,34726.0396900178,33550.4742717068,35332.6064008184,33927.6012542003,35473.0081387731,35599.0551411193,34053.5575199992,34469.1558668285,34036.9827297489,34986.8606102574,31150.4882912966,33273.947706441,34257.2636815989,32233.4881672064,33938.3284986505,34476.9059055087,34102.7306244686,34411.2564948106,33362.4721001849,34304.3939179828,32849.2412542954,33185.1968669005,33956.9805914491,34598.6254625994,34285.156616358,32785.35425922
32996.9910575104,33345.1197353415,34195.1191105945,32423.4815358667,32163.4607398048,32321.7937806561,32056.8659207878,33169.5268160367,33394.9767122172,34045.3279432264,32712.0488144486,33458.6411554889,32036.6759296846,29928.041552381,25908.6222733588,32161.8927834832,32905.8527676307,32233.4881672064,33158.6234462074,33452.0600812825,32001.0718823297,31473.5238695834,32071.9520489745,34304.3939179828,3814.06989473126,27624.8304395469,32563.9327467865,33069.891701262,32571.3673478666,32785.35425922
31648.4661460584,33345.1197353415,31305.8484857795,31369.9923104088,32163.4607398048,32321.7937806561,31260.3080961821,28914.4641844206,32571.4993804994,31593.9832675952,27188.986795627,30758.4825865937,30183.5515699025,11246.4767356848,9757.08496563705,30954.3325752475,32716.9073785935,32207.1991065254,32361.3048536387,30793.8356391541,32001.0718823297,31473.5238695834,29153.3496933729,29905.8508506673,101.0909266107,8070.8904820863,29393.8266647758,9600.06870133452,30402.7710553327,31771.2659346908
28549.72093069,29745.6189631951,12056.789708791,30493.6449404612,29388.8737978617,31112.3492207785,30136.041946494,28914.4641844206,28413.5935506219,28786.5945578917,8493.99366787261,30281.3674909738,29120.3288860292,11246.4767356848,9749.31058259062,8991.81353745321,28178.5275975268,27558.5131038697,30097.9556404666,28680.7471256976,27549.8631878887,30729.9594766851,29153.3496933729,8990.56510797446,100.000001571918,7972.80375817056,8164.36548556907,9600.06870133452,30402.7710553327,26438.0494890335
