9504.86315758941,8596.49724675547,9736.56648737393,10180.7392481233,10790.1958987337,9893.8383339813,11024.2710275653,9550.39090249566,8676.7130821966,9660.57968952832,10898.8315690645,9817.37813390387,9284.52919684187,9490.85742185298,10142.4884446173,9300.13435013528,8407.24060299151,9504.58535322581,11076.2289372281,8353.27481316088,9915.76783650064,6888.54404855923,10000.8481709308,9524.89109068397,9375.72360108614,9157.56857744762,9095.19229151358,9739.78315566425,10069.7989363703,9976.25053282813
9481.83391818666,8596.49724675547,9553.48614761184,10180.7392481233,9951.24756094001,9403.93981664655,10612.0218177957,8120.15875533424,8676.7130821966,9361.1669953149,10725.2857483615,9108.44732423416,9284.52919684187,8178.56802816745,9049.82107667959,8972.46663026128,8407.24060299151,8683.03988651354,9685.56046799159,8353.27481316088,9059.73658856749,3739.29637924936,10000.8481709308,8977.174224609,9375.72360108614,8067.2466202218,8666.98076870899,9739.78315566425,5132.32194592526,8999.85900065805
9316.69744445569,7992.63166479394,9392.35278011535,10180.7392481233,6233.3681279101,9059.0500207845,10331.9951718875,8120.15875533424,8676.7130821966,9361.1669953149,9662.30679802767,8482.29602908026,9284.52919684187,8038.93308630114,9049.82107667959,6899.75411232891,8372.62199087713,7691.5159460254,5263.7448187227,8353.27481316088,9059.73658856749,3199.48248084813,8921.03482791879,8977.174224609,7385.59566465338,8010.16290690309,8666.98076870899,8641.94236240488,4302.44894989396,8999.85900065805
7944.68052400993,7776.2404555741,6094.66674944415,9046.14982431149,2044.19424840684,8556.99216618851,8654.46914345063,8120.15875533424,8676.7130821966,8255.50767943654,1732.16268772337,8482.29602908026,8630.29015125212,5037.16342185117,4496.88807436585,898.621263545217,7787.48741031376,7373.63267329841,1294.62947781379,7575.13696420612,8968.92833249189,971.093424067128,8921.03482791879,8544.66589597498,1999.91428641228,8010.16290690309,8110.21893518672,2226.11793707472,1322.55077809137,8999.85900065805
7944.68052400993,6203.12726127628,502.944624512873,2552.46000886008,345.34008614719,7536.61743969163,594.576132677797,8120.15875533424,6118.95555565515,1502.14003873827,419.922633555733,710.723478790036,8405.93125389514,630.557033881426,699.384083966003,208.633987312087,6332.90000118255,1188.94842279845,225.272095451736,4734.1558088649,1167.1709795674,219.366591658074,1363.82992265411,6612.99587684103,395.901651531972,6794.00975428695,4828.42736910635,352.853949617515,226.901547540278,7309.98632327393
246.539880487957,3635.50909518293,114.294383870414,145.464793887929,109.800321470138,154.150608725325,113.26400550322,2495.58334642227,3107.69791276773,121.951723052174,112.786505819702,118.924467074286,155.199245235343,114.594248697009,113.353943777284,105.104787769182,2894.33784534195,119.110731164613,106.558461492495,1363.91213330053,123.371261042917,104.11409278336,120.026860964479,1795.12508853323,107.761167216192,5951.69350159518,2712.36566350695,110.587441592739,103.068038647814,7156.87618336022
108.49815188428,3634.59281332833,100.098147095209,100.894246323595,100.079192216093,102.413774084187,100.080787103091,121.963505449788,1939.84781582508,100.575210994619,100.090123307274,100.458222128048,101.975115882873,100.15616759498,100.080788525322,100.04055754352,2893.37135846419,100.188562908671,100.052797504913,1363.56792511633,100.463387066272,100.031617550513,100.31181994491,1763.77438587005,100.099386554651,1439.40383973223,2712.1262478432,100.069693297954,100.032068055203,2993.63154227352
100.051289046942,3634.59280851093,100.001141425604,100.006666237105,100.000924797255,100.017124863218,100.001095847651,100.448721901028,1939.66440563249,100.006631588353,100.001215487067,100.003558461405,100.02172848743,100.003171640538,100.001597500084,100.000548876274,2893.37135298705,100.002475530394,100.000910778108,689.644371043244,100.002636709937,100.00062417947,100.003404788157,1763.77402070055,100.001602178531,1381.41868543112,2712.12624695791,100.000839144533,100.000633092991,2790.72231604788
100.000826277087,117.772918999083,100.000015768462,100.000090655225,100.000014400804,100.000370973753,100.000015295267,100.006452065491,1939.66439578538,100.000092519023,100.000024054929,100.000057292933,100.000400468286,100.00003692825,100.000018754881,100.000012225757,115.816404717309,100.000056434072,100.000011895297,104.938708571471,100.000046831852,100.000007889321,100.000039964406,120.323949386791,100.000019394042,1381.41527767614,152.862086571003,100.000015992513,100.000018258006,2789.80068664787
100.000013556458,100.020400052596,100.000000778476,100.000001247728,100.000000778098,100.000009400598,100.000000655641,100.000144672291,194.518896291411,100.00000095625,100.000000657356,100.000000746747,100.000008192986,100.000000580855,100.000000566496,100.000000622917,100.018642905128,100.00000108017,100.000000660857,100.005037772993,100.000000613524,100.000000559097,100.000000696346,100.035547305884,100.000000683186,1381.4152776247,100.235366296347,100.000000798521,100.000000805653,2789.80049296166
100.000000591739,100.000126849106,100.000000778476,100.000000661202,100.000000778098,100.000000540125,100.000000655641,100.000002622134,100.105792963788,100.000000535774,100.000000657356,100.000000737094,100.00000054512,100.000000580855,100.000000566496,100.000000622917,100.000087698688,100.000000795982,100.000000660857,100.00002870419,100.000000613524,100.000000559097,100.000000696346,100.000071158373,100.000000683186,183.354052504198,100.000632091713,100.000000798521,100.000000805653,2789.80049290427
100.000000591739,100.000000539363,100.000000778476,100.000000661202,100.000000778098,100.000000540125,100.000000655641,100.000000644079,100.000108190723,100.000000535774,100.000000657356,100.000000737094,100.00000054512,100.000000580855,100.000000566496,100.000000622917,100.000000553166,100.000000795982,100.000000660857,100.000000673737,100.000000613524,100.000000559097,100.000000696346,100.000000647841,100.000000683186,100.022802872939,100.000002249604,100.000000798521,100.000000805653,2789.80049290427
100.000000591739,100.000000539363,100.000000778476,100.000000661202,100.000000778098,100.000000540125,100.000000655641,100.000000644079,100.000000490235,100.000000535774,100.000000657356,100.000000737094,100.00000054512,100.000000580855,100.000000566496,100.000000622917,100.000000553166,100.000000795982,100.000000660857,100.000000673737,100.000000613524,100.000000559097,100.000000696346,100.000000647841,100.000000683186,100.000004572166,100.000000526988,100.000000798521,100.000000805653,2789.80049290427
100.000000591739,100.000000539363,100.000000778476,100.000000661202,100.000000778098,100.000000540125,100.000000655641,100.000000644079,100.000000490235,100.000000535774,100.000000657356,100.000000737094,100.00000054512,100.000000580855,100.000000566496,100.000000622917,100.000000553166,100.000000795982,100.000000660857,100.000000673737,100.000000613524,100.000000559097,100.000000696346,100.000000647841,100.000000683186,100.000000487854,100.000000526988,100.000000798521,100.000000805653,2789.80049290427
