10063.2766550744,8613.70946088571,13920.5606383781,9231.33482192297,12391.8347928798,6270.21719964635,7704.5711944804,9090.58508082316,7387.90257794363,11899.3814043785,7630.55445264324,10369.9693391199,9608.11827732124,5693.6536444907,8249.71433335805,4389.70792968512,7218.14717682513,8487.28845521593,7032.80295839602,11587.784980535,12781.6566764631,12249.4040124668,7218.97154259323,9568.92972570157,12072.9316147916,7886.04051553418,10578.8689042914,9876.96552105441,13881.7930498182,5495.67072930666
10063.2766550744,7044.42992871968,13473.6149398568,8252.18932462625,11261.7073822233,6270.21719964635,7353.53224703928,8714.20002214231,7293.46327837357,10768.8968787139,7630.55445264324,9585.34647612746,9485.92270570208,5693.6536444907,8249.71433335805,4389.70792968512,7218.14717682513,8487.28845521593,5216.56334575264,11587.784980535,12572.1122958675,12249.4040124668,6969.47526140925,8884.69012393589,12072.9316147916,5718.85721087143,10184.9466252779,9777.88584273005,13881.7930498182,5280.03599630475
8500.94869072226,4735.78204554665,13473.6149398568,7168.05665958189,10532.8092994042,6270.21719964635,7353.53224703928,8714.20002214231,6455.98778025384,10475.05353674,7617.07713147279,9165.62046480205,8403.8106235333,5693.6536444907,8169.49975297962,4389.70792968512,6557.48377865746,8487.28845521593,4687.97823051682,11484.94164958,12394.3515939723,11296.9372336333,6969.47526140925,8884.69012393589,11977.681656648,4757.24348071391,9669.34972733059,8560.42713097278,13734.9248903386,4970.10999167588
6972.81765432217,2799.16681171212,12306.7626572069,5128.58162261743,10532.8092994042,5152.74259483741,5988.63349931517,8714.20002214231,6455.98778025384,8025.05136258189,7617.07713147279,6585.37602906216,6536.92937594208,4286.66316671365,8169.49975297962,3838.67638166741,5850.19806643353,8487.28845521593,3254.0647212359,8276.34368455413,12394.3515939723,11296.9372336333,5164.37869318329,8210.36142763838,11977.681656648,3155.36164918677,7843.83424486881,6406.44908573082,13734.9248903386,4970.10999167588
4441.77505598956,2146.24329185336,9394.64983512316,2381.98929919112,8308.91873697181,3750.46673206561,3783.57766290493,6973.12845478016,5201.80083603665,4609.82860483984,6178.34347364352,3362.73521616427,4461.82059452225,3660.01496177542,5408.67071923688,3208.93333167806,3720.44979481739,6494.92602581229,1984.32456656583,4081.43957215882,8465.73588590219,9334.65591189659,3350.92883781507,6686.96287246536,7573.22984720331,2262.55444789061,4042.34343549825,3107.41928607736,8295.25532648686,4045.04786829987
2284.12372320198,1437.24079107612,3536.67051932793,1502.34485278432,3726.3539526647,2647.47271120142,2530.91769385383,3545.31932426992,3196.12075882857,2282.52232645097,3400.92760893053,2211.03549345034,3109.21139786642,2400.29875173855,3503.47236432883,2273.49627344992,2310.3488616832,4312.75841817431,1398.03676057006,2719.91578748468,3540.27450109215,4957.5503495747,2805.29457168251,3409.06563492178,3582.52023711843,1553.30063147403,2475.57523489945,2349.83271724788,3847.64106965124,2756.63289469267
1778.31491976553,940.381035396983,3306.86339389937,1325.87847154944,2996.965006701,1961.61552688661,1823.12595823276,3005.954755623,3196.12075882857,1726.77762729599,2938.53367668367,1704.13996237915,2058.96500929316,1803.95659601503,2608.87474652262,1788.32278436525,1881.07490167065,2916.87779998694,958.130995187056,1971.95833348415,3154.98112890695,3186.29049221533,1910.849408837,2878.78484188969,2802.41446231118,1334.21766275356,1951.6775436364,1681.69007005018,3051.68894054098,2756.63289469267
1561.64210047282,576.34620597328,3306.86339389937,730.675002293454,2996.965006701,1638.51588632171,1589.14008897912,3005.954755623,3196.12075882857,1575.53603436399,2938.53367668367,1536.18551013103,1675.47037655221,1644.19737916057,2608.87474652262,1456.03381839454,1586.49314232923,2916.87779998694,560.272236842935,1668.63260406733,3154.98112890695,3186.29049221533,1609.79940092283,2878.78484188969,2802.41446231118,603.96415450839,1556.61318712156,1460.09535260015,3051.68894054098,2756.63289469267
1431.95717555465,576.171164582613,3306.86339389937,573.481846831691,2996.965006701,1450.6026429985,1476.24623571387,3005.954755623,3196.12075882857,1404.79148178719,2938.53367668367,1416.35834776592,1490.21916412691,1507.48619037638,2608.87474652262,1395.34837445594,1436.72019495797,2916.87779998694,560.105523009428,1476.70033106887,3154.98112890695,3186.29049221533,1533.9265666031,2878.78484188969,2802.41446231118,565.998132111979,1394.02075280749,1402.17789581358,3051.68894054098,2756.63289469267
1360.75424883101,576.17049263996,3306.86339389937,572.912390727372,2996.965006701,1387.98628121793,1368.99931351125,3005.954755623,3196.12075882857,1350.17449682088,2938.53367668367,1355.25614359781,1395.95882919473,1446.36872951068,2608.87474652262,1328.14756835841,1361.98145991229,2916.87779998694,560.104969291517,1395.58816490464,3154.98112890695,3186.29049221533,1379.63850690182,2878.78484188969,2802.41446231118,565.934660143865,1308.15888587112,1273.42852686543,2816.16032380567,2756.63289469267
1360.75424883101,576.17046818786,3233.95561998259,572.9119116217,2996.965006701,1387.98628121793,1368.99931351125,3005.954755623,2958.24819937982,1350.17449682088,2486.13428769046,1355.25614359781,1395.95882919473,1446.36872951068,2608.87474652262,1328.14756835841,1340.6911735175,2916.87779998694,560.104948971618,1395.58816490464,3154.98112890695,2893.45126292539,1379.63850690182,2878.78484188969,2802.41446231118,565.933498064074,1308.15888587112,1273.42852686543,2816.16032380567,2756.63289469267
1360.75424883101,576.170464417315,2997.04506406329,572.911910641138,2996.965006701,1387.98628121793,1368.99931351125,2900.88433493398,2697.17867407502,1350.17449682088,2436.33278244976,1355.25614359781,1395.95882919473,1446.36872951068,2608.87474652262,1328.14756835841,1340.6911735175,2916.87779998694,560.10494742386,1395.58816490464,3096.71288738982,2707.08144372407,1379.63850690182,2878.78484188969,2802.41446231118,565.933378867306,1308.15888587112,1273.42852686543,2816.16032380567,2659.74324227556
1360.75424883101,576.17046402757,2997.04506406329,572.911910640644,2996.965006701,1387.98628121793,1368.99931351125,2900.88433493398,2584.32950659799,1350.17449682088,2436.33278244976,1355.25614359781,1395.95882919473,1446.36872951068,2608.87474652262,1328.14756835841,1340.6911735175,2916.87779998694,560.104947263701,1395.58816490464,3096.71288738982,2707.08144372407,1379.63850690182,2878.78484188969,2649.10349309497,565.933367309152,1308.15888587112,1273.42852686543,2631.44141508562,2659.74324227556
1360.75424883101,576.17046402757,2680.97488017176,572.911910640644,2656.5154795229,1387.98628121793,1368.99931351125,2565.97649632416,2584.32950659799,1350.17449682088,2436.33278244976,1355.25614359781,1395.95882919473,1446.36872951068,2350.6206625602,1328.14756835841,1340.6911735175,2916.87779998694,560.104947263701,1395.58816490464,2410.8848161657,2386.05261632355,1379.63850690182,2821.01331515035,2649.10349309497,565.933367309152,1308.15888587112,1273.42852686543,2631.44141508562,2659.74324227556
