10444.5558644776,10308.8457951467,13920.5606383781,9898.54920366367,13124.3857248483,6502.23076055879,7798.73092790081,9327.73494850058,7509.57836473222,12851.1105144351,7893.19886566272,11144.3262753062,10200.2653531072,6072.06859431698,8799.05445919264,4637.64251153566,7736.70586105764,9137.4251463726,8564.23699628163,12715.1386563849,13520.9279469679,14321.2830200162,7750.99273613473,9971.69123522732,12693.7950757584,8850.64304764155,11447.3949581926,11577.238916953,14133.3387769448,5661.60738413501
10444.5558644776,10308.8457951467,13920.5606383781,9898.54920366367,13124.3857248483,6502.23076055879,7798.73092790081,9327.73494850058,7509.57836473222,12851.1105144351,7893.19886566272,11144.3262753062,10200.2653531072,6072.06859431698,8799.05445919264,4637.64251153566,7736.70586105764,9137.4251463726,8564.23699628163,12715.1386563849,13520.9279469679,14321.2830200162,7750.99273613473,9971.69123522732,12693.7950757584,8850.64304764155,11447.3949581926,11577.238916953,14133.3387769448,5661.60738413501
10444.5558644776,10308.8457951467,13920.5606383781,9898.54920366367,13124.3857248483,6502.23076055879,7798.73092790081,9327.73494850058,7509.57836473222,12851.1105144351,7893.19886566272,11144.3262753062,10200.2653531072,6072.06859431698,8799.05445919264,4637.64251153566,7736.70586105764,9137.4251463726,8564.23699628163,12715.1386563849,13520.9279469679,14321.2830200162,7750.99273613473,9971.69123522732,12693.7950757584,8850.64304764155,11447.3949581926,11577.238916953,14133.3387769448,5661.60738413501
10444.5558644776,10308.8457951467,13920.5606383781,9898.54920366367,13124.3857248483,6502.23076055879,7798.73092790081,9327.73494850058,7509.57836473222,12851.1105144351,7893.19886566272,11144.3262753062,10200.2653531072,6072.06859431698,8799.05445919264,4637.64251153566,7736.70586105764,9137.4251463726,8564.23699628163,12715.1386563849,13520.9279469679,14321.2830200162,7750.99273613473,9971.69123522732,12693.7950757584,8850.64304764155,11447.3949581926,11577.238916953,14133.3387769448,5661.60738413501
10444.5558644776,10308.8457951467,13920.5606383781,9898.54920366367,13124.3857248483,6502.23076055879,7798.73092790081,9327.73494850058,7509.57836473222,12851.1105144351,7893.19886566272,11144.3262753062,10200.2653531072,6072.06859431698,8799.05445919264,4637.64251153566,7736.70586105764,9137.4251463726,8564.23699628163,12715.1386563849,13520.9279469679,14321.2830200162,7750.99273613473,9971.69123522732,12693.7950757584,8850.64304764155,11447.3949581926,11577.238916953,14133.3387769448,5661.60738413501
10444.5558644776,10308.8457951467,13920.5606383781,9898.54920366367,13124.3857248483,6502.23076055879,7798.73092790081,9327.73494850058,7509.57836473222,12851.1105144351,7893.19886566272,11144.3262753062,10200.2653531072,6072.06859431698,8799.05445919264,4637.64251153566,7736.70586105764,9137.4251463726,8564.23699628163,12715.1386563849,13520.9279469679,14321.2830200162,7750.99273613473,9971.69123522732,12693.7950757584,8850.64304764155,11447.3949581926,11577.238916953,14133.3387769448,5661.60738413501
10444.5558644776,10308.8457951467,13920.5606383781,9898.54920366367,13124.3857248483,6502.23076055879,7798.73092790081,9327.73494850058,7509.57836473222,12851.1105144351,7893.19886566272,11144.3262753062,10200.2653531072,6072.06859431698,8799.05445919264,4637.64251153566,7736.70586105764,9137.4251463726,8564.23699628163,12715.1386563849,13520.9279469679,14321.2830200162,7750.99273613473,9971.69123522732,12693.7950757584,8850.64304764155,11447.3949581926,11577.238916953,14133.3387769448,5661.60738413501
10444.5558644776,10308.8457951467,13920.5606383781,9898.54920366367,13124.3857248483,6502.23076055879,7798.73092790081,9327.73494850058,7509.57836473222,12851.1105144351,7893.19886566272,11144.3262753062,10200.2653531072,6072.06859431698,8799.05445919264,4637.64251153566,7736.70586105764,9137.4251463726,8564.23699628163,12715.1386563849,13520.9279469679,14321.2830200162,7750.99273613473,9971.69123522732,12693.7950757584,8850.64304764155,11447.3949581926,11577.238916953,14133.3387769448,5661.60738413501
10444.5558644776,9848.90293971416,13920.5606383781,9298.92880276093,13124.3857248483,6502.23076055879,7798.73092790081,9327.73494850058,7509.57836473222,12851.1105144351,7893.19886566272,11144.3262753062,10200.2653531072,6072.06859431698,8799.05445919264,4637.64251153566,7736.70586105764,9137.4251463726,8356.54455610273,12715.1386563849,13520.9279469679,14321.2830200162,7750.99273613473,9971.69123522732,12693.7950757584,8850.64304764155,11447.3949581926,11577.238916953,14133.3387769448,5661.60738413501
10301.7399739931,9788.26756755395,13920.5606383781,9247.33291121725,13124.3857248483,6270.21719964635,7798.73092790081,9327.73494850058,7509.57836473222,12611.2117860104,7893.19886566272,11012.1535898646,10159.0767692503,5693.6536444907,8799.05445919264,4637.64251153566,7218.14717682513,9137.4251463726,8033.30530412974,12458.3888131296,13520.9279469679,14321.2830200162,7708.23238824053,9971.69123522732,12693.7950757584,8587.02598673745,11358.7546908504,10945.8753092171,14133.3387769448,5661.60738413501
10063.2766550744,8613.70946088571,13920.5606383781,9231.33482192297,12391.8347928798,6270.21719964635,7704.5711944804,9090.58508082316,7387.90257794363,11899.3814043785,7630.55445264324,10369.9693391199,9608.11827732124,5693.6536444907,8249.71433335805,4389.70792968512,7218.14717682513,8487.28845521593,7032.80295839602,11587.784980535,12781.6566764631,12249.4040124668,7218.97154259323,9568.92972570157,12072.9316147916,7886.04051553418,10578.8689042914,9876.96552105441,13881.7930498182,5495.67072930666
10063.2766550744,5116.9226403992,13473.6149398568,7168.05665958189,10532.8092994042,6270.21719964635,7353.53224703928,8714.20002214231,6455.98778025384,10768.8968787139,7617.07713147279,9585.34647612746,8403.8106235333,5693.6536444907,8169.49975297962,4389.70792968512,7218.14717682513,8487.28845521593,4841.17404232626,11587.784980535,12572.1122958675,11709.3433992266,6969.47526140925,8884.69012393589,11977.681656648,5718.85721087143,10184.9466252779,9777.88584273005,13734.9248903386,4970.10999167588
6086.47823581469,2799.16681171212,10095.3869544495,3288.74222727785,9749.83945558944,4816.31280837978,5951.569775012,7224.42813291365,5201.80083603665,7276.31717368252,6784.03396830222,5042.18946665167,6536.92937594208,4286.66316671365,8169.49975297962,3838.67638166741,4628.91706181088,7030.53169831665,2741.34251085618,7029.04042853752,10591.1369230379,10897.9982243354,5164.37869318329,6686.96287246536,10658.1530033342,3032.58260793531,5564.92133282275,5772.44614301922,11272.30175215,4970.10999167588
2947.13143935584,1611.18181210096,6056.03919850359,1735.28633644001,4069.15405126328,2834.78855411801,2910.92526106452,4612.02450480073,3765.88347555033,2765.68478551913,4912.98471317756,2610.86410925773,3212.95625566523,2542.07850909582,4727.18484753666,2832.5389987723,2658.80512556025,5295.06615076371,1518.7636380309,3406.05922424902,4868.71954603537,6237.21692908245,3013.73236736033,3862.56706958384,4891.18232974795,1784.31894400763,2880.87082749921,2618.69887603548,5403.04297657103,3392.73741264201
1561.64210047282,576.384245581551,3306.86339389937,744.012548710037,2996.965006701,1638.51588632171,1589.14008897912,3005.954755623,3196.12075882857,1575.53603436399,2938.53367668367,1536.18551013103,1675.47037655221,1644.19737916057,2608.87474652262,1506.95283613401,1586.49314232923,2916.87779998694,560.313556580282,1668.63260406733,3154.98112890695,3186.29049221533,1609.79940092283,2878.78484188969,2802.41446231118,608.017092661112,1556.61318712156,1460.09535260015,3051.68894054098,2756.63289469267
1360.75424883101,576.17046402757,2680.97488017176,572.911910640644,2656.5154795229,1387.98628121793,1368.99931351125,2565.97649632416,2584.32950659799,1350.17449682088,2436.33278244976,1355.25614359781,1395.95882919473,1446.36872951068,2350.6206625602,1328.14756835841,1340.6911735175,2916.87779998694,560.104947263701,1395.58816490464,2410.8848161657,2386.05261632355,1379.63850690182,2821.01331515035,2649.10349309497,565.933367309152,1308.15888587112,1273.42852686543,2631.44141508562,2659.74324227556
