13479.0277754812,12241.2999734103,16255.7529504039,13672.6600601071,25139.9560866537,20834.7120238141,18804.3067286406,10560.1684396223,20261.6464141189,13167.8946661001,18564.9379118436,23982.2530937148,17222.461570075,22409.0640683047,21176.7807374935,25680.0962225916,16269.5501112729,18172.5470874303,16015.7618223608,17730.6297059585,27243.3861528935,19596.6753178581,13235.8337654022,32217.8195680609,17593.5961962611,23767.928458112,18279.7685817206,23893.64125353,18039.7470039399,11621.7029016799
13479.0277754812,12241.2999734103,16255.7529504039,13672.6600601071,25139.9560866537,20834.7120238141,18804.3067286406,10560.1684396223,20261.6464141189,13167.8946661001,18564.9379118436,23982.2530937148,17222.461570075,22409.0640683047,21176.7807374935,25680.0962225916,16269.5501112729,18172.5470874303,16015.7618223608,17730.6297059585,27243.3861528935,19596.6753178581,13235.8337654022,32217.8195680609,17593.5961962611,23767.928458112,18279.7685817206,23893.64125353,18039.7470039399,11621.7029016799
13479.0277754812,12241.2999734103,16255.7529504039,13672.6600601071,25139.9560866537,20834.7120238141,18804.3067286406,10560.1684396223,20261.6464141189,13167.8946661001,18564.9379118436,23982.2530937148,17222.461570075,22409.0640683047,21176.7807374935,25680.0962225916,16269.5501112729,18172.5470874303,16015.7618223608,17730.6297059585,27243.3861528935,19596.6753178581,13235.8337654022,32217.8195680609,17593.5961962611,23767.928458112,18279.7685817206,23893.64125353,18039.7470039399,11621.7029016799
13479.0277754812,12241.2999734103,16255.7529504039,13672.6600601071,25139.9560866537,20834.7120238141,18804.3067286406,10560.1684396223,20261.6464141189,13167.8946661001,18564.9379118436,23982.2530937148,17222.461570075,22409.0640683047,21176.7807374935,25680.0962225916,16269.5501112729,18172.5470874303,16015.7618223608,17730.6297059585,27243.3861528935,19596.6753178581,13235.8337654022,32217.8195680609,17593.5961962611,23767.928458112,18279.7685817206,23893.64125353,18039.7470039399,11621.7029016799
13479.0277754812,12241.2999734103,16255.7529504039,13672.6600601071,25139.9560866537,20834.7120238141,18804.3067286406,10560.1684396223,20261.6464141189,13167.8946661001,18564.9379118436,23982.2530937148,17222.461570075,22409.0640683047,21176.7807374935,25680.0962225916,16269.5501112729,18172.5470874303,16015.7618223608,17730.6297059585,27243.3861528935,19596.6753178581,13235.8337654022,32217.8195680609,17593.5961962611,23767.928458112,18279.7685817206,23893.64125353,18039.7470039399,11621.7029016799
13479.0277754812,12241.2999734103,16255.7529504039,13672.6600601071,25139.9560866537,20834.7120238141,18804.3067286406,10560.1684396223,20261.6464141189,13167.8946661001,18564.9379118436,23982.2530937148,17222.461570075,22409.0640683047,21176.7807374935,25680.0962225916,16269.5501112729,18172.5470874303,16015.7618223608,17730.6297059585,27243.3861528935,19596.6753178581,13235.8337654022,32217.8195680609,17593.5961962611,23767.928458112,18279.7685817206,23893.64125353,18039.7470039399,11621.7029016799
13479.0277754812,12241.2999734103,16255.7529504039,13672.6600601071,25139.9560866537,20834.7120238141,18804.3067286406,10560.1684396223,20261.6464141189,13167.8946661001,18564.9379118436,23982.2530937148,17222.461570075,22409.0640683047,21176.7807374935,25680.0962225916,16269.5501112729,18172.5470874303,16015.7618223608,17730.6297059585,27243.3861528935,19596.6753178581,13235.8337654022,32217.8195680609,17593.5961962611,23767.928458112,18279.7685817206,23893.64125353,18039.7470039399,11621.7029016799
13479.0277754812,12241.2999734103,16255.7529504039,13672.6600601071,25139.9560866537,20834.7120238141,18804.3067286406,10560.1684396223,20261.6464141189,13167.8946661001,18564.9379118436,23982.2530937148,17222.461570075,22409.0640683047,21176.7807374935,25680.0962225916,16269.5501112729,18172.5470874303,16015.7618223608,17730.6297059585,27243.3861528935,19596.6753178581,13235.8337654022,32217.8195680609,17593.5961962611,23767.928458112,18279.7685817206,23893.64125353,18039.7470039399,11621.7029016799
13479.0277754812,12241.2999734103,16255.7529504039,13672.6600601071,25139.9560866537,20834.7120238141,18804.3067286406,10560.1684396223,20261.6464141189,13167.8946661001,18564.9379118436,23982.2530937148,17222.461570075,22409.0640683047,21176.7807374935,25680.0962225916,16269.5501112729,18172.5470874303,16015.7618223608,17730.6297059585,27243.3861528935,19596.6753178581,13235.8337654022,32217.8195680609,17593.5961962611,23767.928458112,18279.7685817206,23893.64125353,18039.7470039399,11621.7029016799
13479.0277754812,12241.2999734103,16255.7529504039,13672.6600601071,25139.9560866537,20834.7120238141,18804.3067286406,10560.1684396223,20261.6464141189,13167.8946661001,18564.9379118436,23982.2530937148,17222.461570075,22409.0640683047,21176.7807374935,25680.0962225916,16269.5501112729,18172.5470874303,16015.7618223608,17730.6297059585,27243.3861528935,19596.6753178581,13068.2814112337,32217.8195680609,17593.5961962611,23767.928458112,18279.7685817206,22642.3891868276,18039.7470039399,11621.7029016799
13479.0277754812,11590.9576979869,15690.8558348056,13538.3820354379,24440.3206004789,19243.647928736,18316.7866437313,10218.6093452923,19913.3665760882,12670.467201073,18564.9379118436,23982.2530937148,16952.2232777905,22409.0640683047,19991.449336966,24145.9706676246,15277.2391910981,17744.9744776432,15122.9477769261,17224.1760666853,26656.3854365959,19596.6753178581,12654.8682486805,18366.037783002,17593.5961962611,22722.1011115712,18189.4013906563,22642.3891868276,17333.7150484006,11601.8410882397
13109.4134443367,11157.1345166429,15419.0353371566,12459.3892567432,23863.7058473563,18966.5893065081,16704.5064617335,10071.1742766786,17863.6389798813,12089.000847029,17956.3010089558,21317.2879924698,16952.2232777905,21464.6495054928,19241.6986725168,23243.7970163066,15277.2391910981,15478.0628667871,14101.4829583416,16292.1904364334,25531.3003001249,17893.0689167682,12654.8682486805,17355.657657519,16616.9294976233,22034.8919391272,16219.2154912247,21537.668255501,16698.7496919862,11601.8410882397
13109.4134443367,8628.89156577297,14369.2263275858,10510.7233456945,22460.3374420178,14843.3559091735,13946.0527342446,9844.19485613066,15678.0926106561,8325.80621148703,15675.9915022837,18322.618830609,10195.5082592088,17077.5519924743,16752.4459112072,17636.7606528188,14938.416592693,11297.8764270218,13985.6843347528,12382.0986259927,20990.9539224014,14021.7335479946,8330.94787009615,13680.5164527026,13620.6630516216,16629.5723495175,15332.423741742,10203.6627932457,12406.84463441,9463.10203787034
7025.20550609981,6227.26937250478,8664.72031422256,6795.42015338977,10095.5883089101,7701.37811693402,6374.68330085887,6192.09886317038,9077.98339617549,4470.90328987249,8157.98461238362,7708.05021295036,4841.7828799834,7818.78800070637,8418.11533044529,8299.62392028665,7410.08112970321,7442.90220924435,7019.80569937256,6340.87932727356,8783.65155967293,7687.70568610839,4324.95509795723,7607.01455132137,6664.1769128512,6936.43295874077,8162.92673938704,4663.82734676439,7281.80274235417,6471.71667064018
4077.91007498682,5719.91282856377,5073.76869699931,4804.28251675235,5493.73528314747,5213.79882133349,4622.62893730331,3994.67840399129,4895.37800030905,1895.17055806542,5036.72592008533,4645.68046645179,2107.04426161879,5072.29670629018,5467.63511797135,5224.9693128943,4513.90481013102,3692.95001002045,4488.97528365131,4628.98306811906,5952.79865120354,5157.65549714452,1960.65394804091,5369.08364734449,4875.67016927076,5091.71278210641,4429.19448455589,1812.07214128379,4567.49125674386,3963.93550589552
3118.67141331588,3164.0837471763,2979.51504356707,3998.48404827941,3252.10435706423,3550.39446169488,3433.82923819216,2861.0895178742,3002.63011339967,1570.48112662152,3368.41948870329,3797.89070929812,1602.07850134445,3070.74045403683,3560.41447260162,3437.52122507587,3120.00242530708,2951.12416071391,3043.28287402027,3017.26342788567,3261.4547507394,3613.42104527649,1634.41058258321,3557.16420408037,2773.91066948486,2796.72370863327,3755.41502076462,1658.53420151005,3420.00501864762,3415.55162348826
