2534.16011521746,4332.91801849972,4393.03685877724,4824.29922225543,6513.12666253631,5016.45261815154,5022.9380668659,2420.17897896171,3277.85423928327,3011.70862483857,3612.35079061019,2844.70531398991,4959.14806455234,5552.52629456563,3877.45173344355,2595.12125271577,4603.04462958267,1878.86420835272,4300.61037532908,2023.01134976298,3313.88085193634,4529.07287336783,4252.01422677282,4900.89894733923,2989.30391920196,5542.55138637498,4326.2416104,4328.72806547913,7538.57167573484,3465.02691656556
2534.16011521746,4332.91801849972,4393.03685877724,4824.29922225543,6513.12666253631,5016.45261815154,5022.9380668659,2420.17897896171,3277.85423928327,3011.70862483857,3612.35079061019,2844.70531398991,4959.14806455234,5552.52629456563,3877.45173344355,2595.12125271577,4603.04462958267,1878.86420835272,4300.61037532908,2023.01134976298,3313.88085193634,4529.07287336783,4252.01422677282,4900.89894733923,2989.30391920196,5542.55138637498,4326.2416104,4328.72806547913,7538.57167573484,3465.02691656556
2534.16011521746,4332.91801849972,4393.03685877724,4824.29922225543,6513.12666253631,5016.45261815154,5022.9380668659,2420.17897896171,3277.85423928327,3011.70862483857,3612.35079061019,2844.70531398991,4959.14806455234,5552.52629456563,3877.45173344355,2595.12125271577,4603.04462958267,1878.86420835272,4300.61037532908,2023.01134976298,3313.88085193634,4529.07287336783,4252.01422677282,4900.89894733923,2989.30391920196,5542.55138637498,4326.2416104,4328.72806547913,7538.57167573484,3465.02691656556
2534.16011521746,4332.91801849972,4393.03685877724,4824.29922225543,6513.12666253631,5016.45261815154,5022.9380668659,2420.17897896171,3277.85423928327,3011.70862483857,3612.35079061019,2844.70531398991,4959.14806455234,5552.52629456563,3877.45173344355,2595.12125271577,4603.04462958267,1878.86420835272,4300.61037532908,2023.01134976298,3313.88085193634,4529.07287336783,4252.01422677282,4900.89894733923,2989.30391920196,5542.55138637498,4326.2416104,4328.72806547913,7538.57167573484,3465.02691656556
2534.16011521746,4332.91801849972,4393.03685877724,4824.29922225543,6513.12666253631,5016.45261815154,5022.9380668659,2420.17897896171,3277.85423928327,3011.70862483857,3612.35079061019,2844.70531398991,4959.14806455234,5552.52629456563,3877.45173344355,2595.12125271577,4603.04462958267,1878.86420835272,4300.61037532908,2023.01134976298,3313.88085193634,4529.07287336783,4252.01422677282,4900.89894733923,2989.30391920196,5542.55138637498,4326.2416104,4328.72806547913,7538.57167573484,3465.02691656556
2534.16011521746,4332.91801849972,4393.03685877724,4824.29922225543,6513.12666253631,5016.45261815154,5022.9380668659,2420.17897896171,3277.85423928327,3011.70862483857,3612.35079061019,2844.70531398991,4959.14806455234,5552.52629456563,3877.45173344355,2595.12125271577,4603.04462958267,1878.86420835272,4300.61037532908,2023.01134976298,3313.88085193634,4529.07287336783,4252.01422677282,4900.89894733923,2989.30391920196,5542.55138637498,4326.2416104,4328.72806547913,7538.57167573484,3465.02691656556
2534.16011521746,4332.91801849972,4323.57697699975,4634.30225834904,6285.69440010304,5016.45261815154,4646.82170981475,2420.17897896171,3149.75989305503,2854.12330314877,3456.43006001612,2844.70531398991,4816.8233243369,5552.52629456563,3877.45173344355,2364.26575279117,4346.4542368482,1741.38298064836,4300.61037532908,2003.3226063078,3157.78695227138,4055.55833317349,3987.04775554045,4668.24950670659,2881.83798636433,5542.55138637498,4164.42539618815,4068.33459389786,7198.80530094796,3465.02691656556
2469.71280056034,4042.8542624217,3363.10209254482,4634.30225834904,5700.22551679858,4576.50511365244,4227.83880825518,2339.61182922031,2855.57795279185,2621.45341765328,2932.61745605589,2740.25919786243,4007.88891230736,5267.50317463702,3566.30098777602,2364.26575279117,3914.32242975511,1689.54784743572,4040.2140417564,1990.84331457651,2923.63921881678,3651.05223793965,3709.28000331499,4534.84466706023,2721.69944697142,5370.23494568616,3666.99600118891,3606.4197896345,6865.62087503965,3259.05294620488
1910.83730530067,3728.21023694341,2168.86691722114,3868.27259843215,4736.71073440679,3778.88718079417,3053.35414114864,2159.43440287617,2191.36779829491,2195.10123265386,2450.47696875597,2606.51835939283,1995.0350232834,4956.44757998552,3085.32572608354,2147.9707907078,3691.53144551575,1500.6244820209,3725.4756250141,1831.00425860528,2257.20871640431,2930.5174953842,1868.01651003116,3682.60651241218,2420.93607560051,5039.32601400376,2736.36686306771,3116.87399335788,4765.9276777276,3071.86600709883
1832.49327835589,2883.84611218404,1599.76121825471,3042.14254017094,2196.72223250992,3052.01347670407,2367.20841500125,1986.2153566996,1438.11020972432,1924.9174302769,1961.06171118519,1821.9788654106,1272.60301409363,3353.37813554702,2623.43820264669,1968.07533339548,2195.02270461974,1194.02304453625,2388.43768099165,1490.86536052203,1370.94101453244,2143.81949728467,1273.1477557944,2034.89514887014,1813.74473114314,3584.35354316851,1571.47413616718,2175.740253869,2547.24768936433,2125.67113448663
1388.37291472565,1686.90654714697,1018.20457978836,1086.8698459438,1097.15520229639,1594.73423081238,1077.07999061511,1176.65025133663,980.246574762425,1297.14908403915,1112.69131847999,1522.27431432806,856.79346185804,2286.24197525268,1429.88050183631,1486.71227451718,1143.21975593045,1084.19492639977,1508.81445187684,1192.71346180547,890.996417596933,923.60191560636,810.512116637998,892.614962271592,992.879230665783,2293.70164590865,1078.10111655098,1166.36935798902,1158.15484041912,1345.80906776209
963.517502837379,947.876503445359,703.789961081777,797.774479170564,829.371404148004,1149.60329481819,735.77015693071,822.283412079379,831.534047851921,832.371429449824,778.699850683674,998.927675995104,693.932732365264,882.936642995978,907.244751554569,853.973770507416,796.252854192968,877.796259677759,884.130869359649,835.453204014756,743.812959590482,785.593443695929,658.521953736265,732.970090252235,742.723128141892,1013.33901203272,737.253177659376,765.159956181637,815.72453790901,847.865219933022
710.718952432779,734.133484079089,611.606568991802,646.670805931345,626.882036646191,708.037896783674,627.098336471918,641.375170121584,613.690668024092,637.516978117966,627.873441520801,720.17278490992,599.571422173583,725.997700295536,681.714454920051,609.659132815193,646.438544724931,631.288242164449,658.43408599884,646.15278750267,615.459671630427,630.259732562687,590.789460609543,620.273755555434,654.120475825453,773.315146550588,617.647302273218,604.930149880155,592.283928015817,676.007001085446
581.434105265182,614.157862817789,426.534009728578,618.501024707397,478.963210527531,574.523796129044,422.685595616896,436.098293315035,446.350612523701,427.301096888748,427.756410179355,620.774663340843,418.488292179663,588.15080674736,613.095137981941,489.649044682378,439.438813303661,430.47746752776,590.321201967929,427.655471880422,448.181070998372,423.009580600649,424.318249721671,447.587751243374,427.557980292653,598.078844591533,424.338076486878,447.472704801753,237.036905669801,604.875619913902
581.434105265182,583.8996108463,426.507951433793,618.501024707397,425.454013850555,574.523796129044,420.721935762711,430.992812936342,416.538674974753,423.164418985711,421.979151781104,620.774663340843,223.467106469412,588.15080674736,613.095137981941,421.50535555437,423.488315309492,423.970979525104,590.321201967929,423.449826530498,419.823506907226,420.937379386274,424.273117533891,425.578985090765,421.216922892914,598.078844591533,424.324630718825,419.351448824182,200.000378672816,604.875619913902
581.434105265182,583.8996108463,100.00000050962,413.80443664194,425.454013728137,574.523796129044,420.721935758579,430.992812933239,416.538674955269,423.164418981245,421.979151776792,620.774663340843,200.000000096697,588.15080674736,458.491273214584,421.505355355849,423.488315294695,423.970979512314,590.321201967929,423.449826527383,419.823506875903,420.937379376262,200.000000076648,425.578985075478,421.216922885663,598.078844591533,200.000000102904,419.351448733576,200.000000127919,604.875619913902
