8857.93566489501,7760.00310450797,11929.1796025887,16718.1814596572,4474.88973099898,7165.32177348946,8976.61950115224,5349.49912812595,12415.3981211336,8544.18266881721,11425.8882250918,10018.5927789699,11739.5033995103,7593.76361571097,10300.6758320238,7661.09203058356,8569.66650483781,13870.4542327688,11754.3969037112,10733.6298355753,7439.15641478827,8206.07296797147,13087.4356750579,3801.85316879194,9648.7906961541,22481.9097315345,7022.24943253722,5539.96463764123,5909.72188872755,13125.2188510719
3251.72947174606,2388.641745181,3225.73408091523,3338.54504720222,1847.04878337974,2893.19840352683,2839.83131094257,2273.09722187732,3511.55212944237,3266.69994860859,3214.83428267788,2805.33816872473,3582.69952129332,3105.83117196542,3459.7940636132,2622.33904023917,3271.81142560848,4201.3277118504,3841.8330715948,3483.17136837469,2868.31166715279,2704.64416105372,5542.10872751085,1763.62805324854,4087.5945659442,4679.30409561501,1668.55285684223,2170.12314078048,2680.75931488832,3435.85051820774
2276.24617012806,1312.48774283133,2107.23151403846,1733.63808983964,1847.04878337974,1850.25501685071,2432.0693700435,1538.42082467749,2174.92700448982,1624.8973115879,1918.01447884212,1611.4266015241,1380.09283720341,1447.00101524488,2041.04238996777,2311.45787215105,1517.70752956674,2058.45004104672,2095.40074684718,2324.91008585917,2451.84892587963,2683.29542312883,2139.07693618738,1658.76072444819,2060.38480641589,2057.9433211664,1639.9959710487,2170.12314078048,1956.63186027081,1638.11169051824
1296.19448444316,827.084595912036,1018.21193511645,1009.36636552685,885.999598427568,1184.23680266466,1297.31892323212,1126.27231497353,1143.30842306546,1127.09844538215,1323.89744521392,1107.54782707671,953.551064562037,852.022087689604,1414.37776516817,1192.74639946712,985.603184531958,1102.70812057267,1269.63650054064,1227.09164190457,1366.13930468459,982.1401586107,1136.90446772856,918.57072636831,911.965617162132,1406.5211313457,1031.92100857007,1215.38714844492,1054.4469154714,1220.55026847829
575.963559788624,502.462496512768,527.71566748118,506.414998746591,571.994487482511,593.349449901079,519.877683779243,542.591628520727,525.929284215315,520.402563072736,612.930178234335,578.831335170243,528.468292668529,543.008454696844,544.208820886035,604.485379942224,558.155960361937,530.944055835971,550.401706885425,570.864712694326,567.131805915447,544.726955369971,531.996285530303,565.609303348893,542.051190191333,575.405479963141,552.492350929644,562.70699290679,554.902846927698,517.56577482685
462.724619480708,427.90152381608,452.620630259427,411.812788995238,439.167359197676,458.984157681663,412.211213543197,415.253987313613,431.80558207877,412.609021541011,437.526824033429,405.284937398856,430.873347900996,428.695893916607,417.970580988098,419.006872002014,410.620599953587,429.495021531688,404.764670547387,410.909056516756,423.567277713816,413.99889928013,429.624051898269,449.662521435201,408.795956347415,403.664837316816,415.855461422966,439.984512815449,422.083401734682,440.725086270772
396.724458486598,415.025307907474,392.586674269431,396.027992742864,411.111999265351,410.494145243759,379.836675309759,321.112475841757,414.922620807085,372.902648651476,414.400064837769,342.697153697929,397.166197502253,414.390725438842,385.539149362123,410.979648978521,350.880735286519,414.171565499119,339.702847843955,365.851601676729,412.19418419048,393.223420287629,415.23922862042,412.060419509768,307.351686642545,338.267330198003,389.47126621837,383.714333070225,392.698630866261,396.12400744942
301.51148898443,413.976833146675,300.619512593111,306.503829083369,406.214840394641,406.056046680935,300.315149322269,300.131226306339,413.981910795801,300.326868484261,413.975447425275,300.134985601019,301.33633024486,413.980542692889,301.497868307942,405.802663389652,300.131970547886,413.977814720562,300.141137457504,300.291830705753,406.087299226478,302.400061584727,413.981382281887,406.002169766356,300.05531546922,300.110730672336,300.725235576833,300.352515695303,301.720143623862,301.403066588551
300.015900015492,413.975177631961,300.00929175539,300.04392830962,403.290393913339,403.288177414373,300.003873012069,300.001586100167,413.975192479019,300.003316683848,413.975169118869,300.001224548779,300.017524683194,413.975181677396,300.012611530554,403.293758926255,300.002094208576,413.975186928138,300.002002811542,300.002551498716,403.293998841335,300.020502511589,413.975191273223,403.287482891369,300.00045345228,300.001895838732,300.006790817838,300.004245330621,300.012131156888,300.014099840545
300.000078592517,413.975165983992,300.000037290662,300.000189112171,403.285681100235,403.285680719268,300.000032401353,300.000011149159,413.975166247787,300.000034440532,413.975165953349,300.000004651338,300.000081528755,413.975166451525,300.000086493811,403.285681239855,300.00000824285,413.975166162961,300.000017935554,300.000025579104,403.285681512049,300.000152043785,413.975166336075,403.28568079102,300.0000035704,300.000008965001,300.000063640898,300.000013923303,300.000100391963,300.000112021614
300.000000293533,413.975165774411,300.000000265417,300.000000812178,403.285680654265,403.28568065406,300.00000019659,300.000000114992,413.975165776932,300.000000134176,413.975165777854,300.000000103205,300.0000006374,413.975165778329,300.00000054462,403.285680653447,300.000000113655,413.975165777039,300.000000117236,300.000000132278,403.285680653549,300.000000798802,413.975165777386,403.285680653366,300.000000138614,300.000000121878,300.00000025535,300.000000143015,300.000000347509,300.000000550767
300.000000132216,413.975165774341,300.000000108082,300.000000135773,403.285680654265,403.28568065406,300.000000150987,300.000000114992,413.975165775672,300.000000134176,413.975165777854,300.000000103205,300.000000134893,413.975165775656,300.000000118984,403.285680653447,300.000000113655,413.975165777039,300.000000117236,300.000000132278,403.285680653549,300.000000130618,413.975165777386,403.285680653366,300.000000138614,300.000000121878,300.000000138057,300.000000143015,300.000000136041,300.000000117249
300.000000132216,413.975165774341,300.000000108082,300.000000135773,403.285680654265,403.28568065406,300.000000150987,300.000000114992,413.975165775672,300.000000134176,413.975165777854,300.000000103205,300.000000134893,413.975165775656,300.000000118984,403.285680653447,300.000000113655,413.975165777039,300.000000117236,300.000000132278,403.285680653549,300.000000130618,413.975165777386,403.285680653366,300.000000138614,300.000000121878,300.000000138057,300.000000143015,300.000000136041,300.000000117249
300.000000132216,413.975165774341,300.000000108082,300.000000135773,403.285680654265,403.28568065406,300.000000150987,300.000000114992,413.975165775672,300.000000134176,413.975165777854,300.000000103205,300.000000134893,413.975165775656,300.000000118984,403.285680653447,300.000000113655,413.975165777039,300.000000117236,300.000000132278,403.285680653549,300.000000130618,413.975165777386,403.285680653366,300.000000138614,300.000000121878,300.000000138057,300.000000143015,300.000000136041,300.000000117249
