448716.069054762,568298.218174514,42478982254666512,230563368896536,1255578484400.94,3664310760448314,12204318.5370645,29803808.8838957,683093959210795,1004124960.89981,42529666696.4997,33220959086047288,213212910109134,1053546.01477502,4385544491234962,54863133.7237105,7512430.08847285,2455251688272.22,132009077420300160,2863609341614401,252983100634340832,653463.136483094,421659.861999275,1021658263390.66,612350.797127455,10909269.4272641,89295490334448976,481455.197386209,1274561.87006942,338119861002555
448716.069054762,568298.218174514,42478982254666512,230563368896536,1255578484400.94,3664310760448314,12204318.5370645,29803808.8838957,683093959210795,1004124960.89981,42529666696.4997,33220959086047288,213212910109134,1053546.01477502,4385544491234962,54863133.7237105,7512430.08847285,2455251688272.22,132009077420300160,2863609341614401,252983100634340832,653463.136483094,421659.861999275,1021658263390.66,612350.797127455,10909269.4272641,89295490334448976,481455.197386209,1274561.87006942,338119861002555
448716.069054762,568298.218174514,42478982254666512,230563368896536,1255578484400.94,3664310760448314,12204318.5370645,29803808.8838957,683093959210795,1004124960.89981,42529666696.4997,33220959086047288,213212910109134,1053546.01477502,4385544491234962,54863133.7237105,7512430.08847285,2455251688272.22,132009077420300160,2863609341614401,252983100634340832,653463.136483094,421659.861999275,1021658263390.66,612350.797127455,10909269.4272641,89295490334448976,481455.197386209,1274561.87006942,338119861002555
448716.069054762,568298.218174514,42478982254666512,230563368896536,1255578484400.94,3664310760448314,12204318.5370645,29803808.8838957,683093959210795,1004124960.89981,42529666696.4997,33220959086047288,213212910109134,1053546.01477502,4385544491234962,54863133.7237105,7512430.08847285,2455251688272.22,132009077420300160,2863609341614401,252983100634340832,653463.136483094,421659.861999275,1021658263390.66,612350.797127455,10909269.4272641,89295490334448976,481455.197386209,1274561.87006942,338119861002555
448716.069054762,568298.218174514,42478982254666512,230563368896536,1255578484400.94,3664310760448314,12204318.5370645,29803808.8838957,683093959210795,1004124960.89981,42529666696.4997,33220959086047288,213212910109134,1053546.01477502,4385544491234962,54863133.7237105,7512430.08847285,2455251688272.22,132009077420300160,2863609341614401,252983100634340832,653463.136483094,421659.861999275,1021658263390.66,612350.797127455,10909269.4272641,89295490334448976,481455.197386209,1274561.87006942,338119861002555
448716.069054762,568298.218174514,42478982254666512,230563368896536,1255578484400.94,3664310760448314,12204318.5370645,29803808.8838957,683093959210795,1004124960.89981,42529666696.4997,33220959086047288,213212910109134,1053546.01477502,4385544491234962,54863133.7237105,7512430.08847285,2455251688272.22,132009077420300160,2863609341614401,252983100634340832,653463.136483094,421659.861999275,1021658263390.66,612350.797127455,10909269.4272641,89295490334448976,481455.197386209,1274561.87006942,338119861002555
448716.069054762,568298.218174514,42478982254666512,230563368896536,1255578484400.94,3664310760448314,12204318.5370645,29803808.8838957,683093959210795,1004124960.89981,42529666696.4997,33220959086047288,213212910109134,1053546.01477502,4385544491234962,54863133.7237105,7512430.08847285,2455251688272.22,132009077420300160,2863609341614401,252983100634340832,653463.136483094,421659.861999275,1021658263390.66,612350.797127455,10909269.4272641,89295490334448976,481455.197386209,1274561.87006942,338119861002555
448716.069054762,365615.139959101,42478982254666512,230563368896536,1255578484400.94,2414405144832332,483054.883101333,3197595.92972967,455794151338599,606951.057368802,42529666696.4997,28576211462756308,213212910109134,1053546.01477502,2123651829696439,2053347.13288555,7512430.08847285,2455251688272.22,124745886088270464,2863609341614401,226293325584552032,582839.150191819,421659.861999275,28555223.8106108,532180.909211078,3428375.84079533,78386703432548816,481455.197386209,622551.3246081,338119861002555
448716.069054762,354583.01076087,39601499890479328,100595075599811,456834.331431933,1537864027193604,483054.883101333,580835.306433856,70487476200631.9,539730.28485719,42529666696.4997,16784159738633768,32512544460413.3,444095.984788261,620893381821363,2053347.13288555,535149.06181436,36060236418.7789,85934846432957744,1747627030274788,183164769335578656,582839.150191819,421659.861999275,487725.673759478,532180.909211078,953167.938179707,34251463587333432,481455.197386209,622551.3246081,175697758249910
400921.884252802,349692.281925837,28348173615531328,108714269.709722,456834.331431933,7326432.59148866,446485.049180014,570827.507063019,2536875.1188505,539730.28485719,2943338.1918619,353315454031262,58174489.2334617,426831.501634335,299935590.812015,562464.734521344,519023.53638565,471414.839990912,13936962688659126,498574020020825,12903999457257834,582839.150191819,407125.761438019,487725.673759478,437804.345381261,650599.600711389,5683652518584754,447795.676202008,622551.3246081,60280656842228.4
400921.884252802,349692.281925837,422962883189.001,48740068.1982928,456834.331431933,7326432.59148866,446485.049180014,521778.573012779,2536875.1188505,499508.503007764,2943338.1918619,423600.491085495,2775121.98783427,426831.501634335,348480.555249014,403934.810114248,497197.488473705,471414.839990912,410051.512813837,41914103.174001,340106.469354162,582839.150191819,394616.843709533,454031.363408857,414955.257756997,646302.77074941,314801.007146557,447795.676202008,489349.104056548,796737.633638116
400921.884252802,349692.281925837,806045.556831372,1060088.03364349,456834.331431933,295944.898260709,349947.880551508,492114.478284365,750553.737231672,474549.094351812,377311.122077016,293754.145795471,364701.500798801,354357.971519583,314990.701278455,336138.909035874,465987.643240817,471414.839990912,410051.512813837,415528.449565331,336674.520536836,582839.150191819,361707.467892973,431888.369300335,412828.198155452,619097.179002889,269874.759038159,433700.019075195,470924.394692833,796737.633638116
357173.371392112,217891.752390292,292653.530067685,301467.743014093,284228.586951172,277594.844837011,266903.567928747,486739.104323395,210499.381026768,460359.060777979,291421.990323894,255305.304441906,272093.139260467,250244.619874295,314990.701278455,309704.295279047,438208.120242899,286481.008292786,379086.331848844,396729.166492958,325552.384494289,273957.255725165,351154.079692346,387607.983817612,398785.48833087,619097.179002889,269874.759038159,414600.098127622,425080.698066868,331449.059798398
174546.579463708,132047.322025775,265062.903778769,256481.494198602,198003.534969177,200543.405563759,156944.005608002,255284.034546326,210499.381026768,228536.358115282,219255.30826855,255305.304441906,168089.926151958,199166.993236301,293832.014197594,225042.305977709,249558.828451852,279583.582703321,158281.228445749,378663.935879031,211171.991909555,152052.269834014,202830.338911643,253346.774866364,210809.253783981,180968.689531666,210163.275149486,227876.537774872,371647.510838625,239945.621316089
10.8613600940085,13.9401161181449,265062.903778769,70081.2271649529,198003.534969177,205.5551950216,180.968341356217,173.619450571733,382.401173647965,213.02690500619,219255.30826855,84.0026557320243,162117.264570508,81.8305743056668,75.2651710415559,73.019955240509,756.310158486571,279583.582703321,11.6444380843346,99297.7808839585,30.9893494193251,18.7502712800886,168.058456914098,148.55057533726,73.95887353017,10.6526522933684,25.8937132215306,167928.27688339,84.592825459882,239945.621316089
1.93716687135748e-09,1.23054633149877e-09,7.73545056717842,0.000288696243899267,6.82575697662645,1.72173031387501e-09,5.29610133526148e-10,5.4097881729831e-10,1.86219040188007e-09,2.95301560981898e-10,14937.4850417,1.3606040738523e-09,7.8308221475254e-05,1.42864564622869e-09,1.48298795465962e-09,9.39564870350296e-10,3.44357431458775e-10,0.000631692476986245,8.21955836727284e-10,0.000343441819268264,3.29583826896851e-09,2.41647057919181e-09,2.55454324360471e-10,3.09057668346213e-10,3.01383806800004e-10,7.02414126863005e-10,5.92933702137088e-10,0.000523284363168841,1.26124177768361e-09,36.1386066798935
