365904.827204815,321091.277751826,483170.55042891,411734.187650589,860531.454716943,565927.003307292,824884.999210791,726721.294546275,382845.673301508,273531.300674315,501733.67116898,613818.836267817,524871.082954945,544797.62258539,366149.330505873,650630.839856816,743195.950912318,389061.43240937,842066.534926945,299270.363004653,593133.263303042,257954.609880548,423913.882833833,340337.206048026,896498.320019662,435576.201067004,524554.371094089,1343851.7524897,460622.764426352,392770.563776369
133958.231943518,292847.074412787,427912.673724908,202636.414245936,450810.1263671,525895.42630011,695655.818930206,646664.751820062,172351.404076226,110461.346887802,494255.450058721,527163.613084772,490823.384421206,544797.62258539,178600.472510655,287859.054632434,652043.506961701,134676.439372271,736153.324568667,86039.1685920671,201769.559995439,121001.115562792,389965.663176443,147302.715723514,830777.170001596,416607.632732869,324705.065371098,1280802.0906715,304147.042476946,157134.412689147
63250.2482039071,275902.497069364,391112.350664405,102376.856012167,299607.692247387,484033.520464791,695655.818930206,646664.751820062,68955.7563415815,50589.2479314087,417355.065216228,527163.613084772,435522.335221183,544797.62258539,107239.288205268,159319.158950727,652043.506961701,49252.3965872478,297305.540453976,44588.0243434599,91698.2302074522,55301.9570818721,341321.709393011,65755.724917166,718419.037175374,412367.181167889,245305.214011663,978598.372637921,134014.917268727,102128.345835733
19977.269464259,275902.497069364,391112.350664405,32485.3145342367,92382.2226824458,438183.913287912,695655.818930206,522643.851129244,18442.3855007413,18025.3119850544,287098.585135066,515768.224143108,435522.335221183,292135.917698956,30838.2203329472,32469.7965415923,415002.268646177,28581.4098663513,71134.6596217879,17424.7754087216,29762.6258374991,16434.1392141948,262117.221989204,22901.6502154684,718419.037175374,412367.181167889,75216.0786453966,978598.372637921,32859.5287241115,29316.5919444268
3931.89411551496,87522.5517184318,98075.4324530865,16983.7845773811,26288.9774855667,128029.786882085,169870.815082039,154335.820328507,8648.59540989487,6676.14862700465,129562.779227906,110303.686924535,111894.890931925,62742.2629945019,17119.2620717817,27978.0466271106,139339.380266954,7505.4809503801,26909.9208637936,4372.15242851916,13990.7816322759,6840.20160834994,73112.0805267151,7460.92282211886,162938.339407048,124134.19811344,23427.2367437103,375003.433821143,23555.6877696008,12679.3218498064
502.018398069461,16943.5276922994,32150.3522536749,1604.14709391085,4759.55129026241,20999.9806927503,21503.9576840377,21529.3711625623,694.607033674388,742.870001541083,19996.1084804201,20940.619968834,21234.76570597,26758.303554299,1417.86880761241,8089.15649309036,30094.4970166373,668.697233804242,19151.6814363838,508.484986558157,1160.30963283807,815.122234295009,18619.3631297001,949.084508282946,25235.7123888,23231.0086610227,6007.51726867145,56403.2130345392,3036.88263054525,1476.3568561375
271.351704629064,16943.5276922994,32150.3522536749,579.871196368957,1004.89110121473,20999.9806927503,21503.9576840377,21529.3711625623,377.737119579855,350.884281999752,19996.1084804201,20940.619968834,21234.76570597,26758.303554299,455.319690093903,1048.58345931178,30094.4970166373,354.819751458108,3994.23631120524,290.085131249638,402.831309356044,358.259757918347,16871.124162196,363.927816240163,25235.7123888,23231.0086610227,1062.36483218054,56403.2130345392,594.870722476943,483.976471443432
243.595149386498,16943.5276922994,32150.3522536749,316.208761546908,456.122271058609,20999.9806927503,21503.9576840377,21529.3711625623,268.911426700752,290.045093165799,19996.1084804201,20940.619968834,21234.76570597,18233.6752190943,314.630959475199,472.476563532133,30094.4970166373,269.329162954479,1275.55602321967,220.66467071049,271.00720345338,268.036610516053,16871.124162196,274.438450854377,25235.7123888,23231.0086610227,577.788117442995,56403.2130345392,386.221486627246,311.018811587744
237.580577113709,16943.5276922994,24579.7244353024,263.266226575284,361.92468453865,20999.9806927503,21503.9576840377,19871.9187259151,239.376102826321,246.969011127673,19996.1084804201,20940.619968834,21234.76570597,18233.6752190943,255.173271450446,304.558210237051,27287.6182106978,240.963691755302,548.536194414787,206.748371513499,245.610120861104,238.915964818009,16871.124162196,245.227098573964,25235.7123888,23231.0086610227,372.410866643938,15164.7463178613,308.339709108475,249.027971018463
231.026461221309,16521.0205083862,22101.9100863223,244.138404200449,305.029533181047,20999.9806927503,15750.2549909506,19871.9187259151,234.96233629326,241.312282046697,19996.1084804201,19725.536564999,18410.3294974297,15000.5844456129,240.15815441787,247.110902827679,17099.5339662272,234.236695138054,367.519075678145,203.151974458357,241.534170586176,232.366449038939,16871.124162196,235.603264009975,18620.7407602902,23231.0086610227,312.295178898035,15164.7463178613,282.577201478088,237.301303309915
227.588517316675,16521.0205083862,22101.9100863223,240.956241419932,282.90338586828,20999.9806927503,15750.2549909506,19871.9187259151,234.239908095243,240.560727445565,19446.2156050528,19725.536564999,18410.3294974297,15000.5844456129,233.933170169833,232.235454063188,17099.5339662272,233.603289443409,306.585986442139,202.527207331127,240.786583574972,231.386107150157,16871.124162196,234.165290478667,18620.7407602902,23231.0086610227,297.80438568358,15164.7463178613,267.913926396172,234.057984225574
224.111521925294,9278.21735620779,13110.5680004554,240.541567086317,282.90338586828,17478.8086590058,8951.65665805906,19871.9187259151,234.108295332661,240.141517079838,15499.2394644624,16385.0376188969,16812.844923011,14946.361544312,233.801717596385,230.000729956768,11413.5140559944,233.167864909857,282.773549542054,202.193432810369,240.435198704315,230.984584056612,16871.124162196,233.771041025133,9803.95998534371,10996.6029433244,297.80438568358,14800.0412268423,267.913926396172,233.554119269013
224.111521925294,9278.21735620779,13110.5680004554,240.541567086317,282.90338586828,17478.8086590058,8951.65665805906,12245.0446364972,234.108295332661,240.141517079838,9382.80691076268,11486.4900934843,15552.0963102146,14946.361544312,233.801717596385,229.967910361578,11413.5140559944,233.167864909857,282.773549542054,202.158689587106,240.435198704315,230.984584056612,14937.1976120079,233.771041025133,9803.95998534371,10996.6029433244,297.80438568358,8992.14901417071,267.913926396172,233.554119269013
224.111521925294,9278.21735620779,13110.5680004554,240.541567086317,282.90338586828,16767.5840070138,8951.65665805906,11002.1862571261,234.108295332661,240.141517079838,8808.23221425833,9733.99417371635,14654.6329513838,11001.0899409614,233.801717596385,229.967910361578,10508.7370514403,233.167864909857,282.773549542054,202.158689587106,240.435198704315,230.984584056612,12982.4471540078,233.771041025133,9803.95998534371,10996.6029433244,297.80438568358,8992.14901417071,267.913926396172,233.554119269013
