41169.9544869412,14414.6115829897,18537.1784208362,25905.3742088659,35338.7394735342,26383.5710856804,35876.6757039794,11298.393793278,24363.6553695321,32823.7542956508,26550.9725706905,24153.5116396851,30173.3257938074,19484.2159936145,24777.2784352769,28957.5573847293,27042.884095038,11477.3476002454,21985.3077199678,13941.95217642,25381.3295866228,19966.3353351169,14291.9711409395,33872.3842000817,24133.0342690437,8951.32795746241,36903.2155190764,15081.264756938,24715.9776891218,20414.0219714928
12455.8673972618,4783.92319394328,6751.46274836931,7521.3514923245,6938.81579579231,4628.07843242919,5667.02617585941,3586.29499956005,7104.68804843765,8035.27094784971,5655.28982133819,7454.16499480877,9624.10736978714,4743.77536452285,7129.48046834428,9745.28903108718,5135.94896486749,3684.11285026418,5471.40730245466,4721.63453647366,4469.16743048293,5334.76038929557,3252.16657829469,8609.57433150797,5758.98720246068,2443.470057329,14123.4206398323,4396.93478285609,8648.14169358883,5763.17372030376
3061.48250957017,1709.16674699647,2178.92174610898,2301.94550944389,2046.40434220176,1887.77762306018,2659.4642134156,1413.67080539903,2173.39194192972,3204.57402303572,2032.11206785552,2641.72687174512,2754.10723205836,1757.35204600923,2193.02252856264,3182.19707065294,1924.49065337286,1463.25212987442,1908.35856757246,1751.38381431768,1687.39009193637,2032.60517220634,1298.14780093866,2523.64917404767,1789.95684941668,850.622558723895,3507.88233161253,1866.35639609913,2604.73072214346,2200.37389883478
373.479097957329,266.507211062937,378.333620970071,337.716563217354,292.699125066607,376.74229791558,427.118173035954,289.123088683573,411.152630745241,455.781441749948,257.556982179962,423.04417778915,379.817470536763,337.194410064636,345.976268956156,420.369925872912,381.726326844287,205.288393964761,361.70549514904,355.95470978411,312.537011655902,319.79939409789,155.394241573239,339.162817648667,288.29309910975,137.189220781126,510.151306747442,395.932845395452,521.439655204877,418.771157671961
5.36898952519368,5.49225528325087,5.19223637188429,4.30345723639834,3.27251265135465,4.02090766427705,5.73678107590172,3.34405681955332,5.52427111466898,8.44543915613235,5.31445891922715,4.77419201089242,7.73816169822999,5.31481134942237,4.30518772191192,3.81196396419591,5.81008901840096,3.62746291618714,6.22115800726806,5.3663601544207,3.99693519490756,3.36536350778738,2.91057733957177,4.51440473439311,5.30802124378226,2.17451010216359,4.56979260660887,9.24815953816562,7.91944057147998,5.16773088133391
0.0182961479239339,0.0157231484520253,0.0203209523116357,0.0197155101317321,0.00913667904194426,0.0186788502965101,0.0179264198552573,0.00972040964984444,0.0169474226917146,0.0243198547100292,0.00928459141562143,0.0131123955475232,0.00967722300856622,0.0203446966079355,0.0243264277128219,0.0137142043956828,0.0168422820145224,0.00996653056540708,0.0245161826451294,0.0145501529245848,0.018706839145807,0.00992612814195581,0.0131144989095446,0.0207459746475251,0.0109239721339236,0.0149093780285057,0.00846338414703496,0.0167128671913588,0.015832299326803,0.0102612163855156
0.00739655661391225,0.00739638798609121,0.00985785556986229,0.00739682664766406,6.96207507644431e-07,0.00739674699082116,0.00739671788937812,6.21525714450399e-07,1.41123723551573e-06,7.48167394704069e-07,3.9443830246455e-07,7.20189859748643e-07,5.43044279766036e-07,0.00739671487758642,0.012321625849836,6.84404312778497e-07,6.73235263093375e-07,3.77838659915142e-07,0.00985804283595826,8.55306325320271e-07,0.00739675293493747,5.73359329791856e-07,0.0073964039531802,0.0073965321223568,6.13199972576695e-07,0.0123211619672929,4.02030991608626e-07,8.65335096023045e-07,8.12191046861699e-07,4.72404508400359e-07
0.00739605038620539,0.00739604613545453,0.00985729359240395,0.00739606870388343,3.64869947588886e-08,0.00739606303773144,0.00739608344906628,2.62365347225568e-08,4.2109832065762e-08,3.19519131153356e-08,1.60903255164158e-08,1.38318227982381e-08,2.73790874416591e-08,0.00739605204955751,0.0123209970363405,1.61564912559697e-08,3.61868615073035e-08,1.71481815414154e-08,0.00985729541275759,1.43699026011745e-08,0.00739606597505826,3.63233993994072e-08,0.0073960591037121,0.0073960719232673,8.15566636447329e-09,0.0123209963462614,5.57849944016198e-09,3.0918158699933e-08,1.21074208436767e-08,1.8271407498105e-08
0.00739605038620539,0.00739604613545453,0.00985729359240395,0.00739606870388343,3.64869947588886e-08,0.00739606303773144,0.00739608344906628,2.62365347225568e-08,4.2109832065762e-08,3.19519131153356e-08,1.60903255164158e-08,1.38318227982381e-08,2.73790874416591e-08,0.00739605204955751,0.0123209970363405,1.61564912559697e-08,3.61868615073035e-08,1.71481815414154e-08,0.00985729541275759,1.43699026011745e-08,0.00739606597505826,3.63233993994072e-08,0.0073960591037121,0.0073960719232673,8.15566636447329e-09,0.0123209963462614,5.57849944016198e-09,3.0918158699933e-08,1.21074208436767e-08,1.8271407498105e-08
2.05346182156063e-05,1.82283065441879e-05,1.17956891472204e-05,6.60375701500016e-06,3.64869947588886e-08,9.74928616415127e-06,6.83113125887758e-06,2.62365347225568e-08,4.2109832065762e-08,3.19519131153356e-08,1.60903255164158e-08,1.38318227982381e-08,2.73790874416591e-08,1.90424692618762e-05,1.57411800500995e-05,1.61564912559697e-08,3.61868615073035e-08,1.71481815414154e-08,2.31369907623957e-05,1.43699026011745e-08,9.17182205739664e-06,3.63233993994072e-08,7.93150366007467e-06,7.24932692719449e-06,8.15566636447329e-09,7.03521800460294e-06,5.57849944016198e-09,3.0918158699933e-08,1.21074208436767e-08,1.8271407498105e-08
2.17946762859356e-08,2.35543211601907e-08,1.57373278852901e-08,4.70829490950564e-08,1.46301317727193e-08,2.14370174944634e-08,1.28256942844018e-08,2.62365347225568e-08,4.2109832065762e-08,3.19519131153356e-08,1.60903255164158e-08,1.38318227982381e-08,1.58734110300429e-08,2.97532096737996e-08,2.00770955416374e-08,1.61564912559697e-08,2.69053543888731e-08,1.09457687358372e-08,2.34779236052418e-08,1.43699026011745e-08,5.76515049033333e-08,2.26220890908735e-08,2.16087983062607e-08,1.70109615282854e-08,8.15566636447329e-09,1.9610070012277e-08,5.57849944016198e-09,3.0918158699933e-08,1.21074208436767e-08,1.8271407498105e-08
2.17946762859356e-08,2.35543211601907e-08,1.57373278852901e-08,4.70829490950564e-08,1.46301317727193e-08,2.14370174944634e-08,1.28256942844018e-08,2.62365347225568e-08,4.2109832065762e-08,3.19519131153356e-08,1.60903255164158e-08,1.38318227982381e-08,1.58734110300429e-08,2.97532096737996e-08,2.00770955416374e-08,1.61564912559697e-08,2.69053543888731e-08,1.09457687358372e-08,2.34779236052418e-08,1.43699026011745e-08,5.76515049033333e-08,2.26220890908735e-08,2.16087983062607e-08,1.70109615282854e-08,8.15566636447329e-09,1.9610070012277e-08,5.57849944016198e-09,3.0918158699933e-08,1.21074208436767e-08,1.8271407498105e-08
2.17946762859356e-08,2.35543211601907e-08,1.57373278852901e-08,4.70829490950564e-08,1.46301317727193e-08,2.14370174944634e-08,1.28256942844018e-08,2.62365347225568e-08,4.2109832065762e-08,3.19519131153356e-08,1.60903255164158e-08,1.38318227982381e-08,1.58734110300429e-08,2.97532096737996e-08,2.00770955416374e-08,1.61564912559697e-08,2.69053543888731e-08,1.09457687358372e-08,2.34779236052418e-08,1.43699026011745e-08,5.76515049033333e-08,2.26220890908735e-08,2.16087983062607e-08,1.70109615282854e-08,8.15566636447329e-09,1.9610070012277e-08,5.57849944016198e-09,3.0918158699933e-08,1.21074208436767e-08,1.8271407498105e-08
2.17946762859356e-08,2.35543211601907e-08,1.57373278852901e-08,4.70829490950564e-08,1.46301317727193e-08,2.14370174944634e-08,1.28256942844018e-08,2.62365347225568e-08,4.2109832065762e-08,3.19519131153356e-08,1.60903255164158e-08,1.38318227982381e-08,1.58734110300429e-08,2.97532096737996e-08,2.00770955416374e-08,1.61564912559697e-08,2.69053543888731e-08,1.09457687358372e-08,2.34779236052418e-08,1.43699026011745e-08,4.42862528871046e-08,2.26220890908735e-08,2.16087983062607e-08,1.70109615282854e-08,8.15566636447329e-09,1.9610070012277e-08,5.57849944016198e-09,3.0918158699933e-08,1.21074208436767e-08,1.8271407498105e-08
