14289.4280634623,12649.1056140238,12775.7949856611,12956.0188436886,12347.4355796887,12570.6678951085,13824.9273788223,12507.9517524393,14328.4918234244,13153.443687168,14673.7509833494,14657.9117379776,10995.5001886522,12815.1273741842,12967.3388962892,14498.836311413,14273.8150915283,13076.8040454628,13242.0377018584,14454.3739192781,11652.2474170778,15181.6081172081,12918.3579783529,13455.8926824682,14937.3936187516,12163.1602623904,11897.5339458019,13424.3733538211,13014.4769217482,14219.0546648682
10770.0266367021,8863.7873281715,9550.95038654587,8894.88613615597,8532.64522725905,9116.48572152412,10220.4966740038,9469.14366088428,11287.4636367686,10693.4159132599,10102.0656725378,10969.4086511536,7775.78900826868,8508.46950672789,10752.4919710411,9309.11748532,10590.6752071753,9583.097628752,10091.3600948087,10978.009830527,8007.64862445295,11094.9423847522,10084.6437599401,9511.64828147969,11493.0435481081,8581.158664782,7968.6931080227,9933.53349515739,8772.81089983862,10130.9296152536
9457.84607167849,7064.26877414842,7956.70440240886,7792.57880084302,6849.20998365405,8039.42968395872,8549.09690369867,7554.07535417927,9122.78827593071,7749.35934412987,7918.75426368513,8474.14037020035,6560.77783376787,6601.11653648094,9320.29308774105,7657.61264469431,8720.01022057071,7531.32664480483,8442.06475598989,9710.78464162432,6223.6161203731,8739.46090228972,8221.06922246384,7759.86678580245,8933.85344182204,6351.27389878519,6865.887831457,8587.62696971229,7208.31999213966,8573.08993670446
8924.393166751,6218.45910352229,7280.56740549736,7262.12555094553,6149.31340386178,7382.3245099636,7838.91631575421,6826.88770148007,8158.38265006604,6475.24887921382,7061.84693218477,7232.2467150527,6152.828200028,5403.67900197771,8572.91538052745,6606.93827417876,6926.62729666027,6638.67844381943,7870.63360060465,8575.34440351049,5629.36995556278,7360.48971186951,7349.15008884123,6907.1476180754,7868.9956346673,5526.17290125943,6003.57926719525,8045.51593809418,6498.93311719547,7821.39972686439
8912.66147796991,6113.797451336,7227.7257614342,7248.32731780159,6107.32563246619,7349.29881764107,7749.88649590606,6736.76280145176,8028.03058639392,6134.89822971839,6908.16568658331,6990.12276083853,6144.67425778007,5164.45174406095,8473.36307016003,6457.10350196223,6625.14255858839,6575.93307434261,7828.71857540165,8409.5126733199,5610.04326453099,7100.79076423941,7264.04511019015,6812.4763716075,7687.13157235435,5386.5415686347,5915.81645908508,8034.17401387835,6469.42001907742,7754.63521778134
8896.76724682711,6113.37744103216,7226.37287137347,7244.12466654315,6102.18847763885,7348.50972494104,7749.10194901429,6736.7046725754,8027.86336937646,6131.80540919727,6908.03208766248,6987.39390483099,6137.37547376038,5163.29753721297,8472.56623084905,6456.78865262086,6620.63505105077,6575.3080642787,7827.33080817502,8408.83434464554,5608.37413022443,7098.50789127031,7263.7141549655,6812.19293990626,7686.85368712974,5386.38466688266,5914.93043543847,8030.43463008788,6464.683202887,7752.8535650678
8888.49427924845,6113.28094151228,7225.7645544581,7238.92131690487,6099.70548493555,7348.29080974955,7748.78494548865,6736.68954632394,8027.83604432698,6131.80471859218,6908.01024390683,6987.39362444961,6134.58441428185,5163.29745578988,8472.18359986502,6456.70238861135,6620.63445325864,6574.82190405918,7826.68775835966,8408.20813412959,5606.90289693958,7098.50762835214,7263.60821967767,6812.04408494333,7686.83446348375,5386.36407016628,5914.3635616644,8027.07578906298,6462.01794002215,7751.93127252723
8888.02729850745,6113.2740934445,7225.58473666538,7237.86349289403,6099.59789717035,7348.27066932855,7748.73508490802,6736.68878558539,8027.8344887726,6131.80471848336,6908.0079436476,6987.39362442825,6133.45456772803,5163.29745578988,8472.13706670473,6456.68991057093,6097.98090973826,6574.80443522482,7826.66012987393,8408.14215732122,5606.5258988955,5131.34355075422,7263.58994951923,6812.02275671455,7686.83231421245,5386.36236705179,5914.30635991036,8026.13455041053,6461.42851382763,7751.85907043916
8887.95184773315,6113.2735224558,7225.58054558565,7237.77886429081,6099.59441355541,7348.2702929563,7748.73244647899,6736.68878558539,7496.07940910183,6131.80471848336,5973.52830826416,6987.39362442825,6133.33997923724,5163.29745578988,8472.13259177225,6456.68946947595,6088.79036496704,6574.8034449147,7826.65885941883,8408.13957309979,5606.50559383259,5130.29329027028,6386.36713815509,6268.58450466936,7586.08845773697,5386.36236705179,5914.30450757159,8025.96873295094,6461.3085956252,7751.84961339062
7687.268388459,6039.9443460013,7032.36303423992,7237.76396593265,6099.59441355541,7348.2702929563,6018.66659271809,6736.68878558539,7453.05283196048,6131.80471848336,5970.85676290728,6987.39362442825,6133.32589867852,5163.29745578988,7428.93518762806,6456.68946947595,6088.78874331571,6574.8034449147,6276.36295020052,6331.6150538062,5606.5042116577,5130.21789357213,6384.67406080539,6255.05441035524,7335.46129935313,5386.36236705179,5914.30449365976,8025.95567268761,6461.30419228238,7273.70816704244
6012.63545994444,6039.68948909407,7032.07685842603,7237.76351405973,6099.59441355541,7348.2702929563,6018.56175210536,6736.68878558539,7453.03448925626,6131.80471848336,5970.82631582516,6987.39362442825,6133.32526830307,5163.29745578988,7417.86982254616,6456.68946947595,5715.09283497134,6574.8034449147,6273.0880815802,6331.60132855857,5606.5042116577,5130.21684505551,6384.42539000754,6254.96155019523,7335.4519961234,5386.36236705179,5914.30449365976,7696.36946612467,5737.73999744386,7272.37579901317
6011.92367253887,6039.68683017078,7032.06976320986,7237.76351405973,6099.59441355541,7348.2702929563,6018.56130991514,6736.68878558539,7327.89157083915,6131.80471848336,5970.82625807397,6987.39362442825,6133.32526830307,5163.29745578988,7417.86971301972,6456.68946947595,5683.57311926248,6574.8034449147,6272.99356290493,6331.60095459865,5606.5042116577,5130.21684505551,6384.41434965028,6254.9614032572,7036.37192222338,5386.36236705179,5914.30449365976,7693.29549680388,5737.56300579082,5965.59852865677
5908.94254357087,6017.34742688925,7032.06976320986,7237.76351405973,6099.59441355541,5630.26264437874,6018.56130991514,5947.84828874352,7174.99031039913,6131.80471848336,5970.82625807397,6987.39362442825,6133.32526830307,5163.29745578988,7224.27414320599,6456.68946947595,5683.56738705807,5928.60279399374,6272.99297990874,6331.60095459865,5098.56274411492,5130.21684505551,6384.41432675054,6254.9614032572,7033.56369303133,5386.36236705179,5914.30449365976,7693.29493274807,5737.5626937159,5766.81044081082
5876.71068157408,6017.3294438383,7032.06976320986,6464.73001555272,6099.59441355541,5627.52770760659,6018.56130991514,5946.40634830752,7174.98933754633,6080.85520521694,5970.82625807397,6623.4568872069,6133.32526830307,5163.29745578988,7177.38571269486,6456.68946947595,5547.76763230612,5928.586522642,6272.99297990874,6331.60095459865,5090.5420382488,5130.21684505551,6384.41432675054,6254.9614032572,6876.19347739463,5386.36236705179,5914.30449365976,7693.29493274807,5737.5626937159,5766.80910271427
