8387.38138374038,8849.12374760296,8557.83746262033,8630.51498999478,9244.2010056167,8039.97696828407,9072.19255837414,8273.38283393714,7914.41261145457,9537.30386010173,8008.08433918371,9002.66341613763,8406.7067567418,8159.99060577161,8932.91971691671,8789.67506007291,9338.54755838746,8981.60423350919,8512.92390585173,8087.97641060112,8032.65441750435,8143.27150093776,8581.45841874807,8928.69906899371,7484.82093391021,7786.33795017643,8896.57758254538,8277.81979976101,8133.37345040876,9042.50294435338
6927.0506348382,7353.53099087236,7452.94834491092,7134.1308118216,8140.7338719493,7042.95351088486,7866.20592020239,6454.16100957433,6562.96170502369,8108.34432331426,6669.0597062517,7725.01143984862,6825.07088706626,6753.1611714068,7541.22249609794,7346.09964936737,8182.13056391964,7417.24518903416,6845.44127728379,5915.89432676962,7170.02729786441,5516.24197421704,7089.68241941812,7586.34525143181,5371.26123516653,6488.38877735376,7512.04893928683,6475.47569827122,6504.97362811979,7943.3116356014
6447.87966250749,7096.07684657717,7077.04564471356,6622.48201224107,7817.05172688545,6622.11674249722,7471.67568916188,6028.70247672368,6334.06909937375,7715.91191971647,6215.89617238704,7263.45619565845,6387.5537528893,6329.51967453206,7203.49508336514,6959.61793698149,7793.74226281044,6894.76742631286,6404.34224008007,5411.10552948488,6775.40378867695,4457.74735858103,6516.40686874901,6957.45607513857,4651.36684632436,6153.09414749148,7131.45673684887,5799.65318974945,6034.6063650266,7528.5626453857
6320.09236477738,6997.02463768663,6990.15980948024,6433.19053604689,7764.54854293086,6507.3633119638,7313.30477688341,5865.46284224803,6266.73422597047,7538.93536493654,6121.96084121699,7121.92190376755,6307.40878535807,6256.22342317535,7129.30772512592,6883.01211182633,7663.60994594414,6749.18131017564,6280.8791578106,5195.91404727621,6653.27150268952,4161.04643459345,6406.40288642171,6743.26673286886,4477.86050939445,6060.91558621239,7016.57345516643,5572.41510771407,5946.55312643547,7452.73585937167
6315.3627405466,6994.36432315006,6985.53770290395,6421.11670157789,7764.54854293086,6501.2947518687,7303.76680102605,5852.71762537533,6265.24543416682,7527.37996920298,6115.43228593902,7113.91401395083,6303.02754725219,6254.6817834981,7126.31177999933,6879.95297501477,7658.6977663916,6744.99008675037,6276.7827744959,5181.11035039668,6647.57473123377,4135.42698547734,6404.00312530768,6728.82427746622,4470.05896659102,6057.60348422082,7011.73589763888,5557.31747503997,5945.40812077322,7449.69839217876
6315.35922826172,6992.01589705745,6984.38127554404,6421.09312988173,7764.54854293086,6501.24794582549,7302.00661260372,5852.7110037859,6264.95600761508,7527.3455561593,6115.38045945081,7113.80599643396,6303.02711455433,6243.14506569837,7126.30631411142,6878.72967944221,7658.6154795049,6744.74969037078,6274.84974767241,5181.07658873435,6647.54325108548,4135.38684103119,6402.43969691826,6728.78583298349,4470.05558526837,6057.60144364632,7011.39932935854,5557.30124790811,5943.77773896711,7449.08213307696
6315.35922826057,6991.85431300503,6984.34870610082,6421.08781617979,7764.54854293086,6501.22576946135,7302.00091537465,5852.71073932892,6264.92099908735,7527.34062753544,6115.37748347721,7113.79548683233,6303.02699924796,6236.38644162569,7126.30566098915,6877.15172978452,7658.59886691748,6744.73139728339,6274.59293239091,5181.07340352477,6647.53980881392,4135.38684091563,6402.30066663317,6728.78583290293,4470.05553669717,6057.6010334151,7011.3474043091,5288.64245694286,5943.48299473038,7449.03348737319
6315.35922826057,6991.84114370228,6984.34834715791,6421.08765844462,7118.58292433378,6501.22538501962,7302.00091537465,5852.71073795364,6264.9197984223,6669.15343629653,6115.37748347721,7068.88757662402,6303.02699924796,6236.27483708676,6925.90706352485,6877.08571559562,7658.59886366311,6533.94711952638,6274.58847845575,5181.07340012099,6647.53980881392,4135.38684091563,6402.29942474775,6728.78583290293,4470.05553669717,6057.6010334151,7011.34183736782,5284.33113973782,5943.47632407353,5684.59418091743
6315.35922826057,6805.52012774727,6984.34834715791,6421.08765844462,7043.61299497034,6501.22538501962,7302.00091537465,5852.71073795364,6264.9197984223,6668.60421819883,6115.37748347721,7068.88046789512,6303.02699924796,5246.55873370341,6921.36861479487,5704.13762292716,7658.59886366311,6533.93546101103,5939.09630794395,5181.07340012099,6647.53980881392,4135.38684091563,6402.29942474775,6728.78583290293,4470.05553669717,6057.6010334151,6003.00909897386,3536.82250063103,3969.1948345727,5684.24009086285
4668.50918885238,6805.48449495742,5794.15560860661,6421.08765844462,7043.61149754472,5340.28301713124,7302.00091537465,5852.71073795364,6264.9197984223,6668.60421819883,6115.37748347721,4333.34163244025,5464.2804446313,5246.32212101737,6921.368611549,5703.83250416249,7658.59886366311,5222.91255060676,5939.06689370334,5181.07340012099,6415.12793906831,4135.38684091563,6402.29942474775,6728.78583290293,4470.05553669717,6057.6010334151,5072.99416283955,3524.51352748401,3969.19078100383,4883.58601811793
4668.43933305499,6789.01075488659,5793.9401050815,3606.50246233535,7043.61149754472,5340.27575361983,5649.14560036135,5852.71073795364,5104.58072814355,3973.51825061469,6115.37748347721,4333.29676942425,5463.67049928855,5246.32212101737,5186.94629067812,5703.83250275597,6701.33055211598,4351.13003749394,5361.49789523117,5181.07340012099,6117.97941120458,4135.38684091563,4854.97193493732,6728.78583290293,4470.05553669717,6057.6010334151,5069.78845835257,3524.51351521987,3969.19078100383,4883.53014178631
4668.43933305499,6789.01039682219,5793.9401050815,3506.41098936461,6489.34217167044,5340.27575361983,5649.14553133914,5852.71073795364,3189.79591205486,3972.74311790569,5480.27609604261,4333.29676942425,5463.67049928855,5246.32212101737,3191.86557593861,5703.83250275597,6109.24419793365,4346.7598836354,2562.56209483898,5181.07340012099,5913.63411446437,4135.38684091563,4774.39243000182,3692.0515911418,4470.05553669717,6057.6010334151,5069.78845830299,3524.51351521987,3969.19078100383,4883.53014178631
3706.41904879216,5098.73473640086,5793.9401050815,3506.41098936461,6331.44976656212,5340.27575361983,5649.14553133914,5523.53243774748,3189.73831215431,3972.74311790569,5480.27600926162,3203.98868923032,5463.67049928855,5246.32212101737,3191.86550996691,4880.33911943561,5844.15090530688,3818.61574646427,2562.56207604592,5181.07340012099,4731.76968351451,4135.38684091563,4774.39242901688,3672.93286080017,4470.05553669717,6057.6010334151,5069.78845830299,3524.51351521987,3969.19078100383,4883.53014178631
3706.41900637286,3261.29396643164,5793.9401050815,3506.41098936461,5821.07229804516,5340.27575361983,5649.14553133914,5523.53241848288,3189.73831215431,3972.74311790569,5480.27600926162,3203.98839923743,4575.06747574958,5246.32212101737,3191.86550996691,4880.30505701484,5558.58478840695,3818.6155464719,2562.56207604592,5181.07340012099,4731.76967297745,4135.38684091563,4774.39242901688,3672.93286080017,4470.05553669717,5332.14147912639,3585.3490802951,2486.20119286979,3969.19078100383,3483.6128040319
