536.164974977466,499.741735038613,2586.71375728018,375.889573291477,374.555850399825,253.631394022626,1318.74971309205,4254.8211429087,523.822507705359,616.772738172801,3497.7255402767,518.343665582166,2707.55678991197,3245.19235609963,4333.5899894115,565.27461644536,637.332470439266,4052.66028309978,4117.47753097988,534.986273598096,445.699488856229,2698.58344197417,3479.15161167664,509.98380269168,2295.65847548938,549.67913709917,391.944803087405,3609.60493348816,279.030916406155,383.757072856091
508.802869300742,459.744593370988,1324.71084556963,219.026082270818,226.180862915468,213.887275764477,376.681497831324,2191.45607845372,499.213439524134,220.756047585054,2319.83087527762,220.382458910691,1194.53849345231,2238.51534975795,3214.63220009528,228.05050330627,524.164728389693,2674.87783446135,1554.32513968753,492.596294015661,226.100794074177,1348.28165862982,2561.8223561137,459.023183739113,946.73502014185,502.297755584429,239.277544518481,2417.78506513614,222.324747038295,225.940335223736
476.734365178507,438.587461117634,788.766795350009,205.41921067121,209.380222441036,204.504495604519,238.290623810686,946.542350834584,474.435493138292,208.051800770155,1853.57673477323,205.071196549525,684.295727469407,1800.01890812411,2640.51341846309,209.563359226519,492.934787404956,2011.5021136218,252.319754303475,462.177410627914,208.447646228364,706.495828638306,2054.61296028203,434.436309507896,613.534720047954,484.747796377493,214.631819066941,1904.73360316125,208.618427062907,208.120483391235
450.040857527829,408.015999367495,478.015385983116,201.766429985008,202.244704265711,201.634345423973,202.83182546555,469.936224629439,449.923165020242,202.27738137355,1678.1010144001,201.483094147123,428.042331712675,1560.47074707428,2328.14231691288,202.799287206793,471.573879863895,1651.78856993398,204.696515912584,436.094041352992,201.859337832415,449.552317596729,1790.6981549113,413.267239616157,375.259841846942,461.38022989256,203.50863072531,1628.54444337654,202.514703079044,201.723672014362
429.533086491142,389.423087170293,192.785287241525,200.427366061591,200.297906742679,200.396086081363,200.536704158819,144.99560474292,426.337534595352,200.6131680157,1670.23722175084,200.47827392979,150.843124959117,1522.90736903721,2287.23531528969,200.793725645522,456.37794345539,1611.8257866557,200.89673133662,417.240652818361,200.359050814556,143.66470185928,1758.3252170638,396.617284652042,140.94742953111,447.874470342669,200.843400264762,1594.17825842697,200.309600697822,200.363946845699
426.358831734159,386.243990611289,190.543398025282,200.073128540891,200.028492481605,200.035509071553,200.052562953885,140.793696947366,422.727952323008,200.039480953205,1669.94001639205,200.062482531366,148.754222884212,1522.84883907001,2287.05188069284,200.077528260632,454.206445788136,1610.67469490385,200.097606064299,413.506169270742,200.046586787104,140.793867289326,1757.77410983783,393.977819828913,138.803970691463,446.231773687373,200.111722558292,1593.92252963048,200.040942087167,200.050294204721
426.28422552926,386.168088197895,190.543276010371,200.017033456658,200.007738838801,200.009740788354,200.013383607869,140.793485808372,422.647532597181,200.008661503434,1669.72220275905,200.012332681185,148.754084856043,1522.82062266237,203.434927667246,200.013760367615,454.170105115101,1610.14573841304,200.010340879073,413.420967224302,200.010464865308,140.793743513108,1757.57459581125,393.908818325723,138.803882713348,446.203580054651,200.007189449673,1593.78785535879,200.009302696119,200.003510948652
426.283245662594,386.166653342486,190.543276010371,200.002726268676,200.001058883518,200.001479407647,200.001884718453,140.793485808372,385.059305603406,200.001050155634,1669.70910568448,200.001781264581,148.754084856043,1522.81815939657,200.079238112308,200.002645874124,200.279349242357,1610.10319806517,200.002637995124,413.419451227839,200.001219591014,140.793743513108,1757.48999112401,393.907767882763,138.803882713348,200.221523713105,200.001932706794,1593.74774010669,200.000840645157,200.000648003465
422.223019963414,386.166653342486,190.543276010371,200.000336591278,200.000066516754,200.000169022608,200.000369261769,140.793485808372,375.030159755451,200.000141953851,213.568712879155,200.000262833724,148.754084856043,1522.81815939657,200.007895034015,200.000103350604,200.018405425712,522.486137585613,200.000700198808,413.419451227839,200.000121255464,140.793743513108,1338.39424595993,393.907767882763,138.803882713348,200.013666014474,200.000093764701,440.75070027805,200.000099082952,200.00007436544
421.996098097139,386.166653342486,190.543276010371,200.000001098197,200.000000031355,200.000002322435,200.000004249872,140.793485808372,374.740907455791,200.000000150196,200.055468124199,200.000003809395,148.754084856043,1522.81815939657,200.000401940797,200.000001796448,200.001327056333,393.695018657072,200.000021971186,413.419451227839,200.000002449375,140.793743513108,142.853704067245,393.907767882763,138.803882713348,200.001291063411,200.000000448866,422.339857748267,200.000001874041,200.000000998662
215.017257524926,386.166653342486,190.543276010371,200.000000008006,200.000000019336,200.000000007401,200.000000007469,140.793485808372,374.733834456373,200.000000014583,200.002328960642,200.0000000063,148.754084856043,1522.81815939657,200.000007210561,200.000000011816,200.000020929281,392.108608594625,200.000000009478,413.419451227839,151.583289654918,140.793743513108,142.783519369225,393.907767882763,138.803882713348,200.00001900775,200.000000011748,422.03798211601,200.000000008098,200.000000023444
200.0243461656,386.166653342486,190.543276010371,200.000000008006,200.000000019336,200.000000007401,148.753538960634,140.793485808372,374.733834456373,200.000000014583,200.00005845118,200.0000000063,148.754084856043,186.681641727673,200.000000010825,200.000000011816,200.000000015156,392.087774957278,200.000000009478,413.419451227839,123.879182800829,140.793743513108,142.783518607152,393.907767882763,138.803882713348,200.000000038195,200.000000011748,201.851087156604,200.000000008098,200.000000023444
200.00040750787,386.166653342486,190.543276010371,200.000000008006,200.000000019336,200.000000007401,148.753387396278,140.793485808372,374.733834456373,200.000000014583,200.000000013939,200.0000000063,148.754084856043,141.789021916084,200.000000010825,200.000000011816,200.000000015156,392.087774957278,200.000000009478,413.419451227839,123.879163310989,140.793743513108,142.783518607152,393.907767882763,138.803882713348,135.844276165461,200.000000011748,200.003780548743,200.000000008098,200.000000023444
200.000000072516,386.166653342486,190.543276010371,200.000000008006,200.000000015654,200.000000007401,148.753387396278,140.793485808372,374.733834456373,200.000000012641,200.000000012871,200.0000000063,148.754084856043,141.788384112005,200.000000010825,200.000000011816,200.000000015156,392.087774957278,200.000000009478,413.419451227839,123.879163310989,140.793743513108,142.783518607152,393.907767882763,138.803882713348,135.818935698564,200.000000011748,200.000002971309,200.000000008098,200.000000023444
