11268.1264568778,8603.17465449371,10219.611531047,10580.2278914755,14486.0710109525,8353.39535420139,8808.90053362083,6329.57180397428,12128.4608393833,9037.32056410005,15673.8143248018,5485.37059605213,7251.0116539445,8575.28408332782,7212.986263537,5296.10010250852,6771.36683791947,5653.20877143094,7099.00208430401,16394.7015059229,7950.36928509949,22274.56196183,4581.6571341659,12689.9250402163,16237.5519752406,7874.37122920737,12626.3191071074,4045.25500387715,18078.2309033042,6128.24776004477
11268.1264568778,8603.17465449371,10219.611531047,10580.2278914755,14486.0710109525,8353.39535420139,8808.90053362083,6329.57180397428,12128.4608393833,9037.32056410005,15673.8143248018,5485.37059605213,7251.0116539445,8575.28408332782,7212.986263537,5296.10010250852,6771.36683791947,5653.20877143094,7099.00208430401,16394.7015059229,7950.36928509949,22274.56196183,4581.6571341659,12689.9250402163,16237.5519752406,7874.37122920737,12626.3191071074,4045.25500387715,18078.2309033042,6128.24776004477
11268.1264568778,8603.17465449371,10219.611531047,10580.2278914755,14486.0710109525,8353.39535420139,8808.90053362083,6329.57180397428,12128.4608393833,9037.32056410005,15673.8143248018,5485.37059605213,7251.0116539445,8575.28408332782,7212.986263537,5296.10010250852,6771.36683791947,5653.20877143094,7099.00208430401,16394.7015059229,7950.36928509949,22274.56196183,4581.6571341659,12689.9250402163,16237.5519752406,7874.37122920737,12626.3191071074,4045.25500387715,18078.2309033042,6128.24776004477
11268.1264568778,8603.17465449371,10219.611531047,10580.2278914755,14486.0710109525,8353.39535420139,8808.90053362083,6329.57180397428,12128.4608393833,9037.32056410005,15673.8143248018,5485.37059605213,7251.0116539445,8575.28408332782,7212.986263537,5296.10010250852,6771.36683791947,5653.20877143094,7099.00208430401,16394.7015059229,7950.36928509949,22274.56196183,4581.6571341659,12689.9250402163,16237.5519752406,7874.37122920737,12626.3191071074,4045.25500387715,18078.2309033042,6128.24776004477
11268.1264568778,8603.17465449371,10219.611531047,10580.2278914755,14486.0710109525,8353.39535420139,8808.90053362083,6329.57180397428,12128.4608393833,9037.32056410005,15673.8143248018,5485.37059605213,7251.0116539445,8575.28408332782,7212.986263537,5296.10010250852,6771.36683791947,5653.20877143094,7099.00208430401,16394.7015059229,7950.36928509949,22274.56196183,4581.6571341659,12689.9250402163,16237.5519752406,7874.37122920737,12626.3191071074,4045.25500387715,18078.2309033042,6128.24776004477
11268.1264568778,8603.17465449371,10219.611531047,10580.2278914755,14486.0710109525,8353.39535420139,8808.90053362083,6329.57180397428,12128.4608393833,9037.32056410005,15673.8143248018,5485.37059605213,7251.0116539445,8575.28408332782,7212.986263537,5296.10010250852,6771.36683791947,5653.20877143094,7099.00208430401,16394.7015059229,7950.36928509949,22274.56196183,4581.6571341659,12689.9250402163,16237.5519752406,7874.37122920737,12626.3191071074,4045.25500387715,18078.2309033042,6128.24776004477
11268.1264568778,8603.17465449371,10219.611531047,10580.2278914755,14486.0710109525,8353.39535420139,8808.90053362083,6329.57180397428,12128.4608393833,9037.32056410005,15673.8143248018,5485.37059605213,7251.0116539445,8575.28408332782,7212.986263537,5296.10010250852,6771.36683791947,5653.20877143094,7099.00208430401,16394.7015059229,7950.36928509949,22274.56196183,4581.6571341659,12689.9250402163,16237.5519752406,7874.37122920737,12626.3191071074,4045.25500387715,18078.2309033042,6128.24776004477
10258.7386492834,7995.66692974858,8890.74754699535,9451.90129951537,13153.9239449549,7855.97738212148,8514.13275384395,6133.47875614403,12045.4384276016,8074.56219418169,14462.157032484,5012.49166223901,5980.85169123049,7835.9092717796,6552.33933797209,4918.63387823796,6295.38414215467,5300.22291091286,6176.47664194276,15168.7581520572,7575.60445305532,21615.3915991576,4255.33953234654,12057.1044424683,15145.6618607417,7617.23296833347,11214.6097985352,4045.25500387715,17441.3206495572,5121.35053520929
8316.30652993288,6969.49922658772,7933.70680685001,7886.17571442636,11191.9314382956,6824.91911005338,7163.36985559694,5208.7741176574,10168.6378344983,7342.82287726714,12184.6643451015,4278.87169070254,4828.87135767376,6400.76769326379,5698.51344925433,4347.32641444458,5644.18726335455,4549.77073297117,5558.9038574601,13606.8011930018,6796.35452696522,19811.3717094804,3761.9560572638,9946.41500473077,12193.0390190022,6636.90870082746,9611.70717551861,3805.92800634285,16368.060071547,4549.41613556499
4589.94327256737,4596.31847273062,5144.96367259122,4572.49437319616,5534.84233658589,3955.535869255,4143.62915753844,3540.18862811499,5981.73364265488,5177.03883004866,7573.52277769046,3145.02359348224,3416.39589492296,4338.71818488818,3662.3464130012,3255.88419031654,3894.69315045664,3510.97359888483,3955.62935904053,8285.83307341075,4385.89573464401,13220.2969006755,3100.9985120461,5561.15631105068,5382.53899131179,4405.51371276306,4300.62508520935,3195.32701362451,10918.8687443466,3554.05313201343
2526.79037513962,2634.46333300583,3086.91653731967,2588.87177086741,2745.16080712572,2502.84165275183,2568.67840760432,2315.34018093935,2801.8337609076,3283.12836258411,3398.98470509846,2395.18938866451,2616.96182955332,2546.69514212504,2248.96651437873,2500.24107743027,2555.46402779401,2683.73962955274,2502.00157117481,2550.05067731451,2603.45563707306,2677.97397752469,2541.25157338697,2484.47955937739,2602.33650977102,2585.05161344065,2184.7061091907,2214.50803053043,2293.23474530313,2432.67326858746
1880.84113379241,1850.9053231235,2253.56793455765,1810.21018052981,1835.69806915009,1813.925413791,1789.66958511287,1551.72492103792,2076.71183088952,2138.54762164001,2305.04388869696,1839.10589288828,2072.99122241391,1804.97667421917,1560.27772442153,1995.06275222369,1935.41199453318,2097.21655211466,1843.22777054415,1586.82778202845,1991.1328453968,1229.07080913182,2138.42229800363,1580.66057898542,1706.26457326948,1747.80536486506,1394.44930243324,1817.21494795428,1214.77188553863,1744.65069299526
1563.94544769346,1504.81371346798,1934.68852662445,1425.84230167412,1451.25199426468,1448.09901887037,1378.36099276853,1223.64481991425,1667.46094817967,1724.95952661425,1889.73917088126,1534.48678087757,1779.35355079035,1436.61435945442,1239.71420386893,1737.43446152464,1661.58916793366,1832.4149054377,1452.06283805721,1168.04792486844,1680.60678422771,404.006652139316,1856.78582479802,1077.17158262194,1301.1042080514,1291.00045822236,1038.47794020702,1492.28866043511,573.993285310889,1345.38014828825
1516.71383657262,1453.37479714467,1893.58855024704,1358.73778089491,1375.31108459354,1396.85102806161,1313.23857906565,1171.23957691192,1604.18622960897,1663.75127490041,1831.02920756116,1484.43418657505,1735.38899465646,1379.20918218902,1197.97521857216,1695.30974834446,1620.71829373037,1792.53096942993,1390.15753464483,1101.28187836168,1631.42085197091,302.055075297271,1802.28103132833,1003.02887604219,1243.36290300193,1225.68751494565,988.215900335865,1441.81473944308,484.665484763329,1296.41106348975
1129.57723276172,904.710511236071,1518.5421116773,1117.64720866089,1112.09655043124,1396.25161710551,1312.49300489176,1016.24739760316,1603.38800643574,1546.4361042277,1530.34747024304,1439.98747576447,1316.56908659783,1130.49832809287,400.03814170016,1238.94402192423,1469.65962523618,1570.23071766302,1362.47514991891,1100.3167073046,1493.94609857068,300.783134463585,1470.8570849447,1001.8369239968,1224.41748181918,1224.69486568218,987.573459185788,1161.11550864236,350.013130652756,1295.72921664619
1099.24265165313,865.741187245681,1400.46995756049,1090.05391245544,1075.73608442442,982.082534865242,714.095912879282,982.910507596725,1359.74697647018,1513.12859007493,1282.10522338218,1403.07777939562,1304.01643387682,1109.66400278228,400.000000029251,1222.70243721893,1074.69860283685,400.000000973647,825.199350431413,1100.3167073046,300.006379156243,300.783134463585,310.474970964505,1001.8369239968,1193.02264268098,1224.69486568218,987.573459185788,1147.79298258493,300.006266140833,1185.20517424069
