13377.5001341618,25345.0583693492,26808.9984220794,15080.6262386895,22941.6236624558,8305.54626770187,32645.7473820558,12354.7411125419,6605.4995060607,13710.6247562089,12690.8543340161,13718.6619134914,15045.6012751858,16581.8912234885,8234.19904731517,28695.0181808781,16070.2693308318,23640.0517252687,13680.1752907252,13379.5279573864,20554.3712731377,13710.504339841,9375.29508470198,13338.7170469171,39327.311936629,20927.9849744544,28924.502137671,14910.3715704369,20606.7987221159,20058.3516291944
2087.10136448847,3361.53428828721,3185.93042081173,1802.46980092032,2993.62465764488,1447.27864848562,2179.46286323703,2523.00087718198,2002.07146072625,1930.73129574247,1735.34016895428,2950.76083621812,2563.81971704997,1884.35599248633,2169.04237741578,3185.66586059896,1988.57556678464,3178.2027058609,2004.54354458647,2556.58737704073,2647.36453929941,2000.07593067962,1508.72203440187,2112.12218693474,3203.52412607971,2287.4095887275,3103.37099286,2114.57217910335,2460.21041457286,2432.77461557363
776.407787731103,1317.50365231866,1397.14466408778,537.334551380075,1217.3674841356,455.837567929365,569.318741730359,879.16449181039,678.804520064846,645.424025245693,590.444549555218,1252.29806820332,989.623789296574,568.447445573542,732.205487064498,1067.67389505085,671.268903748666,1363.93920583344,622.990785510436,813.125947216519,1049.83948088525,773.884907347669,548.00419992496,754.080097023583,1291.5517606995,729.773153219118,1071.8502397822,786.685350754053,798.985577851156,861.497628913286
243.825551390099,232.751596191853,161.993829539424,191.552017916799,177.209920463854,189.46312115068,156.166074936715,199.657622643006,197.106469006355,244.189940216492,228.714806051967,180.636302867767,221.639362189384,147.595753305676,211.614702669568,230.48652231889,197.064887350258,256.210470349944,208.04139489914,220.230163041715,214.296353837251,188.735953253828,170.374085270235,167.075525621503,252.054752835547,182.757813559826,239.155541493025,204.845748007967,207.110374558104,187.141337643971
4.98875130113413,2.49907490047178,1.92031618988892,1.48264575815108,1.79648817504358,0.751736901470849,0.896589828311221,1.67888058434892,2.00112984280429,3.57139040034224,1.82688198359506,1.33561352132847,2.60451506266656,0.922817491614524,1.76929725857258,2.45689477470842,1.96896812281852,2.50345768655006,1.81300159153523,2.15991940382298,2.3352121003644,2.13617015010288,1.32131437696432,1.53028209404442,3.9059504201166,1.29599806775479,3.53444073151604,1.79286627150179,3.22889395046957,1.90240771529977
0.00684114836053595,0.0035326590348177,0.00399755754017406,0.00411934453370577,0.00508485422426475,0.00378376805156222,0.00421795788372492,0.00497580433477651,0.00568407161551931,0.00518346073306475,0.00353134372414843,0.00281365254193133,0.00429395758078499,0.00430277328644024,0.00468933205229405,0.00643367393979588,0.00458940772671212,0.00535697510451882,0.00538135118654282,0.0049585709485882,0.00543121061753027,0.00524653929221586,0.00453926652949121,0.00401791304125254,0.00581506506398455,0.00397962815418396,0.00406957665882146,0.00439037862531677,0.00446286591795797,0.00475625199192109
0.000736317167365996,0.000417520293240159,0.000623486865947598,0.000458806037158865,0.000561664748261137,0.00050369217763091,0.000412607154316902,0.000584500907734764,0.000644896344169865,0.000586719173838901,0.000528172214899314,0.000363057320100779,0.000592944958270891,0.00040724341670284,0.000525766907685465,0.000538506352086188,0.000526455165527295,0.000597318367226762,0.000366052552635665,0.000506825491356722,0.000600236262926046,0.000718944913046471,0.000338332539854491,0.000616878509390517,0.000635989943134518,0.000410634253171338,0.000711011750922808,0.000439963062035531,0.000686415516156558,0.000535852313191754
0.000107926863620378,6.64254523599084e-05,5.30271813659056e-05,4.68677957314867e-05,6.07465144639718e-05,7.42417877290791e-05,7.33504788286155e-05,7.81346458325061e-05,4.54216154821552e-05,8.78958976500144e-05,7.08390733734632e-05,5.40346460411456e-05,5.5402161137863e-05,6.91727368575812e-05,5.79112958121186e-05,4.50808206551301e-05,6.17942610006139e-05,8.15945702470344e-05,5.31434983486179e-05,7.88999673204671e-05,8.08363873829876e-05,8.55288709544766e-05,6.68555570655371e-05,8.91520204504559e-05,8.29680204788019e-05,7.199248238976e-05,7.20928235296014e-05,6.55989298365967e-05,8.36137090800548e-05,7.64047508710064e-05
1.1696666433636e-05,1.22717707427e-05,9.99104224774783e-06,1.29153748957833e-05,1.21637809797903e-05,1.51007068325271e-05,1.08165988876863e-05,1.65393892075372e-05,7.54453742501937e-06,1.36859005124279e-05,1.06600871276896e-05,1.54614544953802e-05,9.1939784852002e-06,1.21538167832114e-05,7.77948957875196e-06,4.82991072203731e-06,9.88604710983054e-06,1.10994828901312e-05,7.40350071737339e-06,1.16638036615768e-05,8.6897874780334e-06,1.5151292018345e-05,1.15093810109101e-05,1.78287010612621e-05,1.69162825613967e-05,8.0213203546009e-06,1.54030216208412e-05,1.23778694387511e-05,1.19372721201216e-05,1.36792973535194e-05
2.44681189087714e-06,2.29013073749229e-06,1.98829377495713e-06,2.79372363820585e-06,2.23923029807338e-06,2.26334702801978e-06,2.72355282504577e-06,2.97585836506187e-06,2.30958210067911e-06,3.32653326040599e-06,3.39417329087155e-06,3.04384889204812e-06,2.82944040463917e-06,1.55635950704891e-06,2.05441415346286e-06,1.21718812806648e-06,2.51565245434904e-06,2.20434071707132e-06,2.12757993267587e-06,3.0316409720399e-06,1.4501358691632e-06,2.43800343469047e-06,1.38500399771146e-06,2.43209933614708e-06,2.76298794688046e-06,2.02989690478717e-06,3.10294865357719e-06,2.73082582680217e-06,2.55112115610245e-06,3.27303598623985e-06
9.03271597962885e-07,5.76527781959157e-07,6.45526824882836e-07,5.96185373069602e-07,5.977682349112e-07,4.68329517389066e-07,5.6306066653633e-07,4.8982235512085e-07,8.60201907926239e-07,6.68641291667882e-07,7.87511794442253e-07,5.30768716089369e-07,6.17324644736073e-07,5.4634881507809e-07,6.68204165776842e-07,5.30974148205132e-07,8.22047240944812e-07,6.51064510748256e-07,8.46074044602574e-07,3.27787802234525e-07,7.52901996747823e-07,5.61628439754713e-07,5.85537804909109e-07,6.81120695844584e-07,8.64426965563325e-07,6.87177362124203e-07,4.38217512055417e-07,5.52725396119058e-07,4.20967467107403e-07,5.78091999159369e-07
9.03271597962885e-07,5.76527781959157e-07,6.45526824882836e-07,5.96185373069602e-07,5.977682349112e-07,4.68329517389066e-07,5.6306066653633e-07,4.8982235512085e-07,8.60201907926239e-07,6.68641291667882e-07,7.87511794442253e-07,5.30768716089369e-07,6.17324644736073e-07,5.4634881507809e-07,6.68204165776842e-07,5.30974148205132e-07,8.22047240944812e-07,6.51064510748256e-07,8.46074044602574e-07,3.27787802234525e-07,7.52901996747823e-07,5.61628439754713e-07,5.85537804909109e-07,6.81120695844584e-07,8.64426965563325e-07,6.87177362124203e-07,4.38217512055417e-07,5.52725396119058e-07,4.20967467107403e-07,5.78091999159369e-07
9.03271597962885e-07,5.76527781959157e-07,6.45526824882836e-07,5.96185373069602e-07,5.977682349112e-07,4.68329517389066e-07,5.6306066653633e-07,4.8982235512085e-07,8.60201907926239e-07,6.68641291667882e-07,7.87511794442253e-07,5.30768716089369e-07,6.17324644736073e-07,5.4634881507809e-07,6.68204165776842e-07,5.30974148205132e-07,8.22047240944812e-07,6.51064510748256e-07,8.46074044602574e-07,3.27787802234525e-07,7.52901996747823e-07,5.61628439754713e-07,5.85537804909109e-07,6.81120695844584e-07,8.64426965563325e-07,6.87177362124203e-07,4.38217512055417e-07,5.52725396119058e-07,4.20967467107403e-07,5.78091999159369e-07
9.03271597962885e-07,5.76527781959157e-07,6.45526824882836e-07,5.96185373069602e-07,5.977682349112e-07,4.68329517389066e-07,5.6306066653633e-07,4.8982235512085e-07,8.60201907926239e-07,6.68641291667882e-07,7.87511794442253e-07,5.30768716089369e-07,6.17324644736073e-07,5.4634881507809e-07,6.68204165776842e-07,5.30974148205132e-07,8.22047240944812e-07,6.51064510748256e-07,8.46074044602574e-07,3.27787802234525e-07,7.52901996747823e-07,5.61628439754713e-07,5.85537804909109e-07,6.81120695844584e-07,8.64426965563325e-07,6.87177362124203e-07,4.38217512055417e-07,5.52725396119058e-07,4.20967467107403e-07,5.78091999159369e-07
