704.073720955268,339.213037534284,235.029560345339,5388.68238549144,190.930441804965,328769.784173245,1625.01201431396,429.925487019297,633.846965834759,4847.64331497442,256842.021297128,189.644961261362,1552.94845829487,270.030200979635,165.53751709535,286.984214873365,294.038760076228,266.685497294975,6771.1190874428,514661.531760307,406500.136595884,1136.2580651312,350.206611066661,14588.4413161933,1733.43996408503,322.216782185359,236.469705843442,2409.90176080449,989.653831630805,243.519564654891
165.286463639769,121.102261488892,138.172671664881,145.224132617784,96.9775253306498,391.631706383782,122.752076702706,156.71984559765,104.540910630414,163.940493067864,187.179529933769,82.808092747925,122.393825777351,140.131584481896,103.770936441902,150.837206429202,125.387597299175,127.010022042992,114.191317164163,176.57766531364,168.004868735804,120.506842869435,155.787107949778,155.824193559814,123.510116856713,50.7509419689235,136.961833820414,119.749077173066,78.0924425939427,148.054145848988
129.321323799851,107.32102018976,122.481760697359,105.892464192273,83.7614474727317,178.544238693107,93.8625996435039,129.139488807984,80.2701624368443,120.561788136705,102.878077358429,60.9256284927121,94.498545595638,107.865939659408,81.6504390425008,115.75318768675,86.0381075707905,106.157705387457,70.0225746981838,115.519711804291,107.547476034279,86.5785500088452,122.266933848777,115.160280848906,93.4326984060738,32.8733541420474,123.390650974125,84.8331781106876,56.2902154201555,135.463548777169
113.46581710114,102.202713314396,121.621591408331,88.9538558358349,82.2145406466838,137.980928287858,80.0356819356489,126.700433742106,76.4715269532965,93.0912425715694,62.9805984231469,59.3678849855772,91.7020217470472,97.0436922535418,78.7792826094329,110.066598415392,81.4997703516091,100.971204119018,58.4019824374317,86.5810756353141,82.9757420955125,82.4446703280811,117.171801455026,101.362715890363,80.6657253248766,29.1869297667463,118.432660924586,77.8928035599292,40.933043732933,131.576347172488
108.193218598384,94.7207094762139,117.120225739354,86.020283225295,81.188740363172,134.695202499351,71.633820149818,125.397726452053,74.9522777303192,87.7464787541853,60.0335020003848,56.8338335191208,85.9199388294304,93.6139248307286,77.3470115315745,105.981130234826,77.8438483504347,85.9523702577289,56.4076618273922,83.9492435984151,80.5691532783486,82.1723622480532,108.52905016942,92.34157549346,73.709416725198,28.9884512770503,114.703404007281,74.7896745931828,39.8066713966049,116.979398719743
105.529097930271,93.7957453554743,114.317994765242,84.2005150551971,81.1319147371097,132.685393545221,70.7339955971914,124.211626841838,74.6885743280371,84.181199323099,60.0266208293681,56.4006236867103,84.9882447569084,91.1802617237629,76.6025002242961,100.975625145109,76.551724306901,83.0195603349647,54.9863101877289,80.6339760528973,74.4842500379909,78.1320352095976,106.873939440639,80.7350681381592,68.5023474394083,28.3909027082943,112.466591241175,73.2280813691084,38.8213103761918,114.563127445496
103.551655218245,93.7333255967878,113.040135274248,84.0478459777136,81.1159937518189,131.667854403826,70.4434699273368,123.02539553807,74.5191450311678,83.9255721581158,60.0266208293681,56.3828347329376,84.8572136060294,90.0412148404976,76.3656063723819,100.361537724593,76.5215310671446,82.7913718914045,54.6910130454293,80.3298870693648,73.6732189644748,76.3462033221311,103.054701374142,79.9612510884881,68.4065008637145,28.3076474562386,112.164079171696,73.0247250891111,38.5209337761511,114.501463517296
102.968015707858,93.7238640950817,112.369155925865,84.0295338604824,81.1147711842509,131.626018967776,69.6585491579898,123.022466623676,74.5155394863144,83.9139615698896,60.0266208293681,56.3827347087099,84.8552562446805,39.8554752797475,76.3191377099402,100.360326264868,76.5185538872115,82.7869639016524,54.6289596826991,80.319867409014,73.6689059074196,74.5559418681504,102.384286165382,79.9377052075131,68.3906573514427,28.199327385552,101.820291268057,72.7564409096658,38.4679534253719,114.489887487326
102.965380804003,71.1052781983639,112.346042117071,84.0276786442837,81.1145819320913,131.624296380575,69.5681338405399,36.0191645607665,69.1394712900294,39.7362276418224,60.0266208293681,41.2334342986837,84.8550715343733,39.270882491278,76.3188911925891,92.8698471142238,65.3165055937233,67.688810909986,54.6285440703634,73.7205226929525,73.6678556603082,74.3671143553876,102.258142381076,79.9365926852502,68.3906573514427,28.1579181235259,47.8241009838289,72.6485371039842,38.4660990418258,114.48275395328
25.9365834975762,67.0219883709112,39.1952437413494,73.6748982883499,71.622395946592,11.2572318191708,69.5576656025828,35.7528491235989,68.0640813410587,38.7515470540504,52.0333418847987,38.5181210307359,84.8550715343733,39.231564329078,76.3188904614266,89.2928026873227,65.0769968262648,67.4572473863283,54.6285440703634,25.7084562410175,49.456595573516,74.3671143553876,102.239612634258,79.9365926852502,68.3906573514427,28.1579180777887,47.7455808673245,72.6476953574506,9.25416734560883,87.0090033378679
24.7314420246454,67.009159810193,39.0873369656958,13.5604697423903,70.9067818030852,9.36070061946543,69.5576616059247,35.7298827159086,68.0318591521329,38.248679375524,41.9817741871652,38.5079614739801,84.8550715343733,39.2308170455198,76.3188904614266,89.1803113854299,65.0765793048445,67.3856144821264,54.6285440703634,23.2469862667126,49.1258233657946,74.3671143553876,52.1254636091091,79.9365926852502,68.3906573514427,28.1579180777887,47.7454107418137,15.3682284106344,9.25377303553284,85.8165010282964
22.4529460219901,8.22704314503505,39.0721938190602,5.60166666217549,70.7032158052205,9.36070061946543,63.1087766961956,35.7282542823021,68.0318591521329,32.4071176714094,29.7699655998401,31.727498984699,78.1260441188083,39.2308107504178,74.4023885903202,45.2316995980231,65.0765793048445,67.3856144485013,49.2159849228642,5.27575382766679,2.52234029076294,12.1334663937046,52.1254636091091,79.9365926852502,64.6266182880436,28.1579180777887,47.7454107418137,15.3613839800207,9.25377303553284,8.42991170997573
12.9850882440847,6.65076789209968,15.2415346442781,5.60166666217549,27.6622948515187,1.97245592947058,63.098733788079,0.133487098608953,68.0318591521329,32.4020598679526,7.72821643714576,30.4512879783215,36.2565321834179,38.1774429527159,13.6485386639183,6.71156044082056,1.74232645571328,67.3856144485013,0.894568170886373,4.06475531604815,2.522214069548,12.0109054851788,30.8034675193295,68.6057972760329,34.7235117136797,28.1579180777887,47.7454107418137,4.96128412795304,9.25377303553284,5.27851921255922
0.484301648166479,6.65076789209968,0.610465372690896,3.80497226615262e-07,0.302266495772869,3.66380959349044e-07,1.74249083413895,0.123349324561786,16.6168800441229,2.83006215795467e-07,3.75566773200831,6.22285597627103,0.0001806807599678,31.6219695156096,6.50520302087898e-05,3.4561055585342,1.48787483954663,0.574611562099221,0.767220660593921,2.38262362017849e-06,2.61341710938723e-07,0.000120033238999895,1.95683810488845e-07,0.689567898558948,3.18596107717894e-07,11.1133598264385,5.57814828838741,0.00025295887280663,9.25377303553284,0.41788917163899
