79.816346660918,71.9945414134518,78.3286821195894,77.5690034357702,81.451386865814,86.306992020959,79.005738609504,75.7366077234184,72.9576979795613,79.1213162977359,68.7629945914325,86.6707238654024,77.0836646843824,72.1567293061237,85.3209510113843,71.5663752213081,82.2309756635362,78.3170809742875,72.6229536809592,73.3953623918275,72.1716229886758,75.7281231789034,80.9402049250122,80.8395296493493,87.322893589456,83.0658611100534,89.1544554215126,80.3930282070042,81.820078771757,76.8043567026109
71.8989059558411,64.8848861123772,68.8973025226036,70.7315103883122,73.1007423676009,77.7891194367446,69.5471696567645,68.0024327431079,64.9903390911309,71.190202181555,61.8568157450009,76.7551352543185,69.8603743706227,60.1768633190839,74.3847522868941,60.3184354328642,71.6482531142345,69.2220028189345,62.4747385052011,65.4670639428766,63.6906397858269,65.8315714780248,72.2539590639849,70.9200635246141,75.9880343935115,75.7209206563221,78.0310402641338,71.3912214035161,75.4095004255713,69.952173470019
66.9004820724888,60.8915454340637,62.6792353171352,66.5400342148281,66.8576464568624,70.8675602833578,64.6212776137897,61.9573964595834,60.2217094685539,64.040385956661,55.8364734455105,70.2609069877587,63.2849728763292,50.2605857269991,70.0997530712095,53.3069200044375,65.4143993628425,64.0510447273591,56.5563737698139,60.5501868367165,57.9586971950921,60.3456661021928,65.9735081087447,64.9552107668446,71.8196662875773,71.6742614897644,72.3131347361302,66.2127045072326,69.4255834684244,63.8909199487751
60.3981619776778,55.5070787164813,55.7309283292848,61.7802813116288,60.0974328159118,63.8259474739286,58.2275393618509,55.6704597806802,54.3123494092516,57.3049056197929,50.7988186410614,62.8915193157867,55.217700175767,42.8426698199879,63.430473930737,44.9569993823351,60.1414061801075,57.6239182796941,49.022225426844,55.0925777561924,50.4615665938283,55.5347807959687,59.2546304331476,58.0709610732808,66.0195579619619,66.7165356883097,66.2251961174118,61.5826136695526,62.2489430462437,57.0563222080582
56.139203678132,51.4700497726012,50.5806625322413,57.5406768085329,54.9063143054948,57.404522693978,52.832123275971,51.106231774558,49.6504468510125,52.7632250967213,46.2710003939852,56.5186648289297,49.621395165856,36.8345511747727,58.2776179660024,39.5391625421549,55.1129648837293,52.9897703163675,43.7020319554942,51.4184583059532,45.917373330142,51.3461869816924,54.875734144593,51.628692077949,61.7465169322112,63.1279587631923,62.1180148064226,57.3929700986744,57.5819088851235,51.881026788318
55.3940438911494,50.7713863192565,49.6356447267273,56.7854117751067,54.1617546085158,56.3676195122436,51.8773685571026,50.2929824145195,48.8205919319131,51.95219875312,45.5685702825645,55.4704134754129,48.4483207498341,35.7728753065827,57.4396142575658,38.5737785751606,54.1899635994669,52.0774852575362,42.6339296279002,50.6771307330625,45.0402228543292,50.7142513411479,54.1996191576903,50.3710666037775,61.0273868677377,62.4143249004671,61.3243743297373,56.7021563522036,56.6761584270187,51.1180370269631
55.3735745924091,50.7528862032316,49.6039357767713,56.7681416551927,54.135870628352,56.3402272512733,51.8514741862992,50.2713333089619,48.795823696093,51.9366571745215,45.5493553300453,55.4467493460545,48.4176139594859,35.7415039045394,57.421884366268,38.5501759766803,54.1687490380585,52.0538506136871,42.6093222351943,50.65605683305,45.0175083149373,50.6975297515799,54.1805884480982,50.3391617462195,61.0053441782641,62.4000067074634,61.3066566574646,56.6836410560769,56.6467039572202,51.1016399525632
48.6972871418502,50.7526180323919,42.1745495944006,55.4415301567251,54.1355817655498,51.9015392673058,37.4584007087029,50.2709406409625,48.7956353930329,51.9364637265485,45.5490083924112,42.4063429581311,47.3394133577151,35.7408253007829,57.4216269931881,38.5498808575587,54.1684634819327,44.6299881029485,42.6089132815812,50.6556335425846,45.0171483953326,39.8962793085531,54.1802566618705,50.3386486234504,47.2574247061684,55.4187486292238,55.3197707215622,50.1392562977783,56.6462700716747,51.1013844182444
46.6777131237898,50.7526180323919,39.106159067511,53.4291997423904,54.1355817655498,48.5920883934765,33.8289347173738,50.2709406409625,48.7956353930329,51.8716877759197,45.5490083924112,39.9527818283266,44.4986247944248,35.7408253007829,57.4216269931881,38.5498808575587,52.6573690696724,42.4664295340531,42.6089132815812,50.6556335425846,45.0171483953326,36.7638523877682,54.1802566618705,50.3386486234504,44.4508974819307,53.5822528473838,52.9868597840903,48.1071680772624,54.2853784490702,51.1013844182444
46.6233375079331,50.7526180323919,39.0182135355874,53.3709641478924,54.1355817655498,48.4936045903654,33.7239424653601,50.2709406409625,48.7956353930329,51.8264893968089,45.5490083924112,39.8818254529648,44.416053232899,35.7408253007829,57.4216269931881,38.5498808575587,52.584510204141,42.41082062164,42.6089132815812,50.6556335425846,45.0171483953326,36.6777665065466,54.1802566618705,50.3386486234504,44.3921105452379,53.5295635900375,52.9257756583747,48.059917008185,54.2144324032439,51.1013844182444
46.6220045327671,50.7526180323919,39.0157966769506,53.3694614783914,54.1355817655498,48.4912787381049,33.7209533821576,50.2709406409625,48.7956353930329,51.8254139613091,43.405269376446,39.8794088042856,44.41438252826,35.7408253007829,49.4337785870679,38.5498808575587,51.6555252929035,42.409355895384,42.6089132815812,50.6556335425846,45.0171483953326,36.675660079169,47.6306505385064,50.3386486234504,44.0285092324312,45.3231831299343,50.7759344302505,48.0589016632071,47.4579251412503,50.9030226023151
46.6220045327671,49.2427713761597,39.0157966769506,53.3694614783914,47.0700179032654,40.8219407155046,33.7209533821576,50.2709406409625,48.4273613116203,45.351604071338,36.3935360200072,39.8794088042856,44.41438252826,35.7408253007829,42.1976352455498,36.5351084286892,40.7604335890197,41.9776021301579,42.6089132815812,50.6556335425846,39.1242084895471,36.675660079169,40.1311975659905,48.4241717806632,34.9626565347652,36.2340666681339,41.3924935625087,46.3953579396031,37.9131724305995,43.9645667293061
46.6220045327671,48.9924923710892,39.0157966769506,53.3694614783914,46.8530548642201,40.5285350544802,33.7209533821576,50.2709406409625,48.1891388009402,45.0832215686213,36.1960041149357,39.8794088042856,44.41438252826,35.7408253007829,41.9848860666309,36.2961280305451,40.4993758258587,41.7836531598027,42.6089132815812,50.6556335425846,38.8882861122249,36.675660079169,39.8739107185361,48.1729561479297,34.6737942255351,36.0041136116787,41.1745740337419,46.1885425502363,37.6449780998655,43.7823217548776
46.6220045327671,48.9844235735733,39.0157966769506,53.3694614783914,46.8465841053389,40.5192574749814,33.7209533821576,50.2709406409625,48.1795088782129,45.0729192328049,36.1907973210408,39.8794088042856,44.41438252826,35.7408253007829,41.9782110788747,36.2885908313527,40.4915962602039,41.7772335560068,42.6089132815812,50.6556335425846,38.8799451444431,36.675660079169,39.8654225851259,48.1654454373014,34.6633626789082,35.9955700048354,41.1669982406326,46.1825011732152,37.6365030923813,43.7765674447927
