1913.7951128984,3476.00351556684,3041.23426784799,2772.21915207259,1718.84515133387,1910.79871345551,2384.65321679637,2793.01686875378,1717.32786653358,2846.40724023036,1959.70516045494,2308.52322531815,2305.28888530929,3153.70781354221,2100.44531905055,3898.97313900461,1272.91576203444,2156.91624112855,3410.7692286104,1301.84820307413,3141.71249438235,2239.90581252962,2389.31919561571,2144.43081959347,3051.39356049381,3124.68800060621,1928.65854109651,2700.82813337331,2988.38536865479,7081.47207126156
1913.7951128984,2090.28871783252,1941.7071221066,1905.13088736932,1067.42388196964,1568.59314217143,2032.80929923378,1908.77409128049,1640.82050147723,2846.40724023036,1844.77815709198,1922.24346169502,1769.92199371856,1838.25390001772,1814.40895565042,1613.69432796401,997.980568723745,1597.71442856748,2124.01221606956,1051.6969591387,2401.45816739701,1376.13671056128,1222.9644126207,2091.7213490872,2158.54061276352,1701.75348365984,1787.20890859023,1386.28554024325,1576.35365915828,1771.30509563055
1328.71045043897,1250.0063205348,1407.35096355687,1370.05794357133,814.676004095364,1273.83897331437,1103.74319801398,1687.82492439245,1053.85216162342,1855.73415381445,1553.93663942892,1440.7528106243,1176.25932396706,1311.91180534959,1451.5283536845,1552.71652594958,712.001358262043,1343.46468315906,1487.34606062617,1051.6969591387,1667.72627514397,866.751875460834,1193.26778715837,1326.93894410113,1577.68426165021,1288.48711700558,1455.17892921709,1154.15870025146,1167.75291389809,1237.40390938223
670.222930136913,1071.2389205816,762.847395866456,472.712292653048,676.550558200386,400.645997957646,744.022193417815,451.258545971039,353.273649533494,669.669915861752,320.689335011878,657.204025585024,843.93591215867,1041.13366693429,652.908249927917,445.653974261913,528.931065517197,703.461043223349,779.609378754473,730.538317441315,1166.63337716045,645.908929723424,1026.81930724828,619.819216757133,951.895183681476,695.305957865689,983.097410124348,849.404582928872,429.862443315677,947.142408791899
119.140552137481,527.099657324745,152.778535416815,320.908133812821,592.311037432591,53.3065144514954,212.505369972083,45.7803762718249,126.414562686576,199.334723151462,49.7019756075988,276.0829834066,162.942021977802,152.017708949731,301.93429161669,146.789367889922,284.164178155998,79.9527046439881,184.483341550948,248.582236656706,172.188285766257,397.313260476251,126.290036378591,251.508763870654,584.303084133,183.183781646154,174.183387946104,204.538308638617,165.060658327041,238.906069500107
7.98927383971958,417.172626701421,2.85268212496556,220.683207858285,582.056593786341,2.93188590825594,121.374994043063,3.0632312390317,2.2587608363951,126.538788082192,2.24184353426652,121.843457677502,8.06419504838658,2.5026469555683,2.76729040889843,121.205791559791,245.588480716443,3.18067255772674,2.78949688823257,127.172046280899,2.74510635484248,240.850131426628,2.96254746664911,3.91218006120331,385.902963620696,2.74347890264948,3.9851806423576,3.25100328352968,127.60566161526,121.712217907082
7.87229603962238,416.863336832248,2.6937738775968,219.671609909906,582.029461891824,2.88410688348303,121.343930359435,3.02337685373942,2.2248772857643,126.393389545629,2.20188903580265,121.677638500844,7.72605721211944,2.18491499519788,2.49637966585451,120.905156515021,245.536240543266,2.36475540353451,2.58365337855119,126.994361654579,2.38023430039581,240.111935170676,2.17540646690725,2.35696085683987,357.919523509174,2.42760017800304,2.60778276931418,2.68250936950477,127.570140469587,121.448307429437
7.86687602804243,416.856469728386,2.65607108502579,219.666223322199,581.98151107979,2.71887837840591,121.339600902214,2.57510033126681,2.0354877164824,126.368892480454,2.20001785102006,121.670016415176,7.71613319741924,2.17370464044083,2.49419769494121,120.835969717773,245.530442891872,2.35601379041186,2.42177746656238,126.987624683564,2.37573806029691,240.104278940982,2.16731522413229,2.34848826598348,357.889793457399,2.41801380941792,2.59925255391226,2.67898858430721,127.542762380554,121.445216280212
7.86126492093736,416.856310703199,2.6505350836031,219.664050878078,581.226945646221,2.63999623959347,121.338337835335,2.5248180712566,1.94132779622211,126.362398516361,2.19293496801993,121.669160689964,7.71565643846134,2.17362684425386,2.49298456776182,120.834348282448,245.513122766938,2.35370356703321,2.1516323391207,126.973870262619,2.3743250700622,240.100141994585,2.16604736523858,2.34823505637956,357.888449268143,2.41727475229771,2.59925204373285,2.67872071959349,127.332520500282,121.439518099715
7.84740872261185,416.851613804467,2.64901068411202,219.630784175596,580.750211758812,2.63486871528953,121.335306174196,2.5248180712566,1.93339092403904,126.344482588184,2.18262471895551,121.662788250034,7.70794736329504,2.17320589791875,2.48645653290308,120.818071675423,245.504562974098,2.32393818291939,2.11587364776729,126.969579233304,2.35853694793205,240.013809884815,2.1487771282275,2.34670089963043,357.872294046454,2.39581043879709,2.59925204373285,2.6694304278135,127.327655075955,121.425159591599
7.82619919746134,416.844463021998,2.64221476906709,219.539461159403,580.749512117109,2.62179359691495,121.321388589081,2.51800451225841,1.92406868448071,126.33051031753,2.11341348669549,121.654494500083,7.69401613397864,2.15505892657964,2.41006074611629,120.801717140582,245.317463397662,2.28641555588835,2.09619521048915,126.576884489237,2.33789336674233,239.993439965707,2.13691258812841,2.34450199402863,357.858816506925,2.35938133982752,2.59925204373285,2.65932196215428,127.313955022454,121.414745582228
7.8080555222704,416.83761938479,2.6331784622569,219.516879019193,580.743245747733,2.59212537515937,121.317101829951,2.50336981034935,1.91230685721547,126.295017712853,2.08166957038472,121.643771605812,7.66824669577209,2.14627114388655,2.37364555128449,120.784723276717,245.299651058783,2.2609538212235,2.08223096159067,126.57033821696,2.32621106005253,239.97000160341,2.1225718940795,2.33432505113977,357.820106728422,2.34186894757342,2.59925204373285,2.6487894484391,127.292711759192,121.397387530798
7.77983027300161,416.831208334462,2.6177773208134,219.503149508465,580.737582586314,2.55964098251289,121.307093104519,2.48887768701744,1.88914403292941,126.27730090344,2.03907253864005,121.630419370769,7.62213057904034,2.12503156273424,2.34661397821813,120.739496273131,245.275739260833,2.22595318739042,2.06738848616367,126.567281639328,2.29325527002572,239.938127233187,2.10499448460807,2.32108969653771,357.778650248575,2.3354726752276,2.59925204373285,2.61383634299567,127.270440725925,121.365081744407
7.75643126751836,416.816974561754,2.55874944390682,219.490485683838,580.726489808464,2.49699850681104,121.292778824709,2.46481515310369,1.85013153054061,126.255346704339,1.99978431191214,121.617223689132,7.59154106557139,2.11260274065868,2.31933210493205,120.69528758204,245.25600989223,2.20697507176494,2.03998297449757,126.562767656937,2.25739130190503,239.886399145675,2.06910435142398,2.31439473231231,357.735383852281,2.33027598469495,2.59925204373285,2.57631183531849,127.221651564417,121.331747984462
