2826.71024406742,2808.59562459788,2199.61095439757,3247.02178488733,2405.99828640606,2817.53695261754,1698.42964768025,2222.6191186924,2699.57854580758,2346.29127948502,2545.37558886469,2195.39691959913,2653.06682730432,2222.72907636511,1765.09146903607,2637.48919223532,2431.54576342836,2165.85858634776,2034.16644029178,2460.09248031991,2497.94573185972,2434.15342753172,2177.69569900433,2197.12647003635,2053.27285459848,2324.57745296796,1193.80875327868,1800.1422779597,2023.66384941606,2285.2837010251
2383.99385854397,2140.76016152418,2155.70815843004,2074.36419855444,2167.24673697266,1735.01901451769,1600.70543548629,950.690583588713,2093.03350021429,1466.54114930326,1982.09675589461,1611.89656955282,2037.72090572893,1134.75494462007,1076.32722191721,1425.71477990469,2431.54576342836,691.563251340778,917.621433959934,2326.42538864328,1756.70623884991,2231.61574184406,1781.2485912545,2058.21382493911,899.504216945441,1860.28672146512,488.367053696001,1320.57671393621,2023.66384941606,1985.55328134322
745.983132132061,1383.9064925672,1604.10511540227,1566.82694287719,1560.61428668444,1396.30303637285,865.481051152802,716.213798536314,994.871542412209,616.871672758617,1220.85852272282,1119.33660126655,1900.66332740325,636.275559204738,763.252946521036,643.425370532758,1145.02217582006,529.310089720329,448.662898575616,1501.94599106659,1239.58379341253,2231.61574184406,1024.83067266301,1357.18150522104,442.244580769214,1251.19293032108,316.37391614873,1227.08792636295,2023.66384941606,1167.49491396277
339.670270205508,497.556959218557,1169.88300736739,543.498854079563,1282.53888861816,595.296939628362,310.872014382167,350.597679247357,558.275623031971,372.667421958291,431.480860653666,456.266851697547,1587.89847073323,476.450571819966,601.788148917156,376.891964045926,348.372536595512,283.663909781146,448.662898575616,802.701612680731,253.569861833487,573.64073972081,384.884899141142,561.805070483887,189.272034494716,618.862947312809,316.37391614873,581.026736606022,1616.09661762419,503.840412231345
331.742056961957,330.737795972875,327.749817408288,505.764461164947,1272.55382354552,29.7911563733731,6.44351363489179,350.597679247357,489.376910832345,372.667421958291,431.480860653666,280.270529833487,1283.30265312509,399.444752535341,363.841027074803,376.891964045926,4.07023983969739,12.7654004520922,271.950813711806,111.34847773796,18.970657680349,29.812027718301,20.5806627097968,13.6789966179754,189.272034494716,409.682909964923,13.0474356061856,468.978926239175,497.483856903495,309.76409799274
301.11531679838,330.737795972875,22.5303168465771,452.604759813904,1272.39551699434,20.3423617931601,7.54216071526238e-07,149.577192696338,438.335924239965,180.257009343031,4.4213370955481,280.270529833487,1283.23876775834,359.55801517786,363.841027074803,232.196785816532,1.53136441897716e-07,11.0782828711357,271.950813711806,7.97794507580384e-06,11.8849434889027,8.2761243253261e-06,8.69420092370893e-07,1.31816488976884e-06,22.634441261138,382.732205597599,11.074379294711,252.957015143289,347.173984992377,249.72670304781
21.4119873427178,0.00509044575236235,20.9108905229869,397.020838333371,1272.39475358926,20.3423597854651,3.04238116181447e-12,149.577192696338,15.827920651839,180.257009343031,2.27542214699891e-08,10.8606594263446,1283.23876775482,155.085463775622,360.123390723813,21.8427637583333,1.42434212572577e-12,11.0782828711357,271.950813711806,1.0360601265802e-12,11.8849424418893,3.27175323870203e-12,1.44018130754375e-12,2.44049225273102e-12,22.3147844362376,265.819521752825,11.074379294711,252.957015143289,5.65343951137098,249.72670304781
21.4119304844087,7.25678776329157e-12,20.9108905012368,10.398892403787,1272.39474678833,20.3423597854651,3.04238116181447e-12,21.1281557474661,11.8849427479827,180.257009343031,2.26174634576637e-12,10.8326750651029,1283.23876775482,12.5826531177838,21.5210546733179,10.8326752008655,1.42434212572577e-12,11.0782828711357,23.1898951779248,1.0360601265802e-12,11.8849424418893,3.27175323870203e-12,1.44018130754375e-12,2.44049225273102e-12,22.3147844362376,4.60582172815189e-05,11.074379294711,74.2636112353678,1.14894353290633e-09,0.00867471495512556
21.4119304844087,7.25678776329157e-12,20.9108905012368,10.3981773085731,1272.39474678833,20.3423597854644,1.63550654500947e-12,21.1245626917814,11.8849424418899,0.832975110384383,1.87035572215185e-12,10.8326750651029,1283.23876775482,12.5826531177713,21.5210390233638,10.832675065102,6.69390468980661e-13,11.0782828711357,11.3601308039285,1.0360601265802e-12,11.8849424418893,1.78716301017327e-12,8.64197602368222e-13,7.7219712106095e-13,21.5404212648122,2.1129764604666e-12,11.074379294711,8.51449725540007e-10,4.47782551778649e-12,5.23803223018149e-13
21.4119304844083,1.65919130286814e-12,20.9108905012368,10.3981773085724,1272.39474434018,20.3423597854644,1.17328369242387e-12,21.1245626917814,11.8849424418899,4.97705580452627e-12,1.87035572215185e-12,10.8326750651029,1283.23876775482,11.7263948687445,21.5210390233638,10.832675065102,6.69390468980661e-13,11.0782828711357,11.3601308038954,1.0360601265802e-12,11.8849424418892,1.28127138528574e-12,8.64197602368222e-13,7.7219712106095e-13,21.5404212648122,2.1129764604666e-12,11.074379294711,2.21163827992162e-12,1.1762442871562e-12,5.23803223018149e-13
21.4119304844082,1.08187533006306e-12,20.9108905012368,10.3981773085724,1272.39474434018,20.3423597854644,1.17328369242387e-12,21.1245626917814,11.8849424418899,1.69138777058227e-12,1.87035572215185e-12,10.8326750651021,1283.23876775482,11.7263948687445,21.5210390233638,10.8326750651009,6.69390468980661e-13,11.0782828711357,11.3601308038951,1.0360601265802e-12,11.8849424418892,1.28127138528574e-12,8.64197602368222e-13,7.7219712106095e-13,21.5404212648122,1.66459438825465e-12,11.074379294711,1.21154937933928e-12,1.1762442871562e-12,5.23803223018149e-13
21.4119304844082,7.50362734909989e-13,20.9108905012364,10.3981773085724,1272.39474419741,20.3423597854644,1.17328369242387e-12,21.1245626917814,11.8849424418896,1.32457008324612e-12,1.563860152487e-12,10.8326750651009,1283.23876775482,11.7263948687445,21.5210390233635,10.8326750651009,6.69390468980661e-13,11.0782828711357,11.3601308038946,1.0360601265802e-12,11.8849424418892,7.1098682496995e-13,7.67016080279366e-13,7.7219712106095e-13,21.5404212648122,1.66459438825465e-12,11.074379294711,1.21154937933928e-12,1.1762442871562e-12,5.23803223018149e-13
21.4119304844078,7.50362734909989e-13,20.9108905012356,10.3981773085716,1272.39474419741,20.3423597854644,9.72555369571637e-13,21.1245626917808,11.8849424418895,9.23853586224747e-13,1.563860152487e-12,10.8326750651009,1283.23876775482,11.7263948687445,21.5210390233627,10.8326750651009,6.69390468980661e-13,11.0782828711357,11.3601308038946,1.0360601265802e-12,11.8849424418892,7.1098682496995e-13,7.67016080279366e-13,7.7219712106095e-13,21.5404212648122,1.57888517075359e-12,11.074379294711,1.21154937933928e-12,8.37256190303985e-13,5.23803223018149e-13
21.4119304844075,7.17796192854318e-13,20.9108905012354,10.3981773085716,1272.39474391522,20.3423597854644,9.72555369571637e-13,21.1245626917808,11.8849424418889,9.23853586224747e-13,9.64857823267569e-13,10.8326750651009,1283.23876775482,11.7263948687445,21.5210390233622,10.8326750651009,6.69390468980661e-13,11.0782828711357,11.3601308038946,7.03659353007424e-13,11.8849424418892,7.1098682496995e-13,2.60384306708753e-13,7.7219712106095e-13,21.5404212648122,1.12184335894957e-12,11.074379294711,9.14379683081279e-13,8.37256190303985e-13,5.23803223018149e-13
