3399.27436711494,7993.98547440415,8416.38557564723,17246.7349220758,3056.17759187184,13392.8046436721,6573.32789519298,7050.13953216146,12034.833070486,7646.24748622828,8988.5616467987,6830.43714378775,8657.42653250312,5197.55683634639,6204.21023837222,9207.55510061869,6277.23352008604,15696.2270688683,13362.7381262046,4498.32132378693,5505.1295417811,7131.81993445579,9110.21328219316,13035.3230393163,3749.80812134238,3617.19931086115,7102.16028345126,8534.4854683225,5247.10738611222,8031.52811578006
3399.27436711494,7993.98547440415,7321.38555459412,17246.7349220758,3056.17759187184,13392.8046436721,6573.32789519298,7050.13953216146,12034.833070486,7646.24748622828,8988.5616467987,6830.43714378775,8657.42653250312,5197.55683634639,6204.21023837222,9207.55510061869,6277.23352008604,15696.2270688683,10721.324262625,4498.32132378693,5505.1295417811,7131.81993445579,9110.21328219316,9526.00016074577,3749.80812134238,3617.19931086115,7102.16028345126,8534.4854683225,5247.10738611222,8031.52811578006
3399.27436711494,6013.57724961943,7321.38555459412,17246.7349220758,2817.52762347992,3344.97764536917,6573.32789519298,5670.59333503505,5435.40022509337,7646.24748622828,1835.90456756348,4579.43364011832,3834.73492664123,5197.55683634639,6204.21023837222,9207.55510061869,6277.23352008604,15696.2270688683,5339.1521360131,2366.1136816634,5505.1295417811,7131.81993445579,9110.21328219316,9526.00016074577,1153.93014208931,3617.19931086115,3857.98187255449,8534.4854683225,3359.91301033738,8031.52811578006
3399.27436711494,3745.85039673358,1230.41340900296,17246.7349220758,2004.93710506539,3344.97764536917,2405.8027960675,2836.27839609146,4395.34305815179,2014.40594321726,1795.60726753151,4579.43364011832,2300.34408334874,3513.06496040382,1158.67135242043,1685.13920709034,1075.32320983898,9492.00610253265,3239.62540936618,906.361823662355,1889.32989245671,3063.11626718812,1346.21949759763,1544.39135201512,542.010191663913,991.15128713153,3857.98187255449,1770.03691517686,697.302174816166,4755.70719764221
1081.90502172934,1031.73425471938,503.711188102629,2710.31453044414,624.339137422676,753.699374258866,2128.86919246411,832.660097095272,993.156747384438,1178.41247243119,647.188742622595,1474.12303548287,1043.9499469085,1113.18449911966,637.190703639165,1164.60533911536,616.335253126326,2131.67095151435,637.999432250184,431.568689086906,607.490203537564,825.243277382578,695.960415442829,864.659855358258,242.60744414674,230.761777647958,1531.01078554946,512.732500043966,238.424678010207,646.443237478861
344.093761593614,235.47119643884,189.533516297278,993.533354939348,305.311818956587,180.259296346861,533.82110164796,163.004027659555,214.613716569821,320.606047281978,128.514092289672,785.668457027259,401.43105912461,330.488881976865,197.89577981118,366.164157808546,351.417623828004,565.326844623859,147.230629143153,134.867457028665,149.732129318985,180.804380987044,170.096334401784,153.82125211338,88.8966803575651,104.745387115007,377.021378252056,169.389997819774,131.359362250892,225.276667537043
144.720553062028,94.0368761545517,100.633520057022,191.251355078297,143.959137144975,90.4391592799273,120.241935035342,99.2082262086883,94.2671166878423,100.151350087714,66.6054265783047,143.94957814547,175.140524153128,128.104182879853,108.595485832583,97.5619292915811,145.916606766328,148.538955824542,67.5008316403992,91.1306118873767,93.8846341906219,96.8532829760936,114.01037343588,89.0704159933558,54.4583317627541,62.8670525844249,186.215770632393,89.5925250548113,87.8879643806557,119.772609976589
97.106859520323,53.7454648406459,79.0242526999019,72.4423948069348,74.2615196595646,54.1611287387741,77.1450523612596,60.2855558507848,53.1582292996434,55.0138406800857,52.3308977676089,69.0389988836674,113.372579827449,85.5590530919501,84.2539274714104,58.7532953084101,75.7278342235865,69.0652782269399,52.5363815246353,54.5261158300183,55.0711455110635,55.6266462922662,64.7223920170627,53.4330826918425,51.3598395495914,54.6377782390946,98.4761152165075,61.1028197285376,56.6590186535305,91.8658551798643
82.3223670019053,51.9046471235643,51.7684456205551,52.3666887872382,52.0147625733381,51.5953442407741,51.9760750269293,51.717946158347,51.6639934503904,51.6335216083098,51.6570030888978,51.760688575776,83.8610274005813,66.6656126947574,53.119539666882,51.7490837968602,51.9860137824574,51.9636619937948,51.0816372019703,51.4984148786368,51.6491960621336,51.5925116431945,51.587355578537,51.2360513346916,51.347355031134,53.343786373487,82.6142693213769,51.7198142440656,51.6368186357559,81.6018781942133
78.5015572830116,51.5228139220491,51.2275740432552,51.4726480146539,51.4599167647006,51.1553962101445,51.5713184839784,51.4759594530141,51.224172392461,51.1812743760737,51.2777839897394,51.2097242005849,79.7685331082186,53.1295287449739,50.9096701870215,51.1496487432758,51.812232953474,51.4542582562819,51.0816372019703,51.1474092691451,51.4027663481921,51.4648272181299,51.308684245702,51.2360513346916,51.1178682029846,52.6506418741389,79.4285301460717,51.3649641169529,51.0391365769482,81.0390771009766
75.2528463337593,51.3674894856504,51.2275740432552,51.3502411184189,51.3162403059788,51.15210793964,51.2689761429471,51.1454455745207,51.224172392461,51.1812743760737,51.1801240686626,51.2097242005849,77.7068272501071,49.938920077124,50.9096701870215,51.1496487432758,51.188907289984,51.0154058115177,51.0816372019703,51.1474092691451,51.1135665771502,51.2277470546173,51.088944498617,50.9998419841582,50.7760664192482,51.2622864466232,77.0358320259152,51.3022723005601,51.0391365769482,77.0498826667379
59.6514075427285,51.0286737581576,50.9093285258734,51.3124245254042,51.0033896392542,50.9463149554137,50.7099797347305,50.9324142960795,51.224172392461,51.1812743760737,51.1449848149333,50.9982639887549,76.9756518730994,49.9389186861213,50.9096701870215,48.8241167424543,48.8334968035933,48.8093159601992,51.0559545849923,51.0013202877599,51.1135665771502,51.2277470546173,51.088944498617,50.9998419841582,50.7760664192482,50.9454604135036,74.2617858088015,51.2342673077694,50.9699959777206,74.2661110251324
50.8558926132437,50.9102888556888,50.8863713210355,48.8299586823169,50.819521306022,48.7872572793914,50.7099797347305,50.8672554894802,48.7762369578928,51.0350237693082,51.1153617809416,48.8836249276144,75.5431363157513,49.9389186861213,50.8469606931497,48.8240084258553,48.8334968021204,48.8093159601992,50.9030408729355,50.766675108488,51.1135665771502,50.3993923067921,50.9920155693589,50.7592480575297,50.7760664192482,50.9454604135036,51.1706585926782,51.0301213956857,50.6170700947621,51.0824019487514
50.6067196785799,50.8654050776527,48.8570060636747,48.8299586799696,50.819521306022,48.7872572793914,50.7099797347305,50.8672554894802,48.7762369577651,50.9498104323731,50.6852404768202,48.8836249276144,51.2507589654719,49.9389186861213,48.818884976099,48.8240084258553,48.8334968021204,48.8093159601992,50.9030408729355,50.6766468171805,48.8394930101663,48.8359785820174,50.9920155693589,48.7855609773371,50.5790003029665,50.9454604135036,48.7644774614865,48.8151829894041,50.6170700947621,50.8101940441283
48.7949494695808,48.816483837922,48.8570060635901,48.7960132971619,48.8820148510476,48.7872572793914,48.7684072024872,48.8223209401197,48.7762369577651,48.874390236868,50.6852404768202,48.7838043158653,48.7666434362856,49.9389186861213,48.8188846849758,48.8087266724929,48.7848146099434,48.8077302724705,48.87970842414,48.7965575104946,48.8390951598994,48.8359785820174,48.7968767988676,48.7855609773371,50.5790003029665,50.3766196652313,48.7644443207125,48.8151829894041,50.6170700947621,50.7571028237412
48.7949494695808,48.7819170181762,48.8570060635901,48.7960132971619,48.8820148510476,48.7872572793914,48.7684072024872,48.7836145301268,48.7762369577651,48.7819168768668,50.6852404768202,48.7838043158653,48.7666434362856,48.8031271486419,48.8059093674753,48.8087266724929,48.7848146099434,48.8077302724705,48.7999094078962,48.7965575104946,48.7854173576501,48.7816373333066,48.76840835185,48.7855609773371,50.5790003029665,48.783613064171,48.7644443207125,48.8151829894041,50.6170700947621,50.4867236979907
