81.2708030140917,51.8812077161802,57.8729008544884,51.6892119825303,51.4534379510529,51.8592231538024,52.4736829776177,51.7234220642762,63.226018839636,52.0824214326889,51.5800484122261,52.4138011500776,53.8578672036139,53.9984799536476,53.2240415285031,51.9618666524116,53.0320243897827,53.324885379009,93.0488823769836,51.6403498567578,85.7133844593143,51.9852495465782,53.6262936599617,53.4300677955032,54.1034170937322,53.0272794288719,53.0071353473372,53.2911604060031,52.4990027861182,72.7267198002674
51.4625838176603,50.3190024216485,50.8028695575439,49.8537020915165,50.4222414333871,50.3223834483612,49.9855578133033,50.3187114645196,50.6989774952279,49.9660236266378,49.958716929449,50.5891593468292,50.7766233097932,49.8684999511695,50.361222321608,50.9074296033879,50.0834046682008,50.1776123806793,85.8272405134355,50.4698130472023,85.2666549050425,49.9245313644129,50.5894508671648,50.518242126283,50.1103524518999,50.9270815110201,50.3468033344436,49.2669812441991,50.8796365072801,50.7423923346493
50.1837755299934,50.3190024216485,50.3873149858958,49.8537020915165,50.3228221250863,50.0590431313673,49.8466149500038,50.3187114645196,50.5072695952553,49.9660236266378,49.958716929449,50.5891593468292,50.4699223564915,49.8283964029882,50.3116989744194,50.0051418535922,50.0834046682008,50.1776123806793,83.4549478708821,50.4698130472023,84.965040073292,49.9245313644129,50.124701561514,50.1324587986462,49.9646506451869,50.7055378301281,50.3468033344436,49.2669812441991,50.6619869643921,49.8409932130226
50.1837755299934,50.2996622602775,50.1095761661793,49.8537020915165,49.4978901426185,50.0590431313673,49.8317322836705,49.7432008243957,49.8543860041693,49.8186983726078,49.958716929449,50.1295853142907,50.241141194182,49.8283964029882,50.2097068315154,49.6530928861827,49.9036243611497,50.1776123806793,51.2909241256236,50.1250133649035,79.5238662444934,49.9245313644129,50.124701561514,50.1324587986462,49.9646506451869,50.2303333030165,49.6944557617096,49.2669812441991,49.9999169047317,49.8409932130226
50.1837755299934,49.9839583912985,49.8767721364458,49.8537020915165,49.4978901426185,49.5997776303998,49.8317322836705,49.7432008243957,49.8543860041693,49.8186983726078,49.885499874262,49.5130073497729,50.1678397574402,49.8283964029882,50.1706431697297,49.6530928861827,49.561164173756,50.0730025665875,50.1705932493471,49.8978429935895,79.0031708293911,49.9245313644129,50.0477420318692,49.9891493115697,49.9646506451869,49.4598532558929,49.6944557617096,49.2669812441991,49.8279162914786,49.8409932130226
49.7397674945346,49.4333015870876,49.762027654914,49.8537020915165,49.4978901426185,49.5997776303998,49.7619095261078,49.7432008243957,49.7952037775048,49.5374607185145,49.6999739316108,49.5130073497729,49.7200851747036,49.7373901903795,49.9607679711053,49.6530928861827,49.38771615825,49.3243768584437,49.9284938716343,49.2336369081725,79.0031708293911,48.995345156877,49.7322962326401,49.8620670105104,49.9646506451869,49.4228158677087,49.2255376310417,49.2669812441991,49.5797633302837,49.8409932130226
49.7397674945346,49.4333015870876,49.762027654914,49.5215261080146,49.4978901426185,49.5997776303998,49.7619095261078,49.6706726433499,49.7349242670692,49.5374607185145,49.6999739316108,49.5130073497729,49.575444879075,49.7373901903795,49.4229912376253,49.4470380472902,49.38771615825,49.3243768584437,48.2848846249222,49.2336369081725,79.0031708293911,48.995345156877,49.7322962326401,49.7992575792054,49.782823995495,49.4228158677087,49.2255376310417,49.2669812441991,49.5797633302837,49.7875011729088
49.7397674945346,49.4333015870876,49.762027654914,49.5215261080146,49.4853320105049,49.531386701316,49.4659489606455,49.4770108183895,49.7349242670692,49.5374607185145,49.5987669567606,49.4915455836524,49.4473551564395,49.5163581352768,49.4229912376253,49.4470380472902,49.38771615825,49.3243768584437,48.2848846249219,49.2336369081725,79.0031708293911,48.995345156877,49.2884890593877,49.7992575792054,49.5434378963181,49.4228158677087,49.2255376310417,49.2669812441991,49.5797633302837,49.7875011729088
49.7397674945346,49.4333015870876,49.5590708189566,49.5215261080146,49.4853320105049,49.531386701316,49.4659489606455,49.4770108183895,49.7339059875574,49.5374607185145,49.5987669567606,49.4915455836524,49.4473551564395,49.5163581352768,49.4229912376253,49.3671298537613,49.38771615825,49.3243768584437,48.2848846249219,49.2336369081725,79.0031708293911,48.995345156877,49.2884890593877,49.5589612515205,49.5434378963181,49.4228158677087,49.2255376310417,49.2669812441991,49.1581583847464,49.602754658686
49.3640835155631,49.4333015870876,49.5590708189566,49.5215261080146,49.4853320105049,49.3066696884852,49.4659489606455,49.2364436482065,49.7339059875574,49.3673613163793,49.5987669567606,49.4915455836524,49.4473551564395,49.5163581352768,49.4229912376253,49.3671298537613,49.38771615825,49.3243768584437,48.2848846249219,49.2336369081725,49.8451826069185,48.995345156877,49.2884890593877,49.5149741435127,49.5434378963181,49.4228158677087,49.2255376310417,49.2669812441991,49.1581583847464,49.602754658686
49.3640835155631,49.3167654120947,49.5590708189566,49.5215261080146,49.4853320105049,49.3066696884852,49.0727249633514,49.2364436482065,49.3452108970523,49.3673613163793,49.4524422109312,49.4915455836524,49.4473551564395,49.5163581352768,49.4229912376253,49.3671298537613,49.38771615825,49.3243768584437,48.2848846249219,49.2336369081725,49.0979670871972,48.995345156877,49.2884890593877,49.5149741435127,49.5220930188128,49.4228158677087,49.1219864428314,49.2669812441991,49.1581583847464,49.602754658686
49.3640835155631,49.2530484083047,49.2975354666091,49.5215261080146,49.3876492558862,49.3066696884852,49.0727249633514,49.2364436482065,49.3452108970523,49.3673613163793,49.4524422109312,49.4915455836524,49.3072523446722,49.5163581352768,49.4229912376253,49.3671298537613,49.38771615825,49.3243768584437,48.2848846249219,49.2336369081725,49.0979670871972,48.995345156877,49.2884890593877,49.5149741435127,49.4582678863364,49.4228158677087,49.1219864428314,49.2669812441991,49.1581583847464,49.602754658686
49.3640835155631,49.2530484083047,49.2975354666091,49.3436105329356,49.2803218459539,49.3066696884852,49.0727249633514,49.2364436482065,47.999005892151,49.3673613163793,49.4524422109312,49.4915455836524,49.3072523446722,49.5163581352768,49.2848374650871,49.291821106309,49.2431827402408,49.3243768584437,48.2848846249219,49.2273185518976,48.9866377024573,48.995345156877,49.2884890593877,49.1646486318307,49.4506312238915,49.1601504171931,49.1219864428314,49.0544191007788,49.1581583847464,49.1039220318516
49.3640835155631,49.2530484083047,49.2975354666091,48.0108712626427,49.1948936954569,49.124551488054,49.0727249633514,49.2364436482065,47.9986893585607,49.3593042022878,49.4524422109312,49.3779950334792,49.3072523446722,49.5163581352768,49.1635120757752,49.1992763520253,49.1378304045432,48.985116011786,48.2848846249219,49.2273185518976,48.9866377024573,48.995345156877,49.2884890593877,49.080139593679,49.3002220885184,49.1601504171931,49.1219864428314,48.8529764380745,49.1581583847464,49.1039220318516
