1080783170.193,2167335979.78065,3456365555.89003,4890332082.4422,1899119612.84903,4925157265.23493,2251950112.58106,1533774352.11057,1721980943.13925,2024662375.46705,1839574730.13915,1063503450.98923,3669264581.74367,1737171457.53163,1391221562.53745,1623992568.4263,3466106019.55304,1033995261.11681,328403308.28722,2390656624.98809,4261174268.45915,763034954.142769,1385708447.67353,1475974095.25448,6718698438.52954,1282005677.1163,532623526.200275,6148793074.90586,1515239032.78255,4808759521.13444
10002212.4763062,13904964.3850703,7671371.62782912,27965681.818578,19733882.606859,90972207.3584086,26876692.110445,8176528.83580329,5165988.29718668,14631783.8889197,8372439.16614328,12557938.4873059,5469641.43524737,7639907.96565709,11230696.293919,10779308.391759,17631033.6090149,5330895.71620166,3444543.16411272,9286532.1188954,28378118.1957089,6248198.22308442,9982427.79762936,2551717.26547575,33108876.3004651,10238369.8230904,1675803.90750205,12418333.6649592,11972275.397127,74908049.2488935
44072.6894666304,33121.2709047888,41824.3242295168,180548.588614845,119478.794152374,228600.619260667,349640.619076167,119905.732272751,52149.2314328742,193966.428095461,27166.1164339829,29179.8770341954,29500.9206094788,6912.3665288742,78344.5128993002,118497.369940012,29242.2788656376,11523.281567891,28257.7301205566,159588.63365101,333494.127017755,31059.68239033,59499.0085015259,5844.97350689752,419287.657754686,36524.2403015298,30446.1037067013,109605.749030758,167063.22781816,492764.503868202
2102.32195249342,167.521095894144,638.78099753592,29.1295136050212,3189.45260020277,2868.83456732391,3294.01987491889,163.002839473772,20.9768034344721,335.160025093082,2349.94114378175,2717.14514213674,733.774180749811,54.198930911455,2778.71721356233,2518.20524077722,4172.87494026944,153.414690187551,938.63443108201,420.497257527442,242.796447011528,2311.6636871681,1444.89445418992,435.978129584021,1667.98228338317,58.7805882610974,1317.22412839242,1654.83361252943,334.399365263685,2151.56032595659
2100.6358155714,166.818574030222,633.062306246678,0.943500432265892,3184.83425160785,2862.58159439606,3287.97149433081,158.271227446345,13.2998661442198,284.229306289033,2349.16781700906,2715.95904039375,732.626496871459,53.9286315841968,2768.62513905083,2511.81667326832,4168.73241012008,152.904010718661,936.824341688935,402.249681558595,143.566871539623,2306.63708623173,1443.58030393053,435.553391018829,1665.15042621413,56.4392372193722,1310.30271090527,1649.83609112845,322.192815058218,2103.10941970972
1912.14954686122,161.757656100456,595.911096617574,0.919465370018786,3006.1791201126,2683.60646908832,3148.73040918063,151.479238263156,12.8740209041949,276.283369447366,2118.84193797397,2578.84001980006,639.074637918818,52.0510282750835,2540.61288940693,2323.63406236634,3973.68654185718,143.056282111433,879.08996093923,393.555055561982,134.115532932733,2198.20519228813,1370.07489516195,408.372971835928,1581.7504157144,54.9839095754501,1270.25048659983,1598.27413126515,315.055875144057,2040.4963491763
5.35835710323457e-05,0.0165219393656307,0.000324354677077471,0.000466736148352695,0.00210937056684569,0.0262080403797724,0.00601662331873949,0.00188494438815153,0.000109060511789159,0.95650997789398,2.08561514976206e-05,0.260946891773376,6.25749640609526e-06,0.00140119851499189,0.000483469002477351,0.000373795666167471,0.0375661201633833,6.94380107402687e-05,0.00100164764283453,0.0546547064421376,0.000112415067353642,0.00444167637656481,0.00311575634333112,0.000796361239514934,9.67271585998778e-05,0.270418340944679,0.110495187042739,2.29162913099425,0.166927119002546,0.0606677642334643
5.42879126170745e-08,8.64160345039236e-08,4.97215605874886e-08,6.63581865848392e-08,4.16609552109466e-08,6.23106447159616e-08,3.16802834336254e-08,1.1922675431745e-07,3.34568744166195e-08,6.65925980024869e-08,7.50908858946022e-08,6.35383074570379e-08,4.24857600699767e-08,4.84194338841523e-08,1.28498999402564e-07,7.25463912624023e-08,3.93857551967677e-08,4.80863289576092e-08,4.94534565362694e-08,8.15520464168562e-08,4.54222560076884e-08,4.85338562041075e-08,4.33265059744409e-08,9.29316341928326e-08,5.04405003460233e-08,3.41308082243042e-08,4.87749652709619e-08,4.96800096910504e-08,5.88449800486257e-08,5.07746981076674e-08
5.42879126170745e-08,8.64160345039236e-08,4.97215605874886e-08,6.63581865848392e-08,4.16609552109466e-08,6.23106447159616e-08,3.16802834336254e-08,1.1922675431745e-07,3.34568744166195e-08,6.65925980024869e-08,7.50908858946022e-08,6.35383074570379e-08,4.24857600699767e-08,4.84194338841523e-08,1.28498999402564e-07,7.25463912624023e-08,3.93857551967677e-08,4.80863289576092e-08,4.94534565362694e-08,8.15520464168562e-08,4.54222560076884e-08,4.85338562041075e-08,4.33265059744409e-08,9.29316341928326e-08,5.04405003460233e-08,3.41308082243042e-08,4.87749652709619e-08,4.96800096910504e-08,5.88449800486257e-08,5.07746981076674e-08
5.42879126170745e-08,8.26108690424539e-08,2.9615612360187e-08,6.63581865848392e-08,3.25868606777883e-08,5.46380694890894e-08,2.91444182294256e-08,3.81764812817768e-08,2.61375239790988e-08,5.8857677777973e-08,1.47371893609109e-08,2.6408235712047e-08,2.78814195324039e-08,4.84194338841523e-08,1.80850196160701e-08,4.82010961190779e-08,3.93857551967677e-08,3.98891692204052e-08,4.94534565362694e-08,4.42099358610074e-08,3.8951837309498e-08,2.75445069530818e-08,2.89204928014273e-08,1.90488396879228e-08,2.29115353941389e-08,2.4950643568609e-08,2.37769103419148e-08,4.96800096910504e-08,3.5086845939102e-08,5.07746981076674e-08
4.53658287650731e-08,3.17065030457572e-08,2.9615612360187e-08,2.05695926220433e-08,2.21388685845396e-08,5.46380694890894e-08,2.91444182294256e-08,2.81125515024413e-08,2.61375239790988e-08,3.95967880987726e-08,1.47371893609109e-08,2.6408235712047e-08,2.62535554135786e-08,2.76595998889822e-08,1.80850196160701e-08,4.82010961190779e-08,2.96083186746629e-08,2.13244548749174e-08,3.66609657947602e-08,4.42099358610074e-08,2.68911660712146e-08,2.75445069530818e-08,2.86145597336322e-08,1.90488396879228e-08,2.24750509478111e-08,2.4950643568609e-08,2.37769103419148e-08,2.51409962767506e-08,3.5086845939102e-08,3.02965526738972e-08
3.24507251357441e-08,2.35625203900157e-08,2.78651890138146e-08,2.05695926220433e-08,1.78617680794817e-08,2.60792413440314e-08,2.13859905743481e-08,2.81125515024413e-08,1.90665620690367e-08,2.03246534492361e-08,1.47371893609109e-08,1.63155728454935e-08,1.87635392078189e-08,2.08779715289258e-08,1.80850196160701e-08,3.65086751000776e-08,2.96083186746629e-08,2.13244548749174e-08,1.39577211547449e-08,2.04306838775009e-08,2.68911660712146e-08,2.58706286876892e-08,2.86145597336322e-08,1.90488396879228e-08,1.76396471216006e-08,2.38881679699778e-08,2.37769103419148e-08,2.51409962767506e-08,3.11644434680818e-08,2.67457717164284e-08
2.76632923340429e-08,1.58258282723398e-08,9.78395802102696e-09,2.05695926220433e-08,1.5177724991287e-08,2.60792413440314e-08,2.13859905743481e-08,2.55836817433093e-08,1.90665620690367e-08,1.38814627725693e-08,1.47371893609109e-08,1.63155728454935e-08,1.87635392078189e-08,2.08779715289258e-08,1.80850196160701e-08,2.26583219874915e-08,2.96083186746629e-08,1.99188571931936e-08,1.39577211547449e-08,1.88792661512887e-08,2.68911660712146e-08,2.58706286876892e-08,2.3252603475231e-08,1.90488396879228e-08,1.76396471216006e-08,2.12270208177642e-08,2.37769103419148e-08,2.51409962767506e-08,1.94971525079241e-08,2.67457717164284e-08
2.17223478887767e-08,1.58258282723398e-08,9.78395802102696e-09,1.34009547955282e-08,9.65140249750802e-09,1.34949036746768e-08,1.27077021496135e-08,1.56625027910225e-08,1.5644175044452e-08,1.38814627725693e-08,1.47371893609109e-08,1.63155728454935e-08,8.61399102515209e-09,2.08779715289258e-08,1.66054606753643e-08,1.69937628820357e-08,7.13868049633652e-09,1.99188571931936e-08,1.35769707083487e-08,4.78801471747546e-09,2.68911660712146e-08,7.40004026428435e-09,1.33066993985499e-08,1.90488396879228e-08,1.76396471216006e-08,1.44117061442464e-08,2.25034231540287e-08,2.51409962767506e-08,1.64879690293889e-08,1.71903658256976e-08
