2397.29916600763,1555.3584595376,2120.58520482598,1993.89445395744,2397.64389267607,2216.26457782422,2447.04622846205,1523.56375122346,1699.5949122447,2961.17311623393,2532.61788866318,2377.19115183739,1412.6209575778,2661.77095073055,2317.60565761525,1931.52913415745,2367.82362799145,1689.18606465723,1901.85972860754,2708.97861222833,3116.27455094131,2500.97216010664,2889.13501966555,1879.08071545983,1770.94105098197,3839.49870150531,1948.19869444111,2857.31454790019,2528.71690104841,1864.82201838467
2397.29916600763,1555.3584595376,2120.58520482598,1993.89445395744,2397.64389267607,2216.26457782422,2447.04622846205,1523.56375122346,1699.5949122447,2961.17311623393,2532.61788866318,2377.19115183739,1412.6209575778,2661.77095073055,2317.60565761525,1931.52913415745,2367.82362799145,1689.18606465723,1901.85972860754,2708.97861222833,3116.27455094131,2500.97216010664,2889.13501966555,1879.08071545983,1770.94105098197,3839.49870150531,1948.19869444111,2857.31454790019,2528.71690104841,1864.82201838467
2397.29916600763,1555.3584595376,2120.58520482598,1993.89445395744,2397.64389267607,2216.26457782422,2447.04622846205,1523.56375122346,1699.5949122447,2961.17311623393,2532.61788866318,2377.19115183739,1412.6209575778,2661.77095073055,2317.60565761525,1931.52913415745,2367.82362799145,1689.18606465723,1901.85972860754,2708.97861222833,3116.27455094131,2500.97216010664,2889.13501966555,1879.08071545983,1770.94105098197,3839.49870150531,1948.19869444111,2857.31454790019,2528.71690104841,1864.82201838467
2397.29916600763,1555.3584595376,2120.58520482598,1993.89445395744,2397.64389267607,2216.26457782422,2447.04622846205,1523.56375122346,1699.5949122447,2961.17311623393,2532.61788866318,2377.19115183739,1412.6209575778,2661.77095073055,2317.60565761525,1931.52913415745,2367.82362799145,1689.18606465723,1901.85972860754,2708.97861222833,3116.27455094131,2500.97216010664,2889.13501966555,1879.08071545983,1770.94105098197,3839.49870150531,1948.19869444111,2857.31454790019,2528.71690104841,1864.82201838467
2397.29916600763,1555.3584595376,2120.58520482598,1993.89445395744,2397.64389267607,2216.26457782422,2447.04622846205,1523.56375122346,1591.50009934318,2961.17311623393,2532.61788866318,2377.19115183739,1412.6209575778,2661.77095073055,2317.60565761525,1931.52913415745,2367.82362799145,1689.18606465723,1901.85972860754,2708.97861222833,2992.98248779133,2500.97216010664,2889.13501966555,1879.08071545983,1770.94105098197,3839.49870150531,1948.19869444111,2857.31454790019,2528.71690104841,1864.82201838467
2397.29916600763,864.515777636522,2120.58520482598,1993.89445395744,2397.64389267607,2216.26457782422,1574.02592276739,1523.56375122346,978.04602261164,2942.75194312449,2457.18997258143,2377.19115183739,1412.6209575778,2254.53681339474,2317.60565761525,1931.52913415745,2367.82362799145,1689.18606465723,1901.85972860754,2708.97861222833,1569.4336498204,1828.02300403609,1466.05285372267,1241.01162006993,1770.94105098197,3839.49870150531,1948.19869444111,2857.31454790019,2528.71690104841,1864.82201838467
1547.34545542404,407.644704401062,984.004978634178,1593.16288269149,1185.02980268647,722.163630647325,1247.33095860201,1058.7517646109,571.90579156974,1703.38930560635,1245.2799526565,1474.80490324913,772.395110209007,1275.02845981598,1370.36411282025,1394.69787824235,913.086467865075,746.94306612973,1009.83927400718,1622.22354893216,1112.49167893492,1073.17382540001,1435.27890377223,896.467326743011,835.253114704215,2182.35683776609,749.060632093303,1975.28974111676,1962.73200542819,820.857775848133
645.07714762792,275.958431061754,513.479255789778,803.412322069859,630.342019828531,556.050094799651,640.088646621437,615.722113548548,251.296938213164,1221.1314622862,850.241370745197,1315.48508907321,429.620459632663,1275.02845981598,1116.09723726067,1116.7772470005,594.70104211379,509.458795760681,567.768970080618,1449.98381225328,325.944478555416,747.899953261436,1023.74056467671,449.502579178841,434.408182857444,1154.08017213046,532.27152479184,1300.84328526229,738.596788997748,283.415973891137
146.511342415364,177.984040774256,216.647773240955,392.99869179519,187.75372627724,221.712952794696,168.1499329806,370.146384529314,161.053257576987,624.811365255641,242.641639244029,379.74287484987,196.56330883684,603.952479315671,316.996715042581,320.34336715011,202.180961924873,181.701347328249,214.552912268678,577.124783864722,182.527986245466,220.418129960558,212.504609506671,195.836804851862,193.546265522146,448.858323323635,182.685472671148,455.776409564219,416.976038289878,173.853390027284
146.511342415364,136.267576472672,149.601767888872,174.198945347518,132.084489208031,129.96226905698,140.961329996441,149.980628208355,161.053257576987,214.328063788156,152.363079228695,160.667053768823,178.430933721154,146.640839471163,135.090689621434,169.878342550709,144.134003716908,179.348340340225,142.365608533725,203.074725872484,138.111014174234,136.139124566079,175.839357282407,173.48082737464,144.699303134094,129.786170343341,98.4082206754294,262.999689758078,143.279349018056,127.527148308793
24.8237723854465,136.267576472672,102.264737138999,168.268282801839,121.54984451928,125.796530688071,104.268961575003,149.318217816055,154.151946439587,144.332470539578,126.727477707463,138.226694675854,142.69682002286,119.609573199429,132.011964076735,15.9002331848133,135.161629246949,148.113020105799,18.5900168506135,112.506777444771,138.111014174234,136.139124566079,147.049248609485,152.169784324024,144.699303134094,118.020846059796,98.4082206754294,140.287859353744,143.279349018056,127.527148308793
7.95980908116502,136.267576472672,102.264737138999,147.406117759783,111.749835819043,125.796530688071,104.268961575003,14.2828490693114,148.847105843862,24.52863121659,115.904354172122,30.062445697377,26.9725118558866,62.432489378809,38.1334914466679,11.9395178621095,119.741841969123,148.113020105799,15.9193638706693,7.96553919224848,138.111014174234,136.139124566079,130.927107948188,152.080634218824,144.699303134094,93.2126543071155,98.4082206754294,28.7130508093867,142.780918134525,124.732991360854
7.95967245674668,29.7823522385714,6.21446320209728,25.409253557872,111.749835819043,123.75776262598,104.268961575003,11.9395038697294,124.524422127214,24.478861898259,4.98007394181349,30.0423254479341,26.9535131580279,3.97983673611405,5.96975491429684,11.9395036473008,96.7717544727228,29.4101655947599,15.9193398756802,7.95967245676729,130.390008886638,124.595112720297,130.927107948188,142.688194864052,130.893321895296,93.2126543071155,98.4082206754294,28.4979193058598,136.187189881159,124.732991360854
7.95967245674661,29.1300874766801,5.96975434256049,25.4091070130748,9.94962783934709,5.96975434256876,91.4697264797766,8.95464067358042,124.524422127214,5.96975503919719,4.97479528546699,24.5001852516641,26.9535131579725,2.18106746231389,5.96975434256006,2.98487717795019,5.96975457809696,29.4101558211675,15.9193398756802,7.95967245674727,124.130230446899,29.1302525945395,128.712523620804,25.7303006861218,88.8922975852714,9.94959057093352,5.9699068285292,5.4353986862664,26.63742907185,9.94959057093339
3.97983622837345,29.1300874766801,5.96975434256049,20.7758885785289,9.94959057093361,5.96975434256034,4.97480112360969,1.9899181141868,22.6419321328028,5.96975434256041,1.42855411774252e-13,0.994959057093494,4.20484054495422,0.994959057093471,5.96975434256006,2.98487717128021,5.96975434256009,5.96975434255993,0.99495905709367,1.98991811418694,118.070181624696,5.96975434255989,7.24278946621689,1.98991811985975,25.4091070130757,2.98487839770617,1.17771521486271,1.98991811418733,1.9899244151649,9.94959057093339
8.92670401814393e-13,2.14328572498702e-13,3.57161236537238e-13,1.78639810462133e-13,4.84116994107995e-10,0.994959057093714,0.994959057093412,1.78828178103741e-13,1.42929171575661e-13,5.96975434256041,1.42855411774252e-13,7.15291561278497e-14,3.21498916261045e-13,0.994959057093471,1.78853262959219e-13,0.994959057095662,2.14326244058847e-13,5.96975434255993,3.59289292133061e-14,2.14295654592662e-13,1.0741671830999e-13,1.43172281099299e-13,2.14473224407856e-13,1.98991811418668,2.49928695930176e-13,1.43153264100237e-13,0.994959057093753,1.07146008488697e-13,7.16057534260225e-14,3.21390896549262e-13
