3025.4449732661,4341.33686836213,8587.40434783265,8418.07318249935,4653.84443889796,5088.45784632936,5037.60336323393,5417.03596899778,6175.38459970091,1581.8784621471,6462.37985677511,2262.56099503847,6230.86283420345,4646.67237119099,1822.04037732936,6153.54834296782,8498.92445657128,6411.2450802609,3041.92653766432,3407.0353629625,8770.44527989257,1987.14437338957,3588.94714573678,4061.4937357399,2433.75215778567,3826.428209335,6441.95102110731,3400.21687332121,5387.47205193796,5766.33443828006
3025.4449732661,4341.33686836213,8587.40434783265,8418.07318249935,4653.84443889796,5088.45784632936,5037.60336323393,5417.03596899778,6175.38459970091,1581.8784621471,6462.37985677511,2262.56099503847,6230.86283420345,4646.67237119099,1822.04037732936,6153.54834296782,8498.92445657128,6411.2450802609,3041.92653766432,3407.0353629625,8770.44527989257,1987.14437338957,3588.94714573678,4061.4937357399,2433.75215778567,3826.428209335,6441.95102110731,3400.21687332121,5387.47205193796,5766.33443828006
3025.4449732661,4341.33686836213,8587.40434783265,8418.07318249935,4653.84443889796,5088.45784632936,5037.60336323393,5417.03596899778,6175.38459970091,1581.8784621471,6462.37985677511,2262.56099503847,6230.86283420345,2152.89039991809,1822.04037732936,6153.54834296782,8498.92445657128,3482.30935582783,3041.92653766432,3407.0353629625,8770.44527989257,1987.14437338957,3588.94714573678,4061.4937357399,2433.75215778567,3826.428209335,6441.95102110731,3400.21687332121,5387.47205193796,5766.33443828006
3025.4449732661,4341.33686836213,8587.40434783265,8418.07318249935,3202.22424670221,5088.45784632936,1863.96438624861,3206.39233996201,3009.25602979546,1581.8784621471,6209.40116214868,2262.56099503847,3580.18152324207,2152.89039991809,1822.04037732936,6153.54834296782,8498.92445657128,3482.30935582783,2911.35867964281,3407.0353629625,8088.72929551823,1987.14437338957,3588.94714573678,4061.4937357399,2433.75215778567,3826.428209335,6441.95102110731,3225.01528762544,5387.47205193796,5766.33443828006
1712.14555813533,1710.25846905106,5754.4848873376,2615.35828017016,2314.86268343109,1740.88509447804,1687.90547292563,2249.78199156872,1969.33605902071,1581.8784621471,2939.60805198779,2262.56099503847,2156.31993513712,1590.58851409812,1822.04037732936,2665.13740884637,3049.45237554344,2489.9508686656,1307.9983380464,2225.33654344078,3328.65507010661,1405.45581788495,2290.27480403353,1943.95254079282,1476.63030678038,1933.10803837176,2282.81746847356,1586.06237627176,3165.96481790567,2657.86547630486
1712.14555813533,1710.25846905106,2661.10184530629,1544.80055341331,1675.09301978661,1390.0195971096,1687.90547292563,1954.51393807949,1969.33605902071,1144.64387489647,1216.07305488334,1825.20197227315,1428.71030216324,1390.9831424975,1138.49097721059,2024.32152852223,1931.96160505015,1922.77063137138,1307.9983380464,1743.23833602538,1908.76393903362,1405.45581788495,1848.45355278416,1716.9017638349,1431.22898551249,1467.70983655706,2282.81746847356,1517.22607958874,1383.84987878363,1667.6311673113
1649.96023615083,1474.29820465785,1554.77725546534,1092.56067420579,1211.45441208475,831.996356046522,1275.31463977767,1161.53871419123,1223.70872573983,1144.64387489647,908.941458160034,1819.35137794057,1404.65638840781,1390.9831424975,650.198067725255,1296.13396396922,1056.65312027292,1076.07516492212,919.056665525182,1487.95366187665,1173.60780623004,976.970034591229,1387.17223594035,787.184128016399,1095.97981696669,1078.96878375433,1743.96209706183,831.768896800806,1383.84987878363,1450.87428304433
947.798859084359,1178.09741125002,1283.17575520989,1050.24332412596,969.43191219732,831.996356046522,1223.88799410844,543.912391380965,776.000918647213,1023.40809858399,778.706792161317,1202.92066481902,990.778584824217,871.579394272792,650.198067725255,1116.30192791679,318.347612448348,874.954842218061,688.585779579074,1214.0527493141,936.8443983711,976.970034591229,1144.05889071804,715.124701938255,492.845240123891,1078.96878375433,1324.85290278112,831.768896800806,1003.85295299745,1446.72686273546
619.345426734806,158.940377369799,1027.88719856651,1050.24332412596,318.845848893432,555.24991536928,570.805364430006,383.900357176334,149.484685196301,599.271643796666,440.757157516868,639.903939533277,761.879002702791,281.714869464249,223.019580390421,956.022019758395,29.2785286206999,389.760039208839,311.051057510929,960.984434633964,936.8443983711,690.532967141238,457.606725221478,520.59631440075,434.202376469583,697.269914997947,971.68355874444,831.768896800806,361.122949753392,514.693254808163
269.75305773235,65.9747551031316,524.643392879783,691.72411231211,47.9993872538798,288.075026180598,293.501592605077,235.373680316315,149.484685196301,269.471862941175,328.723967015043,188.286558039947,312.831756906533,281.714869464249,223.019580390421,263.091095992592,17.5517204466635,346.869331770378,168.056182294852,465.756477929363,895.984950718535,202.203050346496,423.429152444458,360.352272575039,248.421445511522,289.739066902868,419.003537579205,374.76809017226,45.6130733595872,514.693254808163
153.451245144369,23.05514599549,433.020270709725,279.378066116339,9.48805384788575,244.328440432757,293.501592605077,235.373680316315,135.3775748205,252.567577506699,328.723967015043,45.630998512557,121.446322784073,68.678035378816,65.7391349772148,49.0423006190463,9.2178796451754,172.790274452341,13.3376932729465,353.015177675631,405.293795394527,202.203050346496,407.654282459532,27.4765775354265,232.196672336104,289.739066902868,419.003537579205,58.7010063474769,14.9744901175153,514.693254808163
52.9829561759415,6.34633474499718,187.55368955187,275.355239896109,4.437405237688,222.313307893242,40.5997860011157,91.6701717660962,135.3775748205,224.569615339579,328.723967015043,6.25751640674171,121.446322784073,8.09869444886886,13.3101537894,5.62449729482626,4.33680294751153,13.8717443503226,6.95186227085535,23.4189666219817,334.181529077349,17.6069671603155,361.954764667416,6.07402192769878,223.808126323704,9.48989126414151,58.6975935269949,6.04461687891985,5.15217971344467,57.3506444292964
7.7014869767573,6.34633474499718,7.20006286005844,275.355239896109,4.437405237688,11.3977896284314,7.25325005849979,5.99089250820823,135.3775748205,223.45568550348,268.338397136485,3.75814641534873,121.446322784073,8.09869444886886,4.58390446622808,4.78372054769896,4.33680294751153,4.97948995694777,5.73565581112997,6.59285733589841,143.826092325626,11.7384800389864,179.684646251672,6.05302748998751,186.719862223111,6.22795142466785,0.864790021975007,5.61804868378651,5.15214780944213,6.73755049873126
3.89117603861344,6.34633474499718,7.20006286005844,6.91614022791688,4.437405237688,5.25676143350725,7.25325005849979,5.99071651512735,7.01092801870164,194.443147760689,11.3290645363876,2.06327452882098,7.90180386175268,7.26125833749118,4.58390446622808,4.78372054769896,4.33680294751153,4.97948995694777,5.73563215732052,6.59285587604666,7.36499115390361,4.52598789154476,6.58170471894771,6.05302748998751,186.719862223111,6.22795142466785,0.864790021975007,5.61804868378651,5.15214780944213,6.73614728890719
3.89086425492349,6.34633474499718,6.00773712429248,5.65358447855506,4.437405237688,5.25676143350725,5.65237267470162,4.29236642498165,5.0623682667848,4.09844754262129,2.88958639896699,1.73339404269305,7.56760383915919,7.26125833749118,4.58390446622808,1.85236940462223,4.33680294751153,4.97948995694777,5.73563215732052,4.96220605698574,5.70542209292521,4.52598789154476,5.24535318804711,6.05302748998751,7.10967259891277,6.09167033630805,0.864790021975007,5.61804868378651,5.12876480446109,6.20477587448568
3.89086425492349,6.34633474499718,1.24693559750505,5.65358447855506,1.07795924758167,5.25676143350725,4.67261897439224,2.11812948864727,5.0623682667848,4.09844754262129,0.812723355355188,1.73339404269305,7.56760383915919,1.09528131855265,4.58390446622808,1.85236940462223,1.26559588585829,4.97948995694777,0.872715958989267,1.64160865626772,5.70542209292521,1.27654610540799,4.0524993159438,6.05302748998751,1.39767167576375,6.09167033630805,0.864790021975007,1.19498940445965,5.12876480446109,6.20477587448568
