63.7590165070153,77.4498943712633,72.5493432986259,68.4750863375152,85.6788116348672,53.2943924302748,69.4263275456778,72.1047977794155,59.2288162394544,77.5457015158285,104.64133940622,72.1906949244744,55.6658176142367,82.3033259517609,74.7509803730771,102.965495419097,62.2071120164669,92.1031706884162,164.104153410323,64.4469821855308,80.3069419329638,65.3984900864815,52.8195171332652,69.7028998814655,100.41861661278,66.3448854692729,87.4935714937722,63.3865930422893,64.1732930666886,114.217417862612
37.8498582222954,68.8625996605469,66.4342313309302,68.4750863375152,59.4188545904875,53.2943924302748,67.1038144762756,56.057489400311,59.2288162394544,67.605424763256,63.5188540698158,56.3844694373247,51.4381951677229,48.1266643247482,59.5987915468145,99.6617689829307,62.2071120164669,65.9310755113876,52.8719274663617,60.0895880387968,71.5153088206425,63.4333562380968,52.8195171332652,49.4708296240826,67.5738808947636,66.3448854692729,76.3473184619194,56.439279228376,64.1732930666886,66.3078942551116
37.8498582222954,44.8848323787611,47.336307337981,50.8485706105696,59.4188545904875,53.2943924302748,58.5422972819695,56.057489400311,59.2288162394544,66.9447492379266,51.1060607459085,56.3844694373247,51.4381951677229,48.1266643247482,55.9509567773693,79.8166917042723,62.2071120164669,65.9310755113876,52.8719274663617,60.0895880387968,59.7046425526102,55.6574125177094,52.8195171332652,49.4708296240826,66.2191130079177,66.3448854692729,71.5818469937224,56.439279228376,57.879405965495,66.3078942551116
37.8498582222954,44.8848323787611,47.336307337981,50.8485706105696,59.4188545904875,50.4092844441902,49.3825832813006,56.057489400311,59.2288162394544,54.0807135576598,3.86102698766202,51.3016793673332,51.4381951677229,48.1266643247482,55.9509567773693,63.020697108868,62.2071120164669,65.1277401117075,52.8719274663617,60.0895880387968,48.7685060063744,55.6574125177094,52.783215328119,49.4708296240826,66.2191130079177,65.0516795238341,53.0941057263926,52.7520976107098,57.879405965495,63.344011028499
37.8498582222954,44.8848323787611,47.336307337981,50.8485706105696,57.5025012732868,50.4092844441902,49.3825832813006,43.1180202758387,40.5115721807117,42.3423381598864,3.82101521551345,48.8914393691569,46.1345190007903,47.0151377870504,50.8197912385767,61.9841887890383,62.2071120164669,39.5956357311709,52.8719274663617,47.4812806111064,36.0863806618944,55.6574125177094,46.7678036014264,49.4708296240826,66.2191130079177,58.4855973984669,53.0941057263926,14.4863439262341,46.1844700728451,49.8740355632563
37.8498582222954,44.8848323787611,7.30410602063216,50.8485706105696,50.0446844408544,48.2117695298378,49.3825832813006,43.1180202758387,40.5115721807117,42.3423381598864,3.82101521551335,43.9042687318297,40.6109030132608,46.942864063735,50.8197912385767,54.325383221537,43.5608773096772,39.5956357311709,17.6225008708358,47.4812806111064,36.0863806618944,44.9121806199128,43.7186267945686,43.3104127432424,57.3478630605131,45.4614347000545,51.6715351931084,14.4863378424238,46.1844700728451,12.3178690850459
37.8498582222954,44.8848323787611,6.5863922867599,36.0759271640376,47.0888137092999,38.7032291390358,49.3825832813006,43.1180202758387,40.5115721807117,42.3423381598864,3.82101521551335,43.9042687318297,40.6109030132608,46.942864063735,49.4858829235172,46.2291914210569,16.4196654472893,39.5956357311709,16.8223587406431,47.4812806111064,36.0863806618944,44.9121806199128,43.7186267945686,43.3104127432424,54.9983774268374,45.4614347000545,51.6715351931084,14.4863378424238,46.1844700728451,12.3178690850459
37.8498582222954,44.8848323787611,6.5863922867599,21.1112647161711,45.818457539851,38.7032291390358,12.5252405929885,43.1180202758387,40.5115721807117,42.3423381598864,3.82101521551335,43.9042687318297,40.6109030132608,46.942864063735,47.2254446516013,37.675045092748,16.4196654472893,15.0568875153697,1.62392928991632,47.4812806111064,12.3664654288416,40.830797426818,43.7186267945686,43.3104127432424,53.3153683243302,17.6503297099364,13.9902385332304,14.4863378424238,46.1844700728451,12.3178690850459
37.8498582222954,44.8848323787611,6.5863922867599,21.1112647160248,45.818457539851,38.7032291390358,12.5244436315918,43.1180202758387,40.5115721807117,42.3423381598864,3.82101521551335,40.3818503126467,40.6109030132608,46.942864063735,47.2254446516013,13.473715771223,16.4196654472893,14.7970274656798,1.62392928991632,47.4812806111064,12.3664654288416,40.830797426818,43.7186267945686,43.3104127432424,53.3153683243302,17.6503297099364,13.9902206593458,14.4863378424238,13.6033305591745,12.3178690850459
37.8498582222954,44.8848323787611,6.5863922867599,11.2033145402622,12.3940061122816,38.7032291390358,12.5244436315918,41.9468005416193,40.5115721807117,42.3423381598864,3.82101521551335,40.3818503126467,40.6109030132608,12.1410511125683,40.8562831428185,3.82101523683771,12.1515971584102,11.4903733864764,1.62392928991632,47.4812806111064,12.3664654288416,40.830797426818,43.7186267945686,12.6469448571959,16.9380939231729,17.6503297099364,13.9902206593458,14.4863378424238,13.6033305591745,11.3636306874441
37.8498582222954,44.8848323787611,6.5863922867599,10.6776717098588,11.7394067907165,38.7032291390358,12.5244436315918,12.2213764180044,40.5115721807117,42.3423381598864,3.82101521551335,40.3818503126467,38.7847923391944,12.1410511125683,36.1839049190482,3.8210152334411,12.1515971584102,11.4903733864764,1.62392928991632,38.5902212103681,12.3664654288416,29.0034252148875,36.9143624106433,12.6469448571959,16.4851311969864,17.6503297099364,11.6992714517591,12.5002299832544,11.4700326732434,11.3636306874439
12.5856021844926,44.8848323787611,6.5863922867599,10.6776717098588,10.9335118756028,33.9585873282839,11.2795835434599,12.2213764180044,40.5115721807117,12.5023032358091,3.82101521551335,40.3818503126467,38.7847923391944,4.48922219950654,36.1839049190482,3.8210152334411,12.1515971584102,11.4903733864764,1.62392928991632,38.0439127075716,12.3664654288416,29.0034252148875,36.9143624106433,12.4412781326678,11.3694199397226,13.2490106893228,10.4358882031256,10.5303071140422,11.4700326732434,10.6280628059953
3.24789531242071,12.0219018365053,6.5863922867599,10.6776717098588,10.7288886992475,10.9964497166002,10.4359221488542,12.2213764180044,12.817669638594,12.5023032358091,3.82101521551335,11.4256954909561,10.368741063123,4.48922219950654,12.1815901562395,3.8210152334411,10.8357561836867,10.5033038741986,1.62392928991632,11.3718510987728,12.3664654288416,29.0034252148875,36.9143624106433,12.4412781326678,11.3694199397226,11.034337768892,10.4358882031256,10.5033038741986,10.6565151824062,10.6280628059583
3.24789531242071,11.0160465685837,6.5863922867599,10.4358882031256,10.7288886992475,10.3669207754989,10.4358882031256,10.3669207754989,10.4358882031255,10.4358882031256,3.82101521551335,10.3669207754989,10.366920775499,4.48922219950654,10.9762112771896,3.8210152334411,8.91890016825568e-14,10.5033038741986,1.62392928991632,10.6690168758035,10.3669207754993,10.9880541594743,10.3669207754989,10.5977227851153,10.4358882031258,11.034337768892,10.4358882031256,10.5033038741986,10.3669207754992,10.3669207754992
