9722.96633679564,643.266439061777,2002.33521025656,4416.50846465849,4949.97130623822,5820.52062153608,2408.56187914685,4236.73940620331,6122.93469755637,4250.07862706159,5430.77962742125,3785.07935459719,9157.65386055825,3660.23773541671,4488.19722748944,3152.30744457027,2308.7475895802,1163.6587412739,3405.1638900732,2512.6442938009,1442.94835855684,1518.61550034897,2291.00728138736,342.899172245443,2783.26676884971,5396.8025650996,4820.9245850322,3842.82793183663,2573.27736996372,9755.44063773851
9722.96633679564,643.266439061777,2002.33521025656,3843.90507083521,4949.97130623822,5820.52062153608,2408.56187914685,4236.73940620331,4177.51511321646,4250.07862706159,5430.77962742125,3785.07935459719,9157.65386055825,3660.23773541671,4488.19722748944,3152.30744457027,2308.7475895802,1163.6587412739,3405.1638900732,1071.28831023647,1442.94835855684,1333.12368248536,2291.00728138736,342.899172245443,2783.26676884971,5396.8025650996,4820.9245850322,1401.1734430724,1131.59047357052,2309.81341660479
4553.87074160285,563.779136904205,940.541727192767,3843.90507083521,1749.35015843363,5820.52062153608,2408.56187914685,564.274702346172,4177.51511321646,4250.07862706159,3556.35965042382,1383.31393206073,6732.03246671779,1737.98979838493,2010.70157111273,2822.1744185655,2308.7475895802,1163.6587412739,473.97328955338,1071.28831023647,1442.94835855684,1333.12368248536,1192.36491250516,342.899172245443,2545.21490907968,1841.93664384721,2475.38129238583,1401.1734430724,1131.59047357052,2309.81341660479
654.046242107067,195.776949868311,940.541727192767,908.265863106135,1642.00310309355,650.306323688791,352.610573584115,564.274702346172,1171.81244765393,792.155862326255,1157.23053523401,779.99507119939,1670.36280621583,1543.1821513969,1003.17846853786,1854.56469771532,342.653737667814,598.356144548224,473.97328955338,416.639502743539,466.434961126537,195.691835166298,443.78743722237,330.159534550075,2545.21490907968,667.066661728017,503.982686470866,924.162035023156,808.632263096392,2309.81341660479
654.046242107067,121.372260721771,652.312010283701,601.683273379998,534.168589298116,650.306323688791,352.610573584115,564.274702346172,1171.81244765393,577.372778649947,417.698306825011,772.368868007419,1268.5378030335,678.24882873923,1003.17846853786,479.948399456226,288.269510352473,169.588261257783,371.249607998088,416.639502743539,304.452238356261,195.691835166298,299.176990951053,154.342367041453,536.287075539091,473.635093351492,503.982686470866,355.61841859364,198.351210547158,352.520197960857
325.06166222953,77.8677498544842,344.410105692828,434.323541821776,374.624041549268,424.30006114358,308.270449241029,564.274702346172,189.917716255507,577.372778649947,417.698306825011,356.037029931575,562.548304057221,244.401916775995,295.725697183064,119.845965034763,132.550562435659,169.588261257783,158.759250160893,159.848807739351,199.700479050709,195.691835166298,107.630757782166,81.8696938950221,536.287075539091,315.664063040481,144.988839185139,175.193392689485,98.2156135713728,351.283925759548
126.744880928913,53.0210998226248,106.497979852756,175.765790752416,119.379907843481,167.771709032994,97.0059633085132,157.074061766831,98.3942126525432,114.742623870908,119.0569803922,115.829976085768,264.298440967078,103.027449387129,170.145326696965,80.3422161793981,76.9426863633761,108.983159328034,85.2575807263239,82.1496699799133,144.898478955096,125.622226157201,70.3977252752148,57.86625992653,127.467109667416,261.685383262569,122.78608901202,113.138402263536,70.8248264219576,101.195788638004
97.7682190278383,50.349284783933,66.83902118365,69.9732613583578,85.519999275355,82.0702532858875,60.6275996443138,108.00573642729,90.0017178227274,107.495504556168,70.9483614506015,65.2768408298376,94.4384711323592,69.5363412025542,88.5319676136534,54.5384258653128,58.893773902569,85.8107421675923,62.0452249996853,54.0431719523518,99.6309968714089,75.6869824052568,54.1375047926148,50.9062502598666,95.4599921186301,81.6677911631232,55.4258493873623,79.9195709566353,56.1592779759106,57.143086101762
59.4877589766487,49.7951487310284,51.7942630302933,51.966810252522,59.836675069134,54.2874572025106,52.187499507247,56.620955725488,53.4429513684294,76.3522848541385,52.0523927430655,52.1750163064785,63.5872166071364,52.1049388815772,67.5992342526335,50.7858016991537,50.6836858626437,58.80396973405,51.1833227458915,50.6427158890857,57.8297776971079,51.0971369648349,49.9880159459702,50.0732560113259,61.0073562714878,54.5837837156884,50.3037623434771,52.8554404180379,50.8108083112997,50.2384658771827
50.7569615998894,49.7521833316864,48.5675320316112,50.4092605914519,51.6918424967182,50.5738793132325,49.5556684056673,50.5073566863836,50.1996566578163,55.042669600024,50.6897768169365,50.7283675114133,50.3644594839056,50.0291117948247,53.16582859952,50.1043116679967,49.8273435443196,50.3649517162562,49.9947007290365,50.6427158890857,50.4361369852823,50.0665998045864,49.5635494556692,49.9373661053766,51.1158782330376,51.2614051809902,50.1316309690144,49.3545321486935,49.9723015496154,49.8084860723191
49.712969778856,49.6441065152444,48.3416001989318,48.9196089879382,48.6947036389672,50.3670398590872,49.5556684056673,48.2072605322964,48.2576617432421,50.5617289380591,48.3349706050941,48.545742066685,48.4006542496167,48.6462014635187,49.4134177346326,48.3063607632206,49.8273435443196,48.691748247315,48.0986426838988,50.0089468888553,49.4444712650632,49.4279994601039,48.1952198425292,49.5312930481407,48.4547411383054,49.2631683752917,48.2688440131927,48.6817651321852,49.9723015496154,49.8084860723191
48.9199095311342,49.6441065152444,48.3410398756333,48.1223912101498,48.6428053073226,49.1274862531066,49.5556684056673,48.1932845522869,48.2383493106409,48.3114226740066,48.319125246034,48.5325829827734,48.2986899450524,48.1947234830424,48.7597100547599,48.3046810036046,49.8273435443196,48.6450834379335,48.0972563712776,50.0089468888553,48.3439571385222,48.1243315993671,48.1926380217175,49.5312930481407,48.3618252786617,49.1729151864297,48.118492071317,48.6788885483989,49.9723015496154,48.1514859026356
48.3413842451608,49.6441065152444,48.3410398733441,48.1186750136188,48.6428041356147,48.2875074860645,48.2722622287729,48.1932837938031,48.2383492964443,48.2815434277926,48.3191240134167,48.5325828899595,48.2986754035473,48.194608003431,48.7596994722619,48.3046810010229,48.2141732966703,48.6450834079678,48.0972563704924,49.1114392274225,48.3435841836078,48.1243314666088,48.1926380217175,49.1574150123915,48.3617900502719,49.1729143876436,48.1184909345426,48.6788885469546,49.9723015496154,48.1475162680388
48.3413373186832,49.2205812735065,48.1976627799868,48.1186750136188,48.6428041356147,48.2875074758557,48.2721879549351,48.1932837938031,48.2383492964443,48.2815434277843,48.3191240134167,48.2355197064424,48.2986754035473,48.194608003431,48.0524759240213,48.3046810010229,48.2138504626625,47.9987939038493,48.0972563704924,48.0684384461788,48.3435841836078,48.1243314666088,48.1926380217175,48.173797827103,48.3617900502719,49.1729143876436,48.1184909345426,48.6788885469546,48.1203126089123,48.1475162680388
48.3413373186832,47.9957836750067,48.0243911370381,48.1186750136188,48.6428041356147,48.2875074758557,48.1266413089078,48.1932837938031,48.2383492964443,48.030734392049,48.0132712287499,48.2355197064424,48.0634994668821,48.194608003431,48.0524759240213,48.0133497510367,48.2138504626625,47.9959107483182,48.0590658905965,48.0136137534023,48.3435841836078,48.0001636272209,48.0144515461449,48.173797827103,48.3617900502719,49.1729143876436,48.1184909345426,48.0536084144606,48.0010039002518,48.1475162680388
48.2409840040031,47.9957836750067,48.0243911370381,48.1186750136188,48.2464548082283,48.2875074758557,48.0100591118463,47.9950711953261,48.2383492964443,48.0307343918431,47.9953253759491,48.013268940604,48.0157290948746,42.2004685529758,48.0524759240213,47.995325375949,48.1436289972322,47.9959107483182,47.9966269150337,47.990221691888,47.9901621979607,48.0001636272209,48.0094185588559,48.173797827103,48.2066389287906,48.0595664710578,48.1184909345426,47.9924013366457,48.0010039002518,47.992401291648
