51832.9408617682,15945.4532715256,17564.20534085,48332.799738347,23017.6936586323,39629.9686219281,42655.635274342,21839.9871922279,63508.4609707134,83302.064228124,76474.5776038307,176821.184411386,37478.1163349922,44169.1415342415,34597.8786527565,18605.2256242292,96286.3599292227,52621.6465894475,6990.11198938196,108559.877071622,87917.5212543555,13807.4321897848,95450.4886167363,15031.0225618367,51678.5407751732,22068.6184062365,119745.908613204,32546.6280767967,13964.2423838574,7198.7869002697
51832.9408617682,15945.4532715256,17564.20534085,48332.799738347,23017.6936586323,39629.9686219281,42655.635274342,21839.9871922279,63508.4609707134,83302.064228124,76474.5776038307,176821.184411386,37478.1163349922,44169.1415342415,34597.8786527565,18605.2256242292,96286.3599292227,52621.6465894475,6990.11198938196,108559.877071622,87917.5212543555,13807.4321897848,95450.4886167363,15031.0225618367,51678.5407751732,22068.6184062365,119745.908613204,32546.6280767967,13964.2423838574,7198.7869002697
51832.9408617682,15945.4532715256,17564.20534085,48332.799738347,23017.6936586323,39629.9686219281,42655.635274342,21839.9871922279,63508.4609707134,83302.064228124,76474.5776038307,176821.184411386,37478.1163349922,44169.1415342415,34597.8786527565,18605.2256242292,96286.3599292227,52621.6465894475,6990.11198938196,108559.877071622,87917.5212543555,13807.4321897848,95450.4886167363,15031.0225618367,51678.5407751732,22068.6184062365,119745.908613204,32546.6280767967,13964.2423838574,7198.7869002697
51832.9408617682,15945.4532715256,17564.20534085,48332.799738347,23017.6936586323,39629.9686219281,42655.635274342,21839.9871922279,63508.4609707134,83302.064228124,76474.5776038307,176821.184411386,37478.1163349922,44169.1415342415,34597.8786527565,18605.2256242292,96286.3599292227,52621.6465894475,6990.11198938196,108559.877071622,87917.5212543555,13807.4321897848,95450.4886167363,15031.0225618367,51678.5407751732,22068.6184062365,119745.908613204,32546.6280767967,13964.2423838574,7198.7869002697
51832.9408617682,15945.4532715256,17564.20534085,48332.799738347,23017.6936586323,39629.9686219281,42655.635274342,21839.9871922279,63508.4609707134,83302.064228124,76474.5776038307,176821.184411386,37478.1163349922,44169.1415342415,34597.8786527565,18605.2256242292,96286.3599292227,52621.6465894475,6990.11198938196,108559.877071622,87917.5212543555,13807.4321897848,95450.4886167363,15031.0225618367,51678.5407751732,22068.6184062365,119745.908613204,32546.6280767967,13964.2423838574,7198.7869002697
42890.3751373991,14954.8819956617,12880.2000976198,38621.4705599693,19731.7114319773,29420.8432587913,35333.0646002086,19532.2471084625,38071.5737083471,72552.823321816,62361.1899073864,138455.500439489,27089.7456880761,35808.1256598523,27621.5185964042,16253.3293598513,88876.9568734182,43583.7386588927,5216.92935430092,81968.7363778266,78538.2828734713,10285.3056530712,82156.3210772545,12788.3648863634,43281.9378633431,17613.6658185291,75870.8213630928,26364.8263565738,12375.9111915329,6477.47742299862
30906.7052917523,9973.73379985442,11049.1594521466,28094.5815658535,15195.1324075127,24902.9885314942,25200.6542518283,13001.4901928588,22872.0266540864,63672.1258961506,53820.1073906058,115089.585446269,21603.5728885527,28280.9516029283,20013.4574338232,12991.4601350101,71820.0428575909,39739.3892224734,4766.55787874374,72906.9548755105,67984.30152937,6707.01336954549,59733.4426132895,9578.16362384327,32696.0795444324,14064.1641469662,70415.8871422506,23348.0208980907,8439.67137936874,4299.9470380824
13350.3674672997,5654.41970347889,5692.73236552976,8839.84940298593,9146.87544607673,8079.66631950744,12557.6850363093,7304.56867884791,6508.29308037397,32450.1718650587,24003.3336181918,33114.680021525,7610.76176168402,16907.1120082627,13355.8089574433,4251.44323452621,30540.7671501329,22139.9699275396,3050.7907271155,16920.8875079119,25359.1571711189,4189.17211104577,12528.4437613689,5194.40371943151,14111.350161458,6995.85706153547,8440.11793163915,10634.6051415233,5590.40486868058,3682.60850545082
3885.8170672277,1578.08082935838,1844.47134862657,2915.99433169705,2403.13996573605,3401.85239047445,4566.15041059225,2767.08296890459,2521.46434760711,6515.93530043393,6595.54150820721,8046.68615511278,2038.44219026075,8373.04688221089,5100.03728265762,1580.67476972287,13026.5410482052,4992.46364134215,1211.81332270222,4644.84781825609,7508.79492758202,1480.85938748897,3302.81676192273,2388.37127390372,5089.4310745502,2705.810294419,3969.14899845456,4106.53376379836,1633.7303684929,2421.91066208703
998.010392882751,770.069748282855,858.363350030743,1099.35439334386,933.158978604763,1501.50403341807,1595.79593504178,1168.74654847512,1197.3421555518,1099.16128452815,1378.17277030475,1674.33867935732,899.026203877155,1321.39570476066,1032.52756756019,1256.25698747713,2672.33384844063,1283.52280399658,948.631274507596,1069.70162048055,1109.80732335522,834.661773801368,1140.53785744405,776.96943120352,1618.92273041215,985.497998674691,1281.01377858869,631.550161588299,1175.28225298042,704.324934736132
624.639407016022,580.703099535804,645.245509300188,760.424463682627,638.269474466422,602.067523887221,698.946048435299,632.299402580355,643.195450829868,680.787523465835,879.678950503192,651.991145824555,589.642580433798,715.717486862779,672.804456934622,632.248338645565,649.186476685458,690.457287765643,588.068507646819,594.060260151799,678.631682919224,567.225889790799,687.704670653154,620.114042443848,855.057522108947,598.505268821167,575.524990667933,544.106281076117,695.525739187726,576.360175876801
487.323440121953,431.039767861681,495.403119912419,496.183414571545,482.341358992211,484.791848480508,448.185748475717,452.960624723825,470.764969705506,455.053040931269,469.124365837968,440.854942531883,475.57589419723,465.288931348387,472.192106745698,481.286174883078,493.375191197002,506.584782003672,480.36363033973,492.100568419013,498.641024093276,461.046175489986,450.83005127563,451.75490661377,460.953782142687,449.159772805157,486.745192095519,476.021069922705,474.196290707984,480.442851253595
417.948926673886,414.546952114499,452.94026956544,416.171899491021,417.330323613417,418.522069276177,415.918005697869,415.382001651136,415.641656137643,414.639053780348,416.190032526504,414.615975669314,416.106843933394,415.668187475013,415.942242930292,474.318365829532,417.419514272497,415.289149756404,419.635478286894,447.7900429583,414.980374661004,415.244483803513,414.701742370109,414.613956437865,416.102571903332,414.543936314726,441.168847414359,418.929298342182,415.212140521435,427.676976271119
413.72787681629,413.724145795326,413.997036810965,413.800736090151,413.754067454098,413.819727431162,413.689958183775,413.682971855498,413.744862262568,413.698931684996,413.781300871305,413.695868411733,413.704361817941,413.800469668898,413.713536003659,414.891476110825,413.754914480731,413.825343324503,413.817203823916,414.086364731136,413.745965182023,413.796075810523,413.680127763608,413.694753854212,413.741729138525,413.68209863938,414.194321173569,413.745802607897,413.750328124157,413.892476648744
413.678402946178,413.722564540035,413.798704987439,413.761804178549,413.693349167443,413.670263765303,413.671867323421,413.678402946144,413.742668669695,413.693349167554,413.763857252254,413.68987789862,413.67840294611,413.771805651022,413.700822584591,413.697345560922,413.674353315108,413.809440326117,413.657339067421,413.697770169986,413.729916980419,413.787333609789,413.674353315056,413.678402946216,413.689877898636,413.673648986464,413.672294862112,413.727009821589,413.734374483963,413.749060653738
413.678402946084,413.722564540035,413.79870498571,413.761804178549,413.693349167377,413.670263765303,413.67186732338,413.678402946144,413.742668669695,413.693349167554,413.763857252254,413.68987789862,413.67840294611,413.771805651022,413.700822584591,413.697345555261,413.674353315108,413.809440326117,413.657339067191,413.697770162929,413.729916980419,413.787333609789,413.674353315056,413.678402946216,413.689877898599,413.67364898593,413.672294861434,413.727009821587,413.734374483963,413.749060653731
