6206.83713588501,8276.6611920367,5596.54438626023,7972.65852938218,9336.44470154007,13357.0462027575,4074.13460915543,12513.4209995867,6055.35036221527,11853.1879453984,3321.74009716917,16698.416042519,5538.23528675321,13468.8499219724,8042.25883597572,8849.6924139387,16196.2653715187,6575.64294363567,5268.38838496128,15951.4137766409,12725.4530656094,15196.2225934083,4041.24555933557,2769.86131667774,10138.5682311477,11249.4133527505,5770.99547390012,5687.58297135886,6969.72037148562,9151.7356833163
6206.83713588501,8276.6611920367,5596.54438626023,7972.65852938218,9336.44470154007,13357.0462027575,4074.13460915543,12513.4209995867,6055.35036221527,11853.1879453984,3321.74009716917,16698.416042519,5538.23528675321,13468.8499219724,8042.25883597572,8849.6924139387,16196.2653715187,6575.64294363567,5268.38838496128,15951.4137766409,12725.4530656094,15196.2225934083,4041.24555933557,2769.86131667774,10138.5682311477,11249.4133527505,5770.99547390012,5687.58297135886,6969.72037148562,9151.7356833163
3595.50365946296,8276.6611920367,4561.22735920499,7972.65852938218,7137.81996843517,11636.8899158407,3596.5458024236,11254.1809730431,5059.79824243856,9027.00676335893,2286.21065950107,10369.0438871184,4408.02423045636,11213.5044833666,5306.83356894125,8080.44223322307,11290.5576165022,6575.64294363567,4865.48303074312,14067.6262055286,10262.6475974592,12488.7195240837,2564.88430074706,2227.76412096066,9404.38956990305,8719.11120107541,4566.45361321228,4850.90605576807,5966.89138249379,6622.68845277678
2906.18903481698,8276.6611920367,4561.22735920499,6711.42121903168,5504.62845312469,8523.27595582634,2939.7014844451,11254.1809730431,4037.89164789816,9027.00676335893,2286.21065950107,10369.0438871184,4408.02423045636,11213.5044833666,5306.83356894125,8080.44223322307,11290.5576165022,4145.69617049491,3301.81712409826,14067.6262055286,10262.6475974592,12488.7195240837,1928.30149101828,2227.76412096066,9404.38956990305,8719.11120107541,4566.45361321228,4850.90605576807,5966.89138249379,6622.68845277678
2289.01292713837,5938.44249661894,2597.42591062528,5407.98037664719,3656.88610748183,4164.04613985633,1476.49643057904,6785.40746667501,2956.90599814046,3419.42152248972,1919.54149907946,7596.96812381033,3312.45821314569,9222.25854344547,3444.77363928876,5929.80250833541,8863.63555219845,2425.60846108656,1784.72475376828,12506.7057170092,4385.25335384692,4746.70573159445,1443.75892751888,1742.1832467457,6576.50625022503,5392.95545394416,3059.7942243319,3715.64468427571,3046.38849373098,3304.27667868203
1136.44946707958,1905.00929016729,1409.51434010877,3548.09038643328,3195.21770160084,1983.70955264655,1088.06091476905,5167.98499316768,1795.77438030988,3028.23338605582,1020.82939530705,3737.98136858589,1973.01760181228,2689.41383025412,1768.47914150035,1993.33368609222,3595.44656339614,1959.60112839185,1344.27785778561,9963.27780142208,2281.16675732823,4420.22934754136,897.69874966722,1650.94030133671,2865.22288788351,2476.29718318213,1443.57232924084,2123.44964913142,2488.60614372407,1527.46494019983
615.066341543978,1447.05688940899,941.104867491043,3349.88224652994,1269.39711084117,711.180445831924,730.250319508983,2569.73339435944,1369.22915996289,948.545050187242,695.655031046283,1532.12093535184,677.221024530569,1636.37774734186,884.342304226101,859.522196203523,1497.59754923351,990.207468359222,811.10693704371,3696.32359153992,1214.15369904175,720.129968636531,705.547156681719,1000.31711896365,1508.50278150747,1582.65867218244,1187.40278423631,1071.67233425723,999.509724874701,699.383965790537
546.642896556631,678.092645808219,524.442998879799,2061.94087156617,600.984857787508,664.755092469977,622.544966872678,541.785848779839,520.044608272583,523.366047143381,512.42208219391,667.595251240485,508.962926207369,589.632586480711,513.721210030284,583.481194577142,760.612947662995,798.095482376465,651.509697686105,1170.62288405983,571.166509157084,540.095168194937,534.253830906995,686.903208083927,479.45669010043,716.190175887966,567.500867840687,646.898081818962,566.123489066597,515.305419007507
478.278141178208,599.696127330722,490.685750932146,761.682975099589,468.433464300653,481.011786115052,501.341740200302,480.222857209171,490.860824267384,510.51847176023,485.425814188384,532.444495376044,508.087000540263,528.42133845276,477.136598686027,495.62015963796,514.562113244582,484.160927671145,482.571513310154,549.919932964439,501.527746681046,462.926003831169,486.817769065505,539.508326621487,467.998785329395,513.824113591245,484.808502756829,474.900528386785,486.897900902978,470.313009842775
458.928260875217,463.595330470655,454.187740621347,483.87545771993,450.535074608746,453.706584162514,462.154802657425,455.761103536265,456.118170187576,470.14754094487,457.748710760065,468.529244896406,447.585966914686,472.676729302075,453.288037274859,452.625870198,463.244764637464,429.868208746981,459.778135220661,490.517314307533,452.360440943509,453.463897352411,452.848952014551,473.351869813471,450.355884574243,430.387772563276,461.333221394008,454.329190677217,458.466295542808,454.642145434231
446.886074975728,445.913981066496,446.840173832742,461.558751218684,445.207309549808,445.48970771967,447.131558981261,445.055772654485,448.324300226678,449.229943195036,434.990814559436,446.920217641986,403.774510966321,451.259810727188,444.960037829523,417.519417594266,446.334068391353,401.471426795138,445.888971909285,448.588077802938,444.667910943592,444.509259850287,445.939458472186,447.670008066188,445.146896514911,400.552868484457,440.35463921887,449.037061513346,447.973552647051,445.907912875536
445.987430727258,443.820806428447,444.098693772516,445.57885469777,443.84692882094,443.951314848209,443.751595146034,443.8297866515,444.113633836992,443.753153321731,399.179455758263,443.908665474129,397.913207309725,445.02216834806,443.716268133711,398.947959547626,444.148864200042,397.878900702146,443.889195853246,398.280135372816,443.768566797366,443.759690013955,443.846541501975,444.137258465719,443.95708952306,397.902526899837,399.685693169336,444.261124422375,444.129791098931,444.021476025264
445.805535666382,443.375771328129,443.589372577751,443.791527243337,443.400900374008,443.400516652087,443.371905049565,443.390420731484,443.338169200315,443.370764016096,398.063461987234,443.399577588069,397.743493779618,443.500341203503,443.400823440322,398.141990603747,443.467205907971,397.7433631055,443.388140397652,397.743217542954,443.346517761842,443.346145512534,443.405850236222,443.378749280361,443.39072699736,397.743088505902,398.237041351726,443.416208408881,443.600089274983,443.415123440312
445.805466848621,443.3651130308,443.372241171573,443.791527243337,443.400499511314,443.39964735892,443.371504661447,443.389060717222,443.329950233373,443.34227315651,398.032923612656,443.387623174046,397.742869093177,443.356718218183,443.399647361447,398.086740031052,443.387623196845,397.742869093624,443.386941887318,397.742869093629,443.34591291139,443.345912911368,443.405647880419,443.370625513751,443.38109906026,397.7428690931,398.032923809475,443.378361925917,443.383998069664,443.406673142467
443.380816333949,442.578456596172,443.372240959481,443.791527243337,398.008991508721,398.008989855293,398.033047892286,397.835895762854,397.982551711536,443.342273155512,398.032923608864,443.387623173308,397.742869092923,443.35671796823,443.399647358907,398.086740029658,443.387623173307,397.742869093035,397.964077149938,397.742869092923,397.923664713956,397.852896335326,398.256667418017,443.370625510929,443.381099057497,397.742869092924,398.032923608866,443.378361908203,443.383998005847,443.406673142467
440.362513699692,398.313742256237,300.000002777209,398.00898933403,397.742869092921,397.742869092921,398.032923608912,397.742869092921,397.742869092922,397.742869092921,397.751456366061,398.00898933403,397.742869092923,397.795678951861,443.399647358907,397.742869092921,397.748808293695,397.742869093035,397.742869092921,397.742869092923,397.742869092922,397.742869092921,398.00898933403,443.370625510929,443.381099057497,100.144482743627,398.032923608866,443.378361908203,397.742869092921,397.742869093069
