55644892426.2719,49799580476.3896,77373629239.7804,62763120415.6944,87025861337.0041,72641323202.723,64645002894.3084,73033606145.9747,123476699946.415,113592047202.435,75326834681.4187,88704118817.8858,93044121809.3093,67297913478.8811,62336806246.4436,60739484076.1562,56790339393.5291,72788720871.626,71139944790.2739,109879143636.502,58107514552.5784,122315016409.713,63744977005.4084,73956372162.3661,57284960989.1139,54691623777.5642,52233355576.8969,89735618331.5068,101611498568.986,91412377412.1462
55644892426.2719,49799580476.3896,77373629239.7804,62763120415.6944,87025861337.0041,72641323202.723,64645002894.3084,73033606145.9747,123476699946.415,113592047202.435,75326834681.4187,88704118817.8858,93044121809.3093,67297913478.8811,62336806246.4436,60739484076.1562,56790339393.5291,72788720871.626,71139944790.2739,109879143636.502,58107514552.5784,122315016409.713,63744977005.4084,73956372162.3661,57284960989.1139,54691623777.5642,52233355576.8969,89735618331.5068,101611498568.986,91412377412.1462
55644892426.2719,49799580476.3896,77373629239.7804,62763120415.6944,87025861337.0041,72641323202.723,64645002894.3084,73033606145.9747,123476699946.415,113592047202.435,75326834681.4187,88704118817.8858,93044121809.3093,67297913478.8811,62336806246.4436,60739484076.1562,56790339393.5291,72788720871.626,71139944790.2739,109879143636.502,58107514552.5784,122315016409.713,63744977005.4084,73956372162.3661,57284960989.1139,54691623777.5642,52233355576.8969,89735618331.5068,101611498568.986,91412377412.1462
55644892426.2719,49799580476.3896,77373629239.7804,62763120415.6944,87025861337.0041,72641323202.723,64645002894.3084,73033606145.9747,123476699946.415,113592047202.435,75326834681.4187,88704118817.8858,93044121809.3093,67297913478.8811,62336806246.4436,60739484076.1562,56790339393.5291,72788720871.626,71139944790.2739,109879143636.502,58107514552.5784,122315016409.713,63744977005.4084,73956372162.3661,57284960989.1139,54691623777.5642,52233355576.8969,89735618331.5068,101611498568.986,91412377412.1462
47254743174.8917,43999517129.6281,72787160769.4073,51478363499.2121,76425663082.4278,66124109632.627,58278452228.7813,58184446837.171,104125932517.194,99970425049.9973,66302481900.5151,82533929698.4348,84708861257.7788,61851103551.8548,52301488044.799,46272703350.0371,48669568586.8506,66050535507.2049,58439533873.6478,88006327588.9588,48257509335.8876,106996227469.757,49888053635.8388,57279570360.9054,47757539584.7724,46501925919.5781,47904892225.2417,77299581571.203,86774424319.8454,81607685853.3
41302166032.7999,38738375145.8636,62786792023.5774,47787129156.7936,68376910567.302,55974882538.4928,45355792363.4731,48203361582.6751,96550115594.593,77810761800.576,54261890910.4048,71527608385.4729,79342631642.0956,52607749902.0551,33982701479.2507,41245710984.5552,42677227151.3978,56457909142.2504,55374241319.9152,78320536097.695,40178988720.5628,100360766696.557,24839251596.425,38312172607.0244,36390739590.8817,39804134100.4402,44578916519.2362,49788793444.294,71452999318.6343,65144429614.6857
21153459555.4155,28023199605.0933,40861180823.4594,31922908338.1223,40458816870.3284,32939306485.8236,26637214868.0494,21219575796.4188,71132222817.717,45536373476.6425,48743417943.7256,42119799180.7488,53980373426.5871,30336496396.5753,24946383639.6485,27115026972.2401,26280707563.3703,26665859066.934,33707145931.7577,47567109592.8415,35962194023.8995,43389386523.6172,24839251596.425,21607673167.073,15292595831.275,12332805421.7764,26772335255.2525,24604324146.4193,34338560049.4293,44580160785.3058
13176087426.4557,13260497886.7502,26239326785.8334,10413123191.8227,17689134275.911,17249318992.5632,14064144662.9531,10043923947.6169,20282403634.0462,30263073005.9133,29751272617.4358,28470676436.5115,27746547070.4661,10726961673.6909,8379756828.74198,10494889564.4881,12850511270.2998,18618809190.2943,20922478583.4455,19695757845.9481,14884603315.9128,31518429642.5509,7655730374.13279,14029657351.0995,13080691150.0938,7778741235.48517,11893423182.5365,14632363988.6116,13356110643.9683,14418913280.3518
1175784476.98937,1009194665.4362,3380003544.61238,794587858.89494,1443558928.78285,2527016055.37344,1239080281.55561,789330149.244336,4442026442.3498,1961397923.92307,3820677226.28011,1461489834.54164,3207053889.03938,888342363.854774,630789901.561176,1195906923.45416,497472695.419185,1201077731.587,1296222849.43861,2256026347.52108,2071662129.46195,3447318735.66055,436947042.39302,931971070.574647,715739133.073404,516260847.505434,535751126.021368,399090922.406021,1536007453.36358,1867973036.21398
6841178.97827702,7490499.35979783,14276137.2192306,6372497.47500232,7363503.9944094,10976164.0473042,7290901.87444412,5042642.26733616,29127361.5987423,11621332.3990513,12589968.9964896,5792941.80074845,21174798.7816746,4317300.88558541,2712814.52693619,5833914.15812847,2910574.30326762,6731384.29818603,15013269.7574389,14972258.508589,19100249.344052,21693901.0163499,1992264.62320581,9196519.84069111,6458219.34030022,2050974.19896287,2816888.05123323,3806712.11847431,5405013.13262981,5938028.76988405
2238.1356608517,836.176684262125,4321.41176525515,2331.34723386452,2365.69818162794,1051.03114721907,1584.17549393086,1847.05182998745,2787.56609278149,3781.94356742627,1534.98493527947,567.12022691769,2544.94219682457,3293.21866600669,534.472211721101,1149.29141091322,283.900428353038,1880.90787048943,3343.68974447804,1798.82915246685,8075.50140810447,3257.49041938726,700.42779486846,4117.31497213209,1750.1822896089,596.627533310617,2454.66286653946,2134.4917807118,951.077705907058,2291.63529267456
1835.94922724586,382.404363665156,2312.92591256462,1868.18282839612,1795.63315660894,22.6240575821248,1279.62564609343,1326.00277038328,57.8206280089403,2520.28573407494,115.605283499165,281.185224381843,7.5802731367449,2599.29578274533,234.700452588851,505.919852191916,54.5822594565877,1037.63468510624,2180.90519582578,207.66567385572,2822.15689409204,843.405317113993,379.310323916976,3652.7065684274,1261.56611189561,377.945236379443,1730.69813631075,1792.00331501542,345.360847173569,1942.64801836004
1830.69801045735,381.229733731233,2307.47241469459,1859.85402449277,1791.81497881204,22.5715316762306,1276.40046342824,1322.94293739219,57.7176530504658,2509.10564300468,115.451091430812,280.337547211971,7.56736161845461,2589.72523246186,233.742214049949,504.600449631152,54.4586608352431,1034.89744582314,2175.67823131835,206.697943154486,2816.87031772131,841.803705976396,377.5672693135,3628.16620371839,1258.56341929392,377.100608196614,1726.81270832692,1787.43783047596,344.475127015206,1939.19916733982
34.502181626313,1.70048301304414,171.564934267825,1.46876220873822,125.651947192072,0.604952178098405,20.8658591340622,74.3138486664282,2.77837075631149,2.80000249316252,6.7096516480796,3.35705186020159,0.662947084454022,4.02036267545952,1.63602603731094,4.98916388654302,0.669033670772697,3.33923084930879,3.33351082656539,0.423585064536352,720.646199366333,31.2293073944187,0.667506656663118,1.15452609952099,87.188676391494,1.61169952564188,47.7901242391612,12.9970928836125,2.54673220769281,90.3225457101344
2.94750344101678e-07,2.5166512215052e-07,2.13545637993283e-07,1.63931124636143e-07,2.08756121457012e-07,2.55645605684941e-07,2.52697902337387e-07,4.27756268832592e-07,2.32397443102683e-07,3.70529202116215e-07,2.61857926771498e-07,6.79877809272554e-07,3.44694088090418e-07,4.57819987590895e-07,1.69596101865934e-07,2.09784992668543e-07,3.45968343609363e-07,2.01103106447071e-07,2.88275424531474e-07,1.50818557545607e-07,3.01753664059494e-07,1.82260134638803e-07,2.44372942763558e-07,1.96773235578291e-07,1.96436971307876e-07,2.19417655490425e-07,2.79899551836762e-07,2.30541406417425e-07,2.47042934231355e-07,2.46571150726743e-07
1.68370908323541e-07,1.14028718730598e-07,1.36785113257474e-07,8.31222857851e-08,1.03983194535529e-07,8.71620683972266e-08,1.5590678757874e-07,2.08129983094075e-07,1.02482999901786e-07,1.18925081440306e-07,9.34296860791285e-08,1.60125334320655e-07,1.1766416842655e-07,8.05670194184307e-08,8.71566080365853e-08,1.0842193367649e-07,1.09318347014283e-07,1.49800481547946e-07,8.10678335767927e-08,1.50818557545607e-07,1.18090421916995e-07,1.56046589142446e-07,1.49316144711235e-07,1.38818217208869e-07,1.3831679496226e-07,1.61015884191289e-07,1.4030919337664e-07,1.39416958887373e-07,2.06524578996941e-07,1.28266428822905e-07
