1031839315168.01,892700165868.518,728262294444.156,817332187821.425,963312596372.192,933228186020.835,759998857223.79,649413701374.728,970310633165.796,693384414700.523,944810637388.192,771611412607.064,697436229393.608,695798126106.173,979696413812.057,891110357115.581,871530522220.217,802162432111.103,611119048686.028,794354224903.659,954466803121.164,882998715049.268,720486184342.695,808804875893.322,1045402834106.33,767060001914.503,826884346689.781,777000712491.044,792231567196.622,757200945466.588
1031839315168.01,892700165868.518,728262294444.156,817332187821.425,963312596372.192,933228186020.835,759998857223.79,649413701374.728,970310633165.796,693384414700.523,944810637388.192,771611412607.064,697436229393.608,695798126106.173,979696413812.057,891110357115.581,871530522220.217,802162432111.103,611119048686.028,794354224903.659,954466803121.164,882998715049.268,720486184342.695,808804875893.322,1045402834106.33,767060001914.503,826884346689.781,777000712491.044,792231567196.622,757200945466.588
1031839315168.01,892700165868.518,728262294444.156,817332187821.425,963312596372.192,933228186020.835,759998857223.79,649413701374.728,970310633165.796,693384414700.523,944810637388.192,771611412607.064,697436229393.608,695798126106.173,979696413812.057,891110357115.581,871530522220.217,802162432111.103,611119048686.028,794354224903.659,954466803121.164,882998715049.268,720486184342.695,808804875893.322,1045402834106.33,767060001914.503,826884346689.781,777000712491.044,792231567196.622,757200945466.588
1031839315168.01,892700165868.518,728262294444.156,817332187821.425,963312596372.192,933228186020.835,759998857223.79,649413701374.728,970310633165.796,693384414700.523,944810637388.192,771611412607.064,697436229393.608,695798126106.173,979696413812.057,891110357115.581,871530522220.217,802162432111.103,611119048686.028,794354224903.659,954466803121.164,882998715049.268,720486184342.695,808804875893.322,1045402834106.33,767060001914.503,826884346689.781,777000712491.044,792231567196.622,757200945466.588
1031839315168.01,892700165868.518,728262294444.156,817332187821.425,963312596372.192,933228186020.835,759998857223.79,649413701374.728,970310633165.796,693384414700.523,944810637388.192,771611412607.064,697436229393.608,695798126106.173,979696413812.057,891110357115.581,871530522220.217,802162432111.103,611119048686.028,794354224903.659,954466803121.164,882998715049.268,720486184342.695,808804875893.322,1045402834106.33,767060001914.503,826884346689.781,777000712491.044,792231567196.622,757200945466.588
1031839315168.01,892700165868.518,728262294444.156,817332187821.425,963312596372.192,933228186020.835,759998857223.79,649413701374.728,970310633165.796,693384414700.523,944810637388.192,771611412607.064,697436229393.608,695798126106.173,979696413812.057,891110357115.581,871530522220.217,802162432111.103,611119048686.028,794354224903.659,954466803121.164,882998715049.268,720486184342.695,808804875893.322,1045402834106.33,767060001914.503,826884346689.781,777000712491.044,792231567196.622,757200945466.588
1031839315168.01,892700165868.518,728262294444.156,817332187821.425,963312596372.192,933228186020.835,759998857223.79,649413701374.728,970310633165.796,693384414700.523,944810637388.192,771611412607.064,697436229393.608,695798126106.173,979696413812.057,891110357115.581,871530522220.217,802162432111.103,611119048686.028,794354224903.659,954466803121.164,882998715049.268,720486184342.695,808804875893.322,1045402834106.33,767060001914.503,826884346689.781,777000712491.044,792231567196.622,757200945466.588
1031839315168.01,892700165868.518,728262294444.156,817332187821.425,963312596372.192,933228186020.835,759998857223.79,649413701374.728,970310633165.796,693384414700.523,944810637388.192,771611412607.064,697436229393.608,695798126106.173,979696413812.057,891110357115.581,871530522220.217,802162432111.103,611119048686.028,794354224903.659,954466803121.164,882998715049.268,720486184342.695,808804875893.322,1045402834106.33,767060001914.503,826884346689.781,777000712491.044,792231567196.622,757200945466.588
1031839315168.01,892700165868.518,728262294444.156,817332187821.425,963312596372.192,933228186020.835,759998857223.79,649413701374.728,970310633165.796,693384414700.523,944810637388.192,771611412607.064,697436229393.608,695798126106.173,979696413812.057,891110357115.581,871530522220.217,802162432111.103,611119048686.028,794354224903.659,954466803121.164,882998715049.268,720486184342.695,808804875893.322,1045402834106.33,767060001914.503,826884346689.781,777000712491.044,792231567196.622,757200945466.588
701515749280.223,593650438043.454,475062131294.052,537674838686.397,683502892695.072,610167151528.318,538104886115.116,468759634423.228,605772079300.135,487217607761.715,640581438230.025,520062937466.337,491976042601.027,439659978085.5,675650757059.012,593756509028.005,626411594923.507,557185604524.181,414705783572.318,536213030859.209,608695365327.749,593303384470.537,529481039374.117,569172675709.677,710225285102.535,517455282204.64,541112495262.114,518745537276.75,545119774270.078,522903950679.466
318421720849.937,293179014873.411,239636562950.348,256114432663.025,351174182280.131,289257418114.175,236497071052.733,184875431610.714,253572176006.397,247693013382.206,302157599066.14,233603066774.701,327708571753.173,195763620189.334,360600391208.265,296994677002.279,286760395380.357,275446727035.847,181853801308.348,250963910848.001,257643416900.029,262800602213.143,301549663947.824,295586363187.407,390411349939.689,267418670347.462,231973803663.741,267163467901.115,244975987272.714,235887452679.75
11802334900.3434,12759256048.0445,11788989788.054,11043914259.4271,17018379278.6136,11279956174.2915,9992125338.35126,6796227845.28513,8556958989.95277,9663362917.60748,11406185084.9773,10886272597.5891,43246873992.8047,7659982259.16476,20074767325.54,11630563346.2383,12332942997.7663,11454097934.2921,7807186436.46929,9583225874.00679,8057207628.48538,9728297848.34153,11129547548.7098,14083791393.5524,12718991518.761,11492459749.2553,8895536165.89132,12056962763.692,8512664801.76238,12418758657.8306
1783654.34763857,2445129.23116388,2127496.5915831,1853849.0094597,2698565.75143957,1312396.88403498,1351981.40957802,653031.724882754,833798.858103352,1318191.87454035,1318340.01439984,1560248.98358783,91042294.4148395,1160199.30693929,3246132.02311146,1648153.88543045,1810656.46336984,1612173.71811698,941186.656064183,1193155.47060822,853373.232762391,1714856.25283252,877704.610069897,1565882.24667851,1659734.48598581,1334751.99766857,1057534.54062712,1846192.06341258,1022962.5472111,2113775.38178866
251.17539794327,1942.96026968881,28515.2114033376,5991.50617381372,8572.35797022544,6466.53246602304,5939.86791724527,10712.3530159597,15632.9995353533,24550.1810232695,1841.01307043862,437.950832765246,12.8568563444027,158.262138191995,218.726490138654,745.130197671575,10776.5297257421,22939.256343362,5109.43123654681,168.548988240968,9625.54429873598,1338.07570119065,36168.2170897946,3895.79048705532,241.202913748777,1287.71698271907,1701.73513204934,24430.6889384477,3125.69869834977,18492.8176197714
238.757915145225,1823.22875312454,26039.9433037447,5475.56786231926,8016.58228486029,5955.16804334978,5406.56773379299,9886.03340537426,14010.9177367813,21930.5803352648,1732.65711706625,416.675267987656,0.11296245543484,150.042592124614,209.285454184654,701.838190980905,9821.09982223766,21013.9008712744,4720.6263159447,158.764672662024,8870.94366795879,1239.48641983584,32118.5050684706,3600.08092359269,229.805664672033,1199.3665330583,1588.09736607559,22486.5905214242,2862.20386987237,16796.3766528954
1.04133944489604e-06,1.15656182231305e-06,1.01103813676673e-06,8.14771368595757e-07,9.2683042396402e-07,4.10211882240219e-07,7.98331527107621e-07,9.4496088820506e-07,1.05493590751848e-06,8.52438276410794e-07,7.59568123953613e-07,2.96221156759202e-06,1.46366231490447e-06,7.95857360458285e-07,8.4713282433313e-07,1.02390269773878e-06,1.37694449620085e-06,1.16123301552307e-06,7.98018334080552e-07,1.02941937996093e-06,4.65133112470539e-07,8.23365056135117e-07,1.13963088210767e-06,4.33329174143182e-06,1.38227044033101e-06,1.13570216342396e-06,9.71068232047401e-07,1.25104509152152e-06,9.16817839424766e-07,8.81615790149226e-07
