16358.7801463682,15081.090705796,15869.495410703,15165.5302679152,15654.1155286904,14670.2024001982,15332.5715747149,15468.4983102572,16919.090316444,16542.6975732912,15690.3577407237,14438.0578298659,14965.1413445245,15967.7627960136,16866.5944492385,15975.8289514496,16357.1363538168,14519.3553440083,15510.5561022592,15932.520027961,15822.396619383,16123.3189083751,15191.4159875321,15613.2747285757,15402.5059608918,15400.9934795602,14980.4203262015,15434.6805579065,15808.3574317706,15652.0886343413
15347.3568103074,14879.6332295213,15285.5440111821,15125.7665637322,14813.7576626456,14170.7181951394,12063.0857108051,14768.3704258776,16352.7776011457,14243.244111137,13420.2886739521,8717.45780358416,14692.8434969417,14783.241893869,16109.2686527893,14007.2317861179,13947.7275079425,14235.5315459904,9982.65970875762,14931.7371244186,15507.6619965929,12723.3615889355,15191.4159875321,15613.2747285757,15164.5522307831,15050.1748616548,14980.4203262015,15069.6560838138,10861.8245790362,15456.8121625723
8846.93015285433,13294.8667668856,12305.901578954,14869.3374448474,14813.7576626456,14170.7181951394,8448.29675662799,14768.3704258776,14686.4035078972,13839.9342899835,8445.81613093897,7627.06645092337,14654.3093726059,14783.241893869,14891.9829973471,10339.7029377884,9027.01903778556,12538.5794170784,7762.95550401378,13681.4245640128,15427.2158808092,7892.23361836572,15191.4159875321,15580.5264857962,13900.6296217718,12782.03629934,14607.7196626725,14811.8279626077,8626.52176944132,15052.0135530729
7323.38459137652,13294.8667668856,6951.95664677985,14741.5849360018,13736.932008145,7466.16282859258,7758.5787314167,7229.03864450748,14524.7103350384,6783.68429482138,6950.76968408981,6655.81379685376,7268.96751849244,13859.947967253,7554.62546304734,8584.04126181161,7815.15980962528,6060.37045474868,7141.6566231789,13681.4245640128,14369.9211940462,6362.57558793678,10827.8098006316,14659.435240299,13900.6296217718,6456.87714448902,14607.7196626725,12883.0307767461,7604.30341371768,7527.42050683184
7244.53430293171,12050.6724245644,6560.46095511739,14545.9095705597,13736.932008145,5062.52283983341,7546.66258681492,6124.31693025632,5321.42447695509,5188.16510135949,6665.80409248376,6552.81502741512,4241.78482250216,5759.37654230387,6849.01371439901,8145.40910351026,7640.65038072472,5789.64581973881,6968.10560040969,13381.0648798241,13592.405771272,6246.72479183089,6696.12783578042,5059.59214949477,13900.6296217718,6157.3113198547,11847.4502848323,5215.63939189423,7227.98522898279,6224.33986171935
7242.99454579567,5131.74302614523,6557.37190365731,5994.86236783715,6842.21602793214,5059.30555909919,7534.1199812789,6124.22205445077,5049.98626287467,5186.82074405349,6665.71416049596,6549.01739157198,4241.34336864077,5726.91881851768,6845.62066586714,8145.05129244726,7640.57319681882,5779.52356229282,6959.69105485184,6715.02964504598,5920.65483826083,6246.71618457053,6691.20948127339,4757.61111256533,5252.77351913681,6149.25383465732,4283.65697980065,5018.35831798329,7227.81928477361,6214.91101320726
7242.93566638741,5127.71056829439,6557.21483113043,5993.29395228178,6450.19262342909,5059.30555634128,7533.53415410865,6124.22205445019,5049.98619603737,5135.19794202937,6665.71416048971,6548.90650226024,4241.34336863948,5726.54139993803,6845.51659110915,8145.05129242694,7640.57319680117,5779.293176911,6959.16645915078,4572.33105820347,5919.03613362552,6246.71618457046,6691.20948112123,4757.27427303839,5248.38849468673,6148.79910683427,4263.31248791486,5011.80782998896,6660.38461273242,6214.70383482294
7242.9337685332,5127.54858338637,6557.20189107635,5993.29395210236,6450.19240214171,5059.30555634128,7533.44672255415,6124.22205445019,3920.5479401242,5092.28321774965,4204.22592767518,6548.90019820861,4241.34336863948,5726.52944143177,6845.50963798441,8145.05129242694,5104.6490771534,5779.28394537832,6959.11593336612,4572.32949778799,5918.19674949391,6246.71618457046,6101.78906024251,4757.25876843418,5248.27846315622,6148.77203856575,4261.38154934348,5011.45156893874,6591.49466503304,6214.69311911249
6781.92006182855,5127.53803912561,6557.20142657362,3036.10682717259,6450.19240214171,5059.30555634128,7533.44204927098,2690.03611566089,3094.53537287292,5091.72672014997,3704.86109239389,6548.89971135481,4241.34336863948,5726.52911449289,6845.50942205499,4912.07843448367,5104.60359185329,5779.28353050287,6959.1136364455,4572.32949778738,4105.10804172884,6246.71618457046,6101.78905666009,4757.25827430882,5248.27697866895,6148.7676642832,4261.26659613795,5011.43802136268,6590.36151573923,6214.6924375493
6370.92432801017,5127.53770121773,4786.47802814298,2303.35616058319,6450.19240214171,5059.30555634128,7533.44154315173,2681.02237345363,3094.53535140447,5091.69910446802,3704.86108011505,6548.89971135481,4241.34336863948,5726.52911449289,5668.55663139412,4911.96327142107,5104.60359185256,5114.24799163114,4615.73274594371,4572.32949778738,4104.16884365127,6246.71618457046,6101.78905666009,4757.25827430882,5248.27695124305,6128.67308882869,4261.25406317808,5011.43751223864,6590.33056962629,2425.48836373527
6370.85929642075,5127.53770121773,4535.85064868075,2303.3561496354,4038.60285116138,5059.30555634128,5502.00657587486,2681.0223729495,3094.53535140447,5091.69881639608,3704.86108011505,6548.89971135481,4241.34336863948,5726.52911449289,5668.55663120004,4911.96327141272,5104.60359185256,5112.84978255824,4611.37125825538,4572.32949778738,4104.16505513085,6246.71618457046,6101.78905666009,4757.25827430882,5248.27695124305,6084.97580699648,4261.2524538363,5011.43751223864,6590.33010015045,2425.47331531757
6370.85918204183,5127.53770121773,4535.8506486624,2303.3561496354,4027.90912381885,5059.30555634128,5502.00657444222,2681.0223729495,3094.53535140447,4083.23322812194,3704.86108011505,2941.28185398524,4241.34336863948,5726.52911449289,5668.55663120004,4911.96327141272,5104.60359185256,5112.84753165565,4611.3628657779,4572.32949778738,4104.16505513085,6246.71618457046,6101.78905666009,4757.25827430882,5248.27695124305,6084.96633399102,4261.2524538363,5011.43751223864,6495.68777202848,2425.47331531757
6370.85918204183,5127.53770121773,4535.8506486624,2303.3561496354,4027.8475998762,5059.30555634128,5168.62424388649,2681.0223729495,3094.53535140447,4082.99154394253,3704.86108011505,2694.90948360859,4241.34336863948,3705.02469801188,2974.81530297976,4911.96327141272,5104.60359185256,5112.84753165565,4611.36286368399,4572.32949778738,4104.16505513085,6246.71618457046,6101.78905666009,3843.58970348655,5248.27695124305,5380.29706177821,4261.2524538363,5011.43751223864,6495.67676173164,2425.47331531757
6370.85918204183,4495.99330133483,2656.42585951152,2303.3561496354,4027.84756766059,5059.30555634128,3605.63403827614,2681.0223729495,3094.53535140447,4082.99154394253,3704.86108011505,2694.90948360814,4241.34336863948,3705.01613834247,2974.81529498998,4911.96327141272,3939.34694849422,5112.84753165565,4611.36286368399,4572.32949778738,4104.16505513085,4788.78138851704,6101.78905666009,3843.5895684892,5248.27695124305,5380.29706177417,4261.2524538363,5011.43751223864,5588.92005969945,2425.47331531757
