4629603898.19632,5079932607.03,1722383668.85724,3188859617.77418,7094707591.12757,2216952077.49024,14348814452.2999,1167650996.47636,3474080280.44057,2382073020.80542,9397147628.86872,1761234353.22687,2734264010.68044,5515439512.72358,15858243528.1109,883310581.063326,2408049897.94197,476643154.823987,2987882296.34157,3565138021.58534,3905652759.31975,592576564.478494,651486754.929863,2648304562.96401,5676381933.71138,27796033076.1006,2610865837.19722,7760682908.05717,15801663482.6807,10032140075.7018
4629603898.19632,5079932607.03,1722383668.85724,3188859617.77418,7094707591.12757,2216952077.49024,14348814452.2999,1167650996.47636,3474080280.44057,2382073020.80542,9397147628.86872,1761234353.22687,2734264010.68044,5515439512.72358,15858243528.1109,883310581.063326,2408049897.94197,476643154.823987,2987882296.34157,3565138021.58534,3905652759.31975,592576564.478494,651486754.929863,2648304562.96401,5676381933.71138,27796033076.1006,2610865837.19722,7760682908.05717,15801663482.6807,10032140075.7018
4629603898.19632,5079932607.03,1722383668.85724,3188859617.77418,7094707591.12757,2216952077.49024,14348814452.2999,1167650996.47636,3474080280.44057,2382073020.80542,9397147628.86872,1761234353.22687,2734264010.68044,5515439512.72358,15858243528.1109,883310581.063326,2408049897.94197,476643154.823987,2987882296.34157,3565138021.58534,3905652759.31975,592576564.478494,651486754.929863,2648304562.96401,5676381933.71138,27796033076.1006,2610865837.19722,7760682908.05717,15801663482.6807,10032140075.7018
4629603898.19632,5079932607.03,1722383668.85724,3188859617.77418,7094707591.12757,2216952077.49024,14348814452.2999,1167650996.47636,3474080280.44057,2382073020.80542,9397147628.86872,1761234353.22687,2734264010.68044,5515439512.72358,15858243528.1109,883310581.063326,2408049897.94197,476643154.823987,2987882296.34157,3565138021.58534,3905652759.31975,592576564.478494,651486754.929863,2648304562.96401,5676381933.71138,27796033076.1006,2610865837.19722,7760682908.05717,15801663482.6807,10032140075.7018
4629603898.19632,5079932607.03,1722383668.85724,3188859617.77418,7094707591.12757,2216952077.49024,14348814452.2999,1167650996.47636,3474080280.44057,2382073020.80542,9397147628.86872,1761234353.22687,2734264010.68044,5515439512.72358,15858243528.1109,883310581.063326,2408049897.94197,476643154.823987,2987882296.34157,3565138021.58534,3905652759.31975,592576564.478494,651486754.929863,2648304562.96401,5676381933.71138,27796033076.1006,2610865837.19722,7760682908.05717,15801663482.6807,10032140075.7018
4629603898.19632,5079932607.03,1722383668.85724,3188859617.77418,7094707591.12757,2216952077.49024,14348814452.2999,1167650996.47636,3474080280.44057,2382073020.80542,9397147628.86872,1761234353.22687,2734264010.68044,5515439512.72358,15858243528.1109,883310581.063326,2408049897.94197,476643154.823987,2987882296.34157,3565138021.58534,3905652759.31975,592576564.478494,651486754.929863,2648304562.96401,5676381933.71138,27796033076.1006,2610865837.19722,7760682908.05717,15801663482.6807,10032140075.7018
4629603898.19632,5079932607.03,1722383668.85724,3188859617.77418,7094707591.12757,2216952077.49024,14348814452.2999,1167650996.47636,3474080280.44057,2382073020.80542,9397147628.86872,1761234353.22687,2734264010.68044,5515439512.72358,15858243528.1109,883310581.063326,2408049897.94197,476643154.823987,2987882296.34157,3565138021.58534,3905652759.31975,592576564.478494,651486754.929863,2648304562.96401,5676381933.71138,27796033076.1006,2610865837.19722,7760682908.05717,15801663482.6807,10032140075.7018
4629603898.19632,5079932607.03,1722383668.85724,3188859617.77418,7094707591.12757,2216952077.49024,14348814452.2999,1167650996.47636,3474080280.44057,2382073020.80542,9397147628.86872,1761234353.22687,2734264010.68044,5515439512.72358,15858243528.1109,883310581.063326,2408049897.94197,476643154.823987,2987882296.34157,3565138021.58534,3905652759.31975,592576564.478494,651486754.929863,2648304562.96401,5676381933.71138,27796033076.1006,2610865837.19722,7760682908.05717,15801663482.6807,10032140075.7018
1174076673.77841,1392838018.20044,204143530.770958,588909039.905688,1358413881.5292,301039237.804095,2329819590.9922,1167650996.47636,655700365.763344,593195357.091887,718510894.291988,1761234353.22687,590098838.884361,582335034.510105,2446845333.09829,416991621.515403,574928110.034382,179913983.935696,1373474840.91712,970611747.639266,1371054820.33526,177746240.558235,254400507.890752,1211925159.87625,2690724420.6453,4958220334.94338,905821039.315942,4517615027.00306,715768234.887676,829882674.605256
534790142.120081,147458323.359186,18942985.5850772,245776079.415841,272981170.080179,76133134.2225659,432197788.729815,39038891.1362846,125369494.590218,301469418.923837,259770328.05676,79176043.2009113,86198159.898409,146060347.358323,83658598.8082572,95691977.1566114,40429655.99858,95329830.919377,63626909.7467322,494698979.550989,489230067.784157,57930123.757143,18581045.5024951,72886567.9022218,295236732.240663,642360055.093023,86287424.8800094,231935894.833642,248134843.93739,116070578.617024
8669511.99487709,40930314.6119261,7680801.97293467,85243384.5823891,60596098.5939886,49606900.6678484,62585486.1211064,27783704.2117406,58108274.4950241,22411944.1763003,60374579.8738377,45797081.8992271,34791574.8338363,45282678.4140968,23654766.8076697,35003132.3301214,19664213.1356106,44689456.9006737,23038760.1035501,55890262.6376339,32108824.665579,44633671.0004088,10282838.1594011,29500519.9578901,18627077.1711162,34551049.0833984,16277380.2603697,24574709.185249,37644261.1386756,40122295.7066418
3482607.92039818,17051444.27151,4105082.55702278,21791111.8170625,28903870.2143122,19105296.9943391,9019176.93345297,17402627.8762168,26599289.1221177,11595358.9705559,15827334.5500666,22758126.9593731,16597144.2685134,21128130.8242963,10071889.3818542,19921012.7849945,6588436.14521054,9029139.05545948,16054507.1590213,13783543.1307193,10638976.1384698,28793733.3058023,4346644.56386981,19756484.9772254,7673962.20782772,8884884.43715916,3491121.72892903,10182398.5129635,6546909.79665964,17090123.5600796
1603604.21673734,4682188.08422091,1793250.21366392,4111640.58242777,7151340.00144414,2214506.62976129,2047689.02668983,4242301.53176579,7043973.8222698,3780272.48410755,3084808.05358946,2580166.83373812,3331237.16961853,3681283.69418938,3384512.24822888,6073824.79336265,1793691.13929307,2638852.09739129,2960646.63441723,1714213.96492397,2079557.34618191,4338385.97607675,1152743.18630855,3453008.20477859,2890983.19935052,2600035.11160204,610757.751972486,4533404.81882208,1668691.69122797,2844814.11634336
378386.103991462,215083.837382376,29733.6222676577,426621.518156016,411677.180740812,221658.016629806,87820.6496903276,62955.0991921738,268476.149739186,189937.842105964,117135.68492299,155078.871141685,54787.9252440255,236894.795821251,157307.749991461,122551.19338009,247753.77761758,195966.685421568,146615.371266602,301518.737114804,88959.1062161115,163902.76654044,152186.660682961,227784.857885054,449806.318732165,461642.276514149,146991.565980676,356305.392204887,228761.276622965,124710.438851914
803.067937762223,819.738537583664,975.046167996133,3143.94123119743,1945.93953058802,2625.06847120882,1102.33697141892,1731.65735348422,1771.32767501539,1423.59408667335,1071.39018990471,1167.48473206663,1079.17353546557,1771.77795000084,1060.00073698893,1879.04094185571,1565.57948018549,1183.10211413801,1359.97309245365,1725.36565900572,978.808852805145,1365.62758896844,1607.65481144666,1938.92917810555,1204.8445928506,749.584991990526,1175.55515305274,1064.65731601773,2329.38953963881,1175.30719106849
336.39882064894,447.828281956686,559.245855424581,454.791993666313,406.039328099653,461.756479825761,433.899569634628,567.212603516623,547.313802648677,464.74082236705,338.38312064413,451.807812440139,468.721457819005,550.31029049504,567.22369130019,478.693469678758,370.222571603233,648.80334507204,589.110080207886,484.647577871616,308.535940564713,480.65774083884,524.435870678438,634.864031138746,586.122553779205,335.400088200337,606.802081753879,510.508802667911,559.732395781394,506.526020233905
