138271870.932689,245822937.565074,74185799.504328,76739831.4207942,181910011.653866,89914951.796042,23830772.3984704,43054136.7872125,27723234.4660831,17366623.8915032,123552327.72289,18808247.1530007,49474821.356829,150219517.291822,32596921.1694902,9799593.0715385,107261713.032621,7506333.31954064,35056420.2194684,168728509.474418,42296279.1907686,70364600.7799778,117749194.965189,229865014.432238,226309769.36009,28563181.1992446,60785120.656388,21831756.6145787,54108852.9970478,21298259.2429216
74048697.4743205,160998469.184636,47492633.4579693,36472955.4182209,70560454.5620396,52839915.5613401,9327324.16660796,16362796.8134607,14228858.7895953,11730325.1770487,60475789.7256665,8423839.65675277,31016614.9124699,32015608.5822422,16764651.0036046,6455941.85063379,71683875.7887109,6672115.18626311,9171671.01371771,106100083.684398,28092671.5151277,44182893.2928486,46276472.3627231,67195903.0348742,102577868.167122,20435875.0498068,15904705.3765502,13382469.3670753,20763371.0356856,15011425.4925007
41310313.1006525,83130412.0973976,26401763.5579424,20620920.8901012,27611267.4116188,32229946.2567264,4230465.24086043,5863977.88489175,7672077.99587117,6725612.28035855,26431631.04068,3667708.60315444,13846654.9479212,3082774.99775983,12156350.4669236,4831152.35494245,40646456.7335838,5884880.07856487,6230709.84855936,49626212.5489028,18159348.9113869,21826685.9964308,13341739.3307477,15458481.6118469,32643760.2374928,10917139.8053261,5228837.49453199,6758640.29134087,10044192.3130613,8738688.50678511
6122751.88333147,5047909.15366313,6210012.79371042,7266259.32767502,5944456.89617567,17428571.8896105,3205796.27006292,2920720.63769509,1920512.6486928,2152588.29907541,5533442.43522698,697035.927837735,809936.548491013,451947.942642985,9126144.18296118,3634530.11547825,6565386.71801398,4548294.36218515,3662361.63815902,1857909.78801779,5597772.83983384,2191799.26555213,2261708.74065393,5257233.23028218,3378388.62443582,4110915.74591989,1682442.11596622,1714653.03528646,3274409.13887037,5420727.05295373
1234294.46980651,553236.737043337,768440.747968956,2615254.39253481,212544.854855301,956689.358862259,1078465.36038899,734552.967531422,715087.360749464,675830.454057717,570799.88343886,133447.799815104,463357.373758705,148768.670174848,508576.920456223,596038.275125099,449133.949144107,915973.957351236,1010650.19148124,332781.143617171,1244777.99159029,620317.192795814,632421.519071475,1289631.24292336,407186.587631779,469952.53668042,385660.030673123,274199.621944426,810026.500529407,955945.5189396
47324.1398464476,103323.728941236,52222.144922659,87977.0308661835,27560.5268315546,100285.440851695,76529.5552697946,115344.532664003,20970.9611491931,82237.4784663361,46538.4410224629,63991.1980230725,66258.0605641362,48027.5400866859,71100.8718892327,115358.832124548,69804.4181555195,38577.738169165,40066.7499236448,64427.2155743402,79167.8094721144,103528.536851864,58351.966194541,139977.601276055,54360.4269366147,90197.7411643507,51129.5241467512,24167.673329132,64946.4829287083,54870.3057911752
8955.24562725504,11777.6736257277,4414.4715716754,7320.68853575684,4451.62445731878,5605.14596779628,7674.70405363667,8342.6391523665,3443.90268664118,12799.4431794004,2312.38983388195,11027.2010961597,6195.01776036375,5795.6351569619,4059.57134593086,6953.07882921823,7931.52999190303,1880.08322013611,4714.76190761718,5320.54710889628,8081.16275143508,8210.66256487519,8240.77704349551,7546.50489740829,4955.30372179216,6629.39783707862,1793.58231801046,1864.74687196221,6456.65700684073,3182.48198180074
462.195283505722,481.759265442978,919.79557030279,757.890512587196,593.158062532083,642.551906724029,718.617501674134,918.222922105039,452.718080986649,579.875977547333,464.028890685873,1017.69448497059,611.422640163415,533.120645184973,729.184279247183,758.081653723341,733.972332631754,668.676609066278,538.67328706952,729.862459472834,562.271448429691,670.936703561882,664.937377792856,773.832853114985,817.516944103095,639.8530883404,538.25344100742,658.171581021132,880.127373529233,944.637044529088
411.888503486897,385.591643291465,803.779850443283,646.953802527843,501.278726363091,550.367840187728,656.872263552226,778.259298956104,374.505698033417,506.95204963257,391.121539137289,913.008941204542,547.320048050033,476.862449625636,551.236436289547,675.498537634726,574.661493129024,611.585769894282,295.231168586662,563.692140096479,492.861748288502,572.922363996451,583.519821616406,698.230675509365,713.97716030662,570.603107570373,438.901450762703,506.40102083691,789.772041179713,781.263477202321
301.970213117519,236.448395318426,500.276564550746,473.471437306431,344.196147304787,338.3276264194,547.973914971069,475.963654825679,251.182316506909,427.499577428765,201.6938245183,612.684239862216,357.865437082059,387.118521414252,250.627670550101,428.033189535711,493.655933516281,434.03250397774,159.796758472028,236.657269530252,379.426344285142,433.221262565678,502.918373517486,545.342594531506,301.704414001351,413.821952117417,231.812524547169,402.451967876028,534.790069723175,568.66284129332
301.970213117519,236.448395318426,500.276564550746,473.471437306431,344.196147304787,338.3276264194,547.973914971069,475.963654825679,251.182316506909,427.499577428765,201.6938245183,612.684239862216,342.497543841188,387.118521414252,249.322878276135,421.409529569123,493.655933516281,432.143815734592,152.251387248105,236.657269530252,379.426344285142,423.861392479613,502.918373517486,511.055445512357,301.704414001351,413.821952117417,225.933370665785,351.233574188439,481.539801885576,561.476330748352
301.970213117519,236.448395318426,500.276564550746,473.471437306431,344.196147304787,338.3276264194,547.973914971069,475.963654825679,251.182316506909,427.499577428765,201.6938245183,612.684239862216,342.497543841188,387.118521414252,249.322878276135,421.409529569123,493.655933516281,432.143815734592,152.251387248105,236.657269530252,379.426344285142,423.861392479613,502.918373517486,511.055445512357,301.704414001351,413.821952117417,225.933370665785,351.233574188439,481.539801885576,561.476330748352
285.329394548206,236.448395318426,500.276564550746,318.225715151922,344.196147304787,322.322133872743,360.197879577983,393.972522830866,251.182316506909,427.499577428765,201.6938245183,314.124293090964,342.497543841188,387.118521414252,249.322878276135,421.409529569123,405.340511470341,312.106080428746,152.251387248105,236.657269530252,379.426344285142,423.861392479613,301.257839483755,511.055445512357,301.704414001351,343.310949177372,225.933370665785,351.233574188439,481.539801885576,561.476330748352
275.77575493757,236.448395318426,500.276564550746,318.225715151922,344.196147304787,306.402076673393,335.778929937841,337.196583738462,251.182316506909,427.499577428765,201.6938245183,314.124293090964,342.497543841188,387.118521414252,249.322878276135,421.409529569123,384.053857443735,284.604557004718,152.251387248105,236.657269530252,379.426344285142,418.523582031302,264.989226950616,487.565677770388,301.704414001351,343.310949177372,225.933370665785,327.390957877839,481.539801885576,415.262855514782
