4324.36007869608,3436.49747089119,3981.25065229582,3762.24894712405,4177.09723597402,4525.819407862,4302.18004039243,3420.98179810799,4522.55184547703,3852.48358273673,3778.93603725987,4821.42179209802,4438.51534223151,3087.16543198479,3479.9256406562,5212.70443951236,3211.37519307512,3067.10601422059,3652.19489769189,4316.54801761311,3973.72173443754,3610.57308523048,3993.04228519861,4927.85830155102,3818.96015312372,3978.46452406507,3557.86554047481,4767.34440033596,4739.9818048123,3845.97731316975
4324.36007869608,3436.49747089119,3981.25065229582,3762.24894712405,4177.09723597402,4525.819407862,4302.18004039243,3420.98179810799,4522.55184547703,3852.48358273673,3778.93603725987,4821.42179209802,4438.51534223151,3087.16543198479,3479.9256406562,5212.70443951236,3211.37519307512,3067.10601422059,3652.19489769189,4316.54801761311,3973.72173443754,3610.57308523048,3993.04228519861,4927.85830155102,3818.96015312372,3978.46452406507,3557.86554047481,4767.34440033596,4739.9818048123,3845.97731316975
4324.36007869608,3436.49747089119,3981.25065229582,3762.24894712405,4177.09723597402,4525.819407862,4302.18004039243,3420.98179810799,4522.55184547703,3852.48358273673,3778.93603725987,4821.42179209802,4438.51534223151,3087.16543198479,3479.9256406562,5212.70443951236,3211.37519307512,3067.10601422059,3652.19489769189,4316.54801761311,3973.72173443754,3610.57308523048,3993.04228519861,4927.85830155102,3818.96015312372,3978.46452406507,3557.86554047481,4767.34440033596,4739.9818048123,3845.97731316975
4324.36007869608,3436.49747089119,3981.25065229582,3762.24894712405,4177.09723597402,4525.819407862,4302.18004039243,3420.98179810799,4522.55184547703,3852.48358273673,3778.93603725987,4821.42179209802,4438.51534223151,3087.16543198479,3479.9256406562,5212.70443951236,3211.37519307512,3067.10601422059,3652.19489769189,4316.54801761311,3973.72173443754,3610.57308523048,3993.04228519861,4927.85830155102,3818.96015312372,3978.46452406507,3557.86554047481,4767.34440033596,4739.9818048123,3845.97731316975
4324.36007869608,3436.49747089119,3981.25065229582,3762.24894712405,4177.09723597402,4525.819407862,4302.18004039243,3420.98179810799,4522.55184547703,3852.48358273673,3778.93603725987,4821.42179209802,4438.51534223151,3087.16543198479,3479.9256406562,5212.70443951236,3211.37519307512,3067.10601422059,3652.19489769189,4316.54801761311,3973.72173443754,3610.57308523048,3993.04228519861,4927.85830155102,3818.96015312372,3978.46452406507,3557.86554047481,4767.34440033596,4739.9818048123,3845.97731316975
4324.36007869608,3436.49747089119,3981.25065229582,3762.24894712405,4177.09723597402,4525.819407862,4302.18004039243,3420.98179810799,4522.55184547703,3852.48358273673,3778.93603725987,4821.42179209802,4438.51534223151,3087.16543198479,3479.9256406562,5212.70443951236,3211.37519307512,3067.10601422059,3652.19489769189,4316.54801761311,3973.72173443754,3610.57308523048,3993.04228519861,4927.85830155102,3818.96015312372,3978.46452406507,3557.86554047481,4767.34440033596,4739.9818048123,3845.97731316975
4324.36007869608,3436.49747089119,3981.25065229582,3762.24894712405,4177.09723597402,4525.819407862,4302.18004039243,3420.98179810799,4522.55184547703,3852.48358273673,3778.93603725987,4821.42179209802,4438.51534223151,3087.16543198479,3479.9256406562,5212.70443951236,3211.37519307512,3067.10601422059,3652.19489769189,4316.54801761311,3973.72173443754,3610.57308523048,3993.04228519861,4927.85830155102,3818.96015312372,3978.46452406507,3557.86554047481,4767.34440033596,4739.9818048123,3845.97731316975
4324.36007869608,3160.95467234228,3981.25065229582,3762.24894712405,4177.09723597402,4525.819407862,4090.89825081926,3420.98179810799,4029.39995530496,3852.48358273673,3298.18481715229,4821.42179209802,4284.06829004974,3087.16543198479,3479.9256406562,5212.70443951236,2438.17911420153,3067.10601422059,3652.19489769189,4316.54801761311,3973.72173443754,3610.57308523048,3993.04228519861,4927.85830155102,3818.96015312372,3978.46452406507,3557.86554047481,4767.34440033596,4739.9818048123,3845.97731316975
3638.81022940062,3129.20021141694,3598.45962156401,2841.02825369903,2897.13386741272,3734.29614287184,3572.39983205247,2613.95122445437,3258.95484293826,2905.67141133283,2962.48815621402,3513.26624214315,3511.6961232432,2828.77318401492,2673.82373618512,3546.3163323297,2438.17911420153,3067.10601422059,2620.0401787073,3527.17203912253,2835.53468505893,3087.21618845416,3238.71225798839,3131.26520685655,3452.81037976968,3273.232678381,3437.31690106039,3377.7262365882,3437.35822890995,2785.98793525797
2990.18079837334,2813.48011158481,3020.70714901551,2445.64427171281,2755.04755073598,3241.08239219984,2897.80205297801,2613.95122445437,2396.79010807243,2464.17136594134,2442.7447407635,3233.19670620646,3157.57271194649,1865.02573888061,2549.06150031204,2667.70009064905,2438.17911420153,3067.10601422059,2620.0401787073,3086.34972798501,2678.958044235,2788.5047392845,2981.00106695407,2774.27230623409,2863.96989678716,2903.32269829781,2868.32814844726,3336.59282522581,3373.88475779784,2505.97738944956
2255.60487089952,2618.0193117647,2845.26966536845,2445.64427171281,2339.24066931722,2615.21404003058,2577.67627168072,2047.36484232035,1843.41663451286,1412.91774827104,1795.28605673227,2524.48707568777,2708.49539121961,1865.02573888061,2123.5109113588,1683.21855201133,2431.62792398506,2512.10778217727,2620.0401787073,2689.07373685216,2316.6184598412,2765.85136320524,2757.90223989487,2084.49365966767,1926.55599180927,2568.25411019744,2304.02185026957,2546.69321351369,2331.98159634037,1633.88003018367
2244.8795684005,2152.61931278125,2353.04362422954,2106.8310708029,1555.02611774886,1792.6959581758,2035.19877037606,1757.39430808082,1843.41663451286,1229.10428362173,1792.19778297473,2447.47836637665,2553.83521388156,1865.02573888061,2123.5109113588,1442.22634521394,1222.1887576721,2512.10778217727,2519.67396286123,2328.97937661185,2160.59243457527,2757.15241411649,2222.30294985431,1587.07598191443,1066.12851388319,1829.5613627053,2304.02185026957,1436.99709677986,1782.89716144471,1519.59042253459
2088.46074183369,2121.00995058454,2342.58354974955,1848.57195979003,1437.07085671842,1724.5162681959,2035.19877037606,1254.20783745669,1303.81297831382,1153.79153676513,1395.62589846382,1762.37363431749,2017.53215787701,1048.66384781783,1703.69896050425,1383.93473616144,1222.1887576721,1822.00673686274,2207.73542166069,1254.13183364372,679.861530383931,894.45852496358,2019.610128726,1536.95139446873,990.998809597995,1829.5613627053,2203.35338844225,671.602212602302,1782.89716144471,1479.70059222872
2032.26948219256,1880.37736787166,1803.99321547392,561.714653803115,1400.1463936858,1682.61964525423,811.198837708626,729.485605330024,1303.81297831382,1115.58533577294,746.548617105744,1040.55742825177,1218.0277059784,909.241265108261,1012.82939371003,1383.93437839561,1222.1887576721,1822.00673686274,1937.41496931671,1184.14477378675,661.086092667559,852.419500303061,636.376976723248,1520.74398545929,955.796515850092,191.031080603739,652.995616617369,639.440328389069,1407.50928291941,1451.76263894618
1669.20455682511,1127.7808883648,912.914712012588,540.073584071633,777.770341233946,1682.61964525423,779.845157508911,659.937985459764,1303.81297831382,1114.67112325141,669.656407061002,1014.40779520157,1173.06189798282,906.117277519701,531.815397538877,908.624037521502,972.965685201524,217.882081226539,245.915815631252,416.724977375927,660.841291461656,850.102133797807,615.82259046115,1173.67839630024,954.090057787173,187.707987555404,627.862531943997,638.691838986614,1284.57497039844,1451.76263894618
608.945821907345,361.942944204093,899.189546659865,540.073584071633,714.970044451984,599.06499427068,779.845157508911,659.937985459764,215.032402349899,856.260071413983,669.349196267662,926.791258747639,1070.73205868577,905.038301234126,531.815334867219,908.624037521502,654.127615905238,210.272015079292,245.915815631252,415.362888693438,660.841291461656,346.926792839136,615.82259046115,1112.59633751991,310.154523405118,187.707987555404,627.862531943997,638.691838986614,530.871477851585,1309.51369212529
