85094.1058615466,70474.8262958824,37631.2275462075,75191.177756409,80205.7076874513,106708.558884609,174179.403688469,158391.395434574,97964.2470261918,59630.1997743048,95651.3578204084,97792.044891901,227330.544874295,94213.6404341201,227998.79471974,60115.4948616791,129832.325915323,114996.387112459,139343.236333317,104834.979394449,88439.0718954726,98238.3279034393,124200.894082097,158866.436444092,73104.1949442957,52371.9532101159,81213.6061268636,139000.57001419,80027.5646820613,89768.5783153206
85094.1058615466,70474.8262958824,37631.2275462075,75191.177756409,80205.7076874513,106708.558884609,174179.403688469,158391.395434574,97964.2470261918,59630.1997743048,95651.3578204084,97792.044891901,227330.544874295,94213.6404341201,227998.79471974,60115.4948616791,129832.325915323,114996.387112459,139343.236333317,104834.979394449,88439.0718954726,98238.3279034393,124200.894082097,158866.436444092,73104.1949442957,52371.9532101159,81213.6061268636,139000.57001419,80027.5646820613,89768.5783153206
85094.1058615466,70474.8262958824,37631.2275462075,75191.177756409,80205.7076874513,106708.558884609,174179.403688469,158391.395434574,97964.2470261918,59630.1997743048,95651.3578204084,97792.044891901,227330.544874295,94213.6404341201,227998.79471974,60115.4948616791,129832.325915323,114996.387112459,139343.236333317,104834.979394449,88439.0718954726,98238.3279034393,124200.894082097,158866.436444092,73104.1949442957,52371.9532101159,81213.6061268636,139000.57001419,80027.5646820613,89768.5783153206
85094.1058615466,70474.8262958824,37631.2275462075,75191.177756409,80205.7076874513,106708.558884609,174179.403688469,158391.395434574,97964.2470261918,59630.1997743048,95651.3578204084,97792.044891901,227330.544874295,94213.6404341201,227998.79471974,60115.4948616791,129832.325915323,114996.387112459,139343.236333317,104834.979394449,88439.0718954726,98238.3279034393,124200.894082097,158866.436444092,73104.1949442957,52371.9532101159,81213.6061268636,139000.57001419,80027.5646820613,89768.5783153206
85094.1058615466,70474.8262958824,37631.2275462075,75191.177756409,80205.7076874513,106708.558884609,174179.403688469,158391.395434574,97964.2470261918,59630.1997743048,95651.3578204084,97792.044891901,227330.544874295,94213.6404341201,227998.79471974,60115.4948616791,129832.325915323,114996.387112459,139343.236333317,104834.979394449,88439.0718954726,98238.3279034393,124200.894082097,158866.436444092,73104.1949442957,52371.9532101159,81213.6061268636,139000.57001419,80027.5646820613,89768.5783153206
85094.1058615466,70474.8262958824,37631.2275462075,75191.177756409,80205.7076874513,106708.558884609,174179.403688469,158391.395434574,97964.2470261918,59630.1997743048,95651.3578204084,97792.044891901,227330.544874295,94213.6404341201,227998.79471974,60115.4948616791,129832.325915323,114996.387112459,139343.236333317,104834.979394449,88439.0718954726,98238.3279034393,124200.894082097,158866.436444092,73104.1949442957,52371.9532101159,81213.6061268636,139000.57001419,80027.5646820613,89768.5783153206
85094.1058615466,70474.8262958824,37631.2275462075,75191.177756409,80205.7076874513,106708.558884609,174179.403688469,158391.395434574,97964.2470261918,59630.1997743048,69557.3006179957,97792.044891901,227330.544874295,94213.6404341201,227998.79471974,60115.4948616791,129832.325915323,98212.9078810322,139343.236333317,104834.979394449,88439.0718954726,98238.3279034393,124200.894082097,158866.436444092,73104.1949442957,52371.9532101159,81213.6061268636,139000.57001419,80027.5646820613,89768.5783153206
85094.1058615466,57965.3642825335,19531.955314018,43737.3092463972,42734.1093547034,106708.558884609,82167.2224004192,73885.3263610879,81221.0119263656,31769.797645044,38910.7805148855,50513.9218740512,152179.882315122,82668.039405386,99974.393984497,48583.0395696635,62312.1897636587,98212.9078810322,77436.0003009596,73725.8525043553,71423.1667697933,98238.3279034393,104692.128453075,158866.436444092,43135.1027122506,29040.4834162886,81213.6061268636,55310.5285812841,63287.0858741706,40014.6621609043
32502.7196813274,20857.5492186836,15011.2632601862,23939.0984142355,19104.3148482351,29674.3926853787,69650.6224341368,31373.5688589324,34882.7441366187,14345.3850848906,16474.5797457947,19287.2506296943,59317.1421796968,30971.1911933415,46643.3586139372,26429.125984798,33681.6504149234,43646.6661320908,33860.4829958872,29501.8053870867,29748.3170856989,33721.0724689594,51209.4655700024,43347.4958119962,24299.341721582,11351.8946487953,26936.4288879014,33836.6089625091,29154.4291832617,22044.7066032815
8062.48627297107,4693.08480143799,5597.71963892417,5254.6390324909,4121.79607532604,9208.08194688943,16945.6001999507,6995.63980729436,7132.98087472535,4009.93745375686,2530.45470424517,1985.00034743447,11640.6129328264,6497.52771341744,15696.6832830363,6034.35030124563,16037.4960556244,12262.3840577598,9600.11629154178,8228.50069668754,6383.15963718366,8798.02549685785,9981.56447604811,8195.67128401263,6128.41977980726,3399.4527143967,5972.37124783788,7160.1898586412,7168.99189172731,5144.80248097467
1666.63501085489,1041.55300778915,857.865684162263,1246.80153255566,911.449789617477,1447.62140191864,1890.22032445339,1093.62738267107,1277.4559390061,1184.56106972475,733.909905417789,693.669207852438,1421.29825297653,1240.55839457216,1300.25675661228,1276.69433359386,1805.60609135899,1924.42256033329,1732.96693298756,1517.70984343714,1052.06180130196,1329.83016835087,1299.13259636314,1433.06045148832,1025.26800384359,1128.07334263208,1115.43242469924,1706.31477578055,1489.55828519307,1413.05771171749
775.43658892676,716.572338019004,658.101907918691,789.018527320684,669.066655614828,794.947472985042,719.619037951753,689.240188729252,774.625696566855,739.38897640862,620.477758434477,610.881564292258,685.962540007512,681.405479578667,709.50592701691,820.342792967167,766.911232815801,849.109024244773,818.401845868376,780.248315490329,677.960846239895,751.45383195547,668.512116301858,676.285598995863,736.048624708529,718.258917804924,661.446165387002,787.48008402417,702.760694059019,790.635229160056
684.27178208983,650.891805181294,603.603520528245,623.804561164887,599.555769326843,595.894699039798,595.17403512861,637.64391434885,615.251107997346,538.907404559742,610.970059400812,577.233563680203,647.652468168561,579.544336052428,594.179789170269,593.992437467418,594.692331679932,590.680046398995,622.021132514175,614.785150505618,632.121386741403,594.993301020783,606.490726411324,583.247984485361,658.543358260774,614.37567772129,578.224969562199,591.521668533158,611.116965211238,595.229885813492
559.61358252523,572.044633930348,463.00403116116,602.928136556472,569.30571191829,584.924419628513,585.307388702796,592.205315417371,606.589969716194,518.376736212946,609.575305268896,523.488813583692,586.450944590038,566.892394707004,584.65070419478,589.376701190956,573.202103543096,555.470136580296,585.144634688685,591.258500911834,585.891824629664,570.093018659924,585.74511069906,568.040652306671,584.599486161118,560.442169885571,569.712106139412,575.707973028746,605.616680002427,532.921875107226
556.530921927157,571.007736431729,462.553305761238,582.841724686122,563.104251298972,584.62112459093,585.155987404868,560.174537266319,606.446879379689,480.306004783954,594.945581764829,471.308536214045,568.50464508801,560.26911743385,584.541885449973,589.129436000448,562.887531769471,555.253584867588,584.351954804557,589.565558953754,584.913685487686,560.016014076295,585.554293211644,565.674517468444,573.169730798919,559.406254957991,569.497564483267,573.700933528832,605.417150506911,532.54339121599
461.01498078824,559.916064210877,462.552868042132,529.894612353603,480.387192631588,536.854071561718,562.597179256262,560.166405501533,461.485947911397,480.256097475876,559.951251380626,471.110976143874,516.986109606847,560.268710852529,563.242212763288,529.141285980757,529.523454559953,555.253584867588,516.833221536556,567.777084931626,577.03813905943,560.014647919098,562.683615191233,460.293179633246,461.456727783687,559.406254957982,526.310915813785,480.392891052262,470.736110744884,532.54339121599
