1082.28878010275,657.386824789405,885.400417447497,920.33640569199,822.249849879766,853.551550554731,917.441624788744,1244.65254016934,629.184953455753,969.38352273696,1164.1586564865,1150.36778456297,1176.63810691297,878.682441980353,973.449653717018,964.417411664279,1244.59691902669,745.3482546174,908.70966393094,1033.73133655886,1264.0805476087,889.728192553308,1182.6208239045,939.828363322385,848.335275036769,1043.03828269377,897.002820995626,1014.55182147887,993.521121166141,1036.73495650028
1082.28878010275,657.386824789405,885.400417447497,920.33640569199,822.249849879766,853.551550554731,917.441624788744,1244.65254016934,629.184953455753,969.38352273696,1164.1586564865,1150.36778456297,1176.63810691297,878.682441980353,973.449653717018,964.417411664279,1244.59691902669,745.3482546174,908.70966393094,1033.73133655886,1264.0805476087,889.728192553308,1182.6208239045,939.828363322385,848.335275036769,1043.03828269377,897.002820995626,1014.55182147887,993.521121166141,1036.73495650028
1082.28878010275,657.386824789405,885.400417447497,920.33640569199,822.249849879766,853.551550554731,917.441624788744,1244.65254016934,629.184953455753,969.38352273696,1164.1586564865,1150.36778456297,1176.63810691297,878.682441980353,973.449653717018,964.417411664279,1244.59691902669,745.3482546174,908.70966393094,1033.73133655886,1264.0805476087,889.728192553308,1182.6208239045,939.828363322385,848.335275036769,1043.03828269377,897.002820995626,1014.55182147887,993.521121166141,1036.73495650028
1082.28878010275,657.386824789405,885.400417447497,920.33640569199,822.249849879766,853.551550554731,917.441624788744,1244.65254016934,629.184953455753,969.38352273696,1164.1586564865,1150.36778456297,1176.63810691297,878.682441980353,973.449653717018,964.417411664279,1244.59691902669,745.3482546174,908.70966393094,1033.73133655886,1264.0805476087,889.728192553308,1182.6208239045,939.828363322385,848.335275036769,1043.03828269377,897.002820995626,1014.55182147887,993.521121166141,1036.73495650028
1082.28878010275,657.386824789405,885.400417447497,920.33640569199,822.249849879766,853.551550554731,917.441624788744,1244.65254016934,629.184953455753,969.38352273696,1164.1586564865,1150.36778456297,1176.63810691297,878.682441980353,973.449653717018,964.417411664279,1244.59691902669,745.3482546174,908.70966393094,1033.73133655886,1264.0805476087,889.728192553308,1182.6208239045,939.828363322385,848.335275036769,1043.03828269377,897.002820995626,1014.55182147887,993.521121166141,1036.73495650028
1082.28878010275,657.386824789405,885.400417447497,920.33640569199,822.249849879766,853.551550554731,917.441624788744,1244.65254016934,629.184953455753,969.38352273696,1164.1586564865,1150.36778456297,1176.63810691297,878.682441980353,973.449653717018,964.417411664279,1244.59691902669,745.3482546174,908.70966393094,1033.73133655886,1264.0805476087,889.728192553308,1182.6208239045,939.828363322385,848.335275036769,1043.03828269377,897.002820995626,1014.55182147887,993.521121166141,1036.73495650028
1082.28878010275,657.386824789405,700.993772883661,920.33640569199,822.249849879766,853.551550554731,917.441624788744,1244.65254016934,629.184953455753,969.38352273696,1164.1586564865,1150.36778456297,1176.63810691297,878.682441980353,973.449653717018,964.417411664279,1244.59691902669,745.3482546174,697.967259006629,1033.73133655886,1264.0805476087,889.728192553308,971.280690685929,939.828363322385,848.335275036769,1043.03828269377,897.002820995626,1014.55182147887,993.521121166141,1036.73495650028
698.377352972006,504.28682959168,611.879379894243,734.119238746053,614.729192141329,633.330316770934,687.442203343873,907.470916840607,488.71681736278,640.700827938535,924.61847758069,863.147127723088,923.374242786755,667.366510114234,773.947253966284,579.74625648998,873.517881449745,549.750245168967,602.801600413544,706.400385888674,882.492480363408,677.249144377418,840.004866127701,768.33183294027,667.285970616149,814.254703161435,601.090491177901,766.859785327655,779.730042291366,754.287356800767
596.337655223394,405.67192526816,393.443627870765,609.893277734683,504.982059993777,562.060939362867,559.242060019052,594.993824823889,479.744042293098,578.989400294582,633.559693626298,659.681906075976,629.71708250631,465.186829158012,573.289439178084,492.257724272554,635.474929523569,462.778502184264,506.073685016532,485.658476253059,679.181893529364,521.520576403823,493.178726879618,615.890800924287,474.217578325386,723.244608152551,436.526456627028,578.630136656993,511.376549785111,564.50413579048
346.805304655273,329.680831521168,258.240012006886,345.388525733159,344.096333038836,393.709396661436,334.624093202492,424.674202943822,292.639263688623,401.991864163533,403.661718111621,397.648601980336,376.483029547376,297.066818323094,364.745173861582,315.85768200738,401.261893038466,361.044530246546,342.287715744966,415.561164218177,323.385765665089,365.656344999006,347.328713431207,370.41366282897,307.895188559339,451.053507492966,300.325816751447,426.697001846229,344.405725528013,294.259633619453
237.486133602375,250.912190475711,227.988157293238,244.653556031983,258.460668328259,246.072364457992,269.294039520701,276.741363546692,231.280504780539,296.030539987727,261.318463175739,235.072689760116,247.952850576599,236.906284665936,239.525219023829,216.917027856955,229.355397076415,266.894928686241,250.93566292353,287.271057793763,208.099203704699,249.882796958592,260.232086431228,307.941602848831,252.426776013455,268.446187384574,298.485481141377,281.169715633619,235.113125871394,263.996814535685
61.9319036458494,198.091168240601,212.122459475838,230.784266695905,50.3266622527103,55.9462887893048,233.408778508946,69.8691958243115,222.150784530682,63.3599134849206,219.631420826605,219.173809942367,234.83692293952,218.534587720882,107.608868383924,53.066662095408,71.411295283099,123.971554505924,219.273237112819,235.251249317799,35.5060899204503,220.266366712549,198.405216204374,257.585681147993,197.402919179328,204.689760656793,181.236638255237,98.6891914654582,235.113125871394,219.000432691748
18.9044719844128,198.091168240601,212.122459475838,230.784266695905,30.8438257689364,35.8188602987938,195.124327137136,15.9194975385653,19.198784654989,30.8438453535965,19.9213049397304,10.0775186131858,201.99175894179,218.534587720882,16.9207520536467,51.7377870052926,59.6975006308425,19.8997259405795,200.29636422054,17.0668316812763,33.8285925035971,212.749777490228,198.405216204374,43.2263571657328,197.402919179328,44.7739730816043,25.8724551018081,19.9013920165748,207.028118481505,200.366604509983
18.904217046954,15.9193348381489,193.699233141386,15.9193455801857,30.8437106186376,35.8184958284456,18.9051469086143,15.9193398757004,18.9042170469771,30.8437156564351,19.8991761040502,9.94959057094792,14.9845733311187,37.1114030889676,16.9142989327671,51.7377852350521,59.6974678129675,19.8991811418666,12.9344690248859,15.9193398756792,33.8285877899339,18.9042182564879,33.2605008197511,35.8184604729931,15.9193450511203,44.7731172666554,25.8689203709772,19.8991710662317,13.9294276756078,13.9923978929337
9.33603526264193,8.95463151397257,13.9294217690027,10.9445496280263,7.95967284981072,14.9243858563995,18.9042170469545,15.9193398757004,18.9042170469771,30.8437156564351,8.40653656081787,9.94959057094792,14.9243858564,12.9761662051478,15.9193449134928,7.96743867471378,3.00919948735924,18.9042170738985,12.9344677422341,15.9193398756739,7.95967245674643,12.9344677422163,15.9193449134978,21.8890942182344,8.95463152683044,10.3872091452536,10.9445496280263,9.10386209508874,13.9294267994055,10.944549628112
5.12807560116016,2.98487717127989,0,10.9445496280263,0.994959057093297,2.98487717128006,4.98648113594408,4.97479528546648,4.97479528546671,8.95463151383967,3.97983622837319,1.98991811418676,0.994959057093297,0.994959057093411,1.98991811418659,5.9697543425599,1.13686837721616e-13,2.98487717127995,5.96975434255984,5.96975434255995,3.97983622837319,3.9798362283733,2.98487717127989,7.95967245674643,1.98991811418665,0.994959057093354,0.994959057093354,8.9546315138399,0.994959057093411,2.98487717127995
