1265.25017834516,1538.16577574493,1379.57132712567,1580.24250578209,1437.28306796054,1666.22674487662,1686.09950500836,1282.52028101917,1299.02029097718,1438.69409796841,1844.40907697684,1224.61632238887,1270.86456925156,1309.44875000997,1416.81628756944,1549.25153217107,1569.39977809771,1322.55631286101,1722.80057487851,1414.39261595569,1656.38732003149,1400.31697925398,1488.46162527041,1446.91473663706,1384.25080205959,1627.01294490407,1425.42183621932,1402.89841471137,1487.06399155881,1423.40453441017
1265.25017834516,1538.16577574493,1379.57132712567,1580.24250578209,1437.28306796054,1666.22674487662,1686.09950500836,1282.52028101917,1299.02029097718,1438.69409796841,1844.40907697684,1224.61632238887,1270.86456925156,1309.44875000997,1416.81628756944,1549.25153217107,1569.39977809771,1322.55631286101,1722.80057487851,1414.39261595569,1656.38732003149,1400.31697925398,1488.46162527041,1446.91473663706,1384.25080205959,1627.01294490407,1425.42183621932,1402.89841471137,1487.06399155881,1423.40453441017
1265.25017834516,1538.16577574493,1379.57132712567,1580.24250578209,1437.28306796054,1666.22674487662,1686.09950500836,1282.52028101917,1299.02029097718,1438.69409796841,1844.40907697684,1224.61632238887,1270.86456925156,1309.44875000997,1416.81628756944,1549.25153217107,1569.39977809771,1322.55631286101,1722.80057487851,1414.39261595569,1656.38732003149,1400.31697925398,1488.46162527041,1446.91473663706,1384.25080205959,1627.01294490407,1425.42183621932,1402.89841471137,1487.06399155881,1423.40453441017
1265.25017834516,1538.16577574493,1379.57132712567,1580.24250578209,1437.28306796054,1666.22674487662,1686.09950500836,1282.52028101917,1299.02029097718,1438.69409796841,1844.40907697684,1224.61632238887,1270.86456925156,1309.44875000997,1416.81628756944,1549.25153217107,1569.39977809771,1322.55631286101,1722.80057487851,1414.39261595569,1656.38732003149,1400.31697925398,1488.46162527041,1446.91473663706,1384.25080205959,1627.01294490407,1425.42183621932,1402.89841471137,1487.06399155881,1423.40453441017
1265.25017834516,1538.16577574493,1379.57132712567,1580.24250578209,1437.28306796054,1666.22674487662,1686.09950500836,1282.52028101917,1299.02029097718,1438.69409796841,1844.40907697684,1224.61632238887,1270.86456925156,1309.44875000997,1416.81628756944,1549.25153217107,1569.39977809771,1322.55631286101,1722.80057487851,1414.39261595569,1656.38732003149,1400.31697925398,1488.46162527041,1446.91473663706,1384.25080205959,1627.01294490407,1425.42183621932,1402.89841471137,1487.06399155881,1423.40453441017
1265.25017834516,1538.16577574493,1379.57132712567,1580.24250578209,1437.28306796054,1666.22674487662,1686.09950500836,1282.52028101917,1299.02029097718,1438.69409796841,1844.40907697684,1224.61632238887,1270.86456925156,1309.44875000997,1416.81628756944,1549.25153217107,1569.39977809771,1322.55631286101,1722.80057487851,1414.39261595569,1656.38732003149,1400.31697925398,1488.46162527041,1446.91473663706,1384.25080205959,1627.01294490407,1425.42183621932,1402.89841471137,1487.06399155881,1423.40453441017
1265.25017834516,1538.16577574493,1379.57132712567,1580.24250578209,1437.28306796054,1666.22674487662,1686.09950500836,1282.52028101917,1299.02029097718,1438.69409796841,1844.40907697684,1224.61632238887,1270.86456925156,1309.44875000997,1416.81628756944,1549.25153217107,1569.39977809771,1322.55631286101,1722.80057487851,1414.39261595569,1656.38732003149,1400.31697925398,1488.46162527041,1446.91473663706,1384.25080205959,1627.01294490407,1425.42183621932,1402.89841471137,1487.06399155881,1423.40453441017
1265.25017834516,1538.16577574493,1379.57132712567,1580.24250578209,1437.28306796054,1666.22674487662,1686.09950500836,1282.52028101917,1299.02029097718,1438.69409796841,1844.40907697684,1224.61632238887,1270.86456925156,1309.44875000997,1416.81628756944,1549.25153217107,1569.39977809771,1322.55631286101,1722.80057487851,1414.39261595569,1656.38732003149,1400.31697925398,1488.46162527041,1446.91473663706,1384.25080205959,1627.01294490407,1425.42183621932,1402.89841471137,1487.06399155881,1423.40453441017
1237.96019960605,1331.01826372426,1379.57132712567,1465.57803864665,1437.28306796054,1666.22674487662,1413.63382528153,1068.06230946805,1155.65197310381,1438.69409796841,1738.66867341359,1111.67769080188,1270.86456925156,1309.44875000997,1275.77503430763,1364.86942660909,1569.39977809771,1293.49104033823,1522.53441208229,1414.39261595569,1513.00257010017,1274.18014293289,1103.87542551445,1446.91473663706,1334.1287468848,1568.73915814312,1360.3414314793,1353.37020719173,1448.50763062282,1293.76174911472
902.715482399592,1113.24186377081,1031.45349004353,1207.53219055993,1054.87884980361,1068.91735381694,1151.58370292375,973.299312580578,1047.53477929102,1011.77789521819,1233.68182724328,985.20709187472,923.234255369397,918.996896708504,1002.76218220448,1184.38722566486,1007.85681438979,948.156516267973,1208.95001135135,1029.5702790144,1199.33388024615,1002.52239887892,998.975277685449,1192.34481270478,1122.09891461572,1134.69201517704,1085.73524717064,929.493787324152,1090.27247171339,1050.28945802105
609.253113980948,727.999884406822,734.822694032367,697.71476747179,765.926554699483,799.401732221388,714.839072993244,627.918089699671,665.348534788736,624.957485822502,859.308560284463,557.958965151177,618.316376289858,636.198584902072,667.63073124977,745.551901841794,668.300514748817,769.742087957417,723.634841765207,716.120012102994,765.745015489135,674.54509039231,747.864871971068,840.239696139228,728.560155396159,710.572628293063,731.973276483845,686.798903357156,698.624739497955,728.638318654578
510.179941298431,465.711779462406,441.013328327553,462.469497655459,489.660579868754,459.358421022432,440.681917492862,475.697577884278,450.93757893412,465.012186386143,443.992568287723,438.965732911518,495.111177507406,353.913266273136,442.563353433863,432.211450351138,446.047832601561,436.917081601734,523.96146314198,463.59815973027,461.571827379227,452.886953079816,455.847617010517,434.430341716369,433.104496666533,474.196751427289,415.949081189139,463.291414009396,472.119421613711,488.893912561519
398.979277975101,403.543928145063,72.0505271355785,107.336674743224,76.5172564675707,85.1293688437141,81.9759006480047,360.090129739128,59.1807173902633,64.8604013289228,77.5041265421096,362.823541266399,167.835650978055,116.350248792375,417.450591796906,88.6634161018563,51.8715108604374,80.4279623424716,377.395528218457,78.0622617602563,353.501835212606,67.2590929725778,107.245446067841,57.0707186847152,53.6256092189483,67.5347552767505,59.9993843475172,69.316483707086,66.8726851526754,89.5368177855935
45.769624643708,24.8745499172253,50.7428826003159,105.465453397774,55.7176700836329,68.6520833502885,80.5915880246671,14.9255057038581,55.7176672312229,45.7680899450694,53.7277329506944,26.8653630531448,36.8135231461312,98.5007301616907,21.8898449534031,87.5562711449622,21.8892242855783,61.6873932580831,22.8919041793713,40.7933069743352,43.7793422298868,45.7680808234232,65.6672179528612,54.7227138443365,40.7932791220341,51.7378372973176,54.7226734784477,64.6722439253795,62.6823514187721,67.6571251399162
45.7680914374208,24.8739713895447,50.7428766470337,31.8388559014687,55.7176668947242,23.8792079095913,80.5915878605693,14.9243858565051,18.9583918191216,45.7680863994052,53.7277285838381,26.8638844659822,36.8134699991707,12.9857589437081,21.8890942182527,45.7681018928506,21.889099256122,57.7075814784454,22.8840482375703,40.7933011896281,43.778153126351,45.7680762783414,18.904758979266,54.7227128755169,29.848813104574,25.8689671527383,54.7226724820154,46.7637136590686,20.9537504909679,67.6571200729272
22.8840583131461,21.8890942182369,9.94959057093303,24.8739764273324,13.9294267993066,23.8790123324217,11.9395086851196,14.9243858565051,16.9142989327675,19.8991811418665,4.9747952854683,10.944549628028,6.96471339965331,12.9344677422298,6.96471339965319,31.8386847891667,17.909263027682,17.9092630276798,20.8941401989615,13.9294267993064,3.97983622837518,23.8790123324201,18.9042220847809,23.8790173702394,29.8487666749812,25.8689304466067,23.8790173702398,2.98487717128006,20.8941401989672,10.9445496280263
