3475.36908576687,3913.48839880785,3473.88153349795,3909.4116143352,3526.52867638181,3201.17433546417,3318.72402464424,3815.68835727477,3273.91418029384,3218.19442852649,2726.29500577968,2895.25521592137,4142.58807052974,3460.60475583364,3473.23130597837,3750.32854417415,3127.83311630101,3440.74386976464,2485.4182378153,3525.78423069342,3278.46681578059,2858.81642278362,3239.63249743237,3323.81954475743,3587.2534500137,3872.67281021521,2942.32376951006,3660.88083799669,3181.47288984417,2939.0255838789
3475.36908576687,3913.48839880785,3473.88153349795,3909.4116143352,3526.52867638181,3201.17433546417,3318.72402464424,3815.68835727477,3273.91418029384,3218.19442852649,2726.29500577968,2895.25521592137,4142.58807052974,3460.60475583364,3473.23130597837,3750.32854417415,3127.83311630101,3440.74386976464,2485.4182378153,3525.78423069342,3278.46681578059,2858.81642278362,3239.63249743237,3323.81954475743,3587.2534500137,3872.67281021521,2942.32376951006,3660.88083799669,3181.47288984417,2939.0255838789
3475.36908576687,3913.48839880785,3473.88153349795,3909.4116143352,3526.52867638181,3201.17433546417,3318.72402464424,3815.68835727477,3273.91418029384,3218.19442852649,2726.29500577968,2895.25521592137,4142.58807052974,3460.60475583364,3473.23130597837,3750.32854417415,3127.83311630101,3440.74386976464,2485.4182378153,3525.78423069342,3278.46681578059,2858.81642278362,3239.63249743237,3323.81954475743,3587.2534500137,3872.67281021521,2942.32376951006,3660.88083799669,3181.47288984417,2939.0255838789
3475.36908576687,3913.48839880785,3473.88153349795,3909.4116143352,3526.52867638181,3201.17433546417,3318.72402464424,3815.68835727477,3273.91418029384,3218.19442852649,2726.29500577968,2895.25521592137,4142.58807052974,3460.60475583364,3473.23130597837,3750.32854417415,3127.83311630101,3440.74386976464,2485.4182378153,3525.78423069342,3278.46681578059,2858.81642278362,3239.63249743237,3323.81954475743,3587.2534500137,3872.67281021521,2942.32376951006,3660.88083799669,3181.47288984417,2939.0255838789
3475.36908576687,3913.48839880785,3473.88153349795,3909.4116143352,3526.52867638181,3201.17433546417,3318.72402464424,3815.68835727477,3273.91418029384,3218.19442852649,2726.29500577968,2895.25521592137,4142.58807052974,3460.60475583364,3473.23130597837,3750.32854417415,3127.83311630101,3440.74386976464,2485.4182378153,3525.78423069342,3278.46681578059,2858.81642278362,3239.63249743237,3323.81954475743,3587.2534500137,3872.67281021521,2942.32376951006,3660.88083799669,3181.47288984417,2939.0255838789
3475.36908576687,3913.48839880785,3473.88153349795,3909.4116143352,3526.52867638181,3201.17433546417,3318.72402464424,3815.68835727477,3273.91418029384,3218.19442852649,2726.29500577968,2895.25521592137,4142.58807052974,3460.60475583364,3473.23130597837,3750.32854417415,3127.83311630101,3440.74386976464,2485.4182378153,3525.78423069342,3278.46681578059,2858.81642278362,3239.63249743237,3323.81954475743,3587.2534500137,3872.67281021521,2942.32376951006,3660.88083799669,3181.47288984417,2939.0255838789
3475.36908576687,3913.48839880785,3473.88153349795,3909.4116143352,3526.52867638181,3201.17433546417,3318.72402464424,3815.68835727477,3273.91418029384,3218.19442852649,2726.29500577968,2895.25521592137,4142.58807052974,3460.60475583364,3473.23130597837,3750.32854417415,3127.83311630101,3440.74386976464,2485.4182378153,3525.78423069342,3278.46681578059,2858.81642278362,3239.63249743237,3323.81954475743,3587.2534500137,3872.67281021521,2942.32376951006,3660.88083799669,3181.47288984417,2939.0255838789
3475.36908576687,3913.48839880785,3473.88153349795,3909.4116143352,3526.52867638181,3201.17433546417,3318.72402464424,3815.68835727477,3273.91418029384,3218.19442852649,2726.29500577968,2895.25521592137,4142.58807052974,3460.60475583364,3473.23130597837,3750.32854417415,3127.83311630101,3440.74386976464,2485.4182378153,3525.78423069342,3278.46681578059,2858.81642278362,3239.63249743237,3323.81954475743,3587.2534500137,3872.67281021521,2942.32376951006,3660.88083799669,3181.47288984417,2939.0255838789
3475.36908576687,3913.48839880785,3473.88153349795,3909.4116143352,3526.52867638181,3201.17433546417,3318.72402464424,3815.68835727477,3273.91418029384,3218.19442852649,2726.29500577968,2895.25521592137,4142.58807052974,3460.60475583364,3473.23130597837,3750.32854417415,3127.83311630101,3440.74386976464,2485.4182378153,3525.78423069342,3278.46681578059,2858.81642278362,3239.63249743237,3323.81954475743,3587.2534500137,3872.67281021521,2942.32376951006,3660.88083799669,3181.47288984417,2939.0255838789
3297.3602351552,3507.17668497358,3176.58464281356,3346.3792412006,3118.46028505292,2844.88245102491,2995.55666034169,3170.49659862277,2831.38866257829,2878.25072935489,2490.55028284729,2558.1332760758,3638.08728939315,3015.39770272524,2988.39760226232,3127.82932894617,2760.43234648448,3111.19763532207,2199.0559845094,3077.39395757822,2897.17302594283,2482.10077464025,2980.80014119751,2988.03904154444,3222.8320322126,3522.22410178524,2651.9032446357,3027.12001634945,2911.63251554959,2680.48252724886
2629.81203684332,2936.9644720837,2751.1778660664,2910.29736323005,2629.1797328289,2484.3046936203,2633.12907712035,2881.41933248081,2405.50691338428,2464.05793040073,2107.69412179577,2263.53889971074,3095.01249917344,2729.451396632,2598.47352692984,2759.81772716603,2496.9792611667,2725.15568833312,1986.06860897877,2682.54259147369,2592.4200108743,2095.95340272493,2561.6464193758,2599.67538877743,2720.59553562338,2976.41077655711,2215.78756213728,2562.47110804663,2320.19376514712,2256.76802402708
1876.94124347083,1898.08032658921,2077.23279852312,1776.53928834724,1599.56153957449,1617.81985026157,2085.15644890039,1765.97813833127,1608.21310324198,1567.0189684415,1446.72684436335,1567.27946509824,1803.27668258334,2176.03760040391,1573.57588941538,1745.88306742016,1607.10907054041,1741.25531462862,1431.9442051983,1804.21602039198,1654.51160542802,1447.78735816464,1525.48821191641,1795.83686536783,1674.50227696069,1884.90136979662,1441.73872866414,1899.83146979279,1570.23276865475,1717.08295146103
1009.56665515329,831.504227698281,1457.20316767388,533.658930595217,692.4009021473,986.150816486346,1774.19018554257,942.822343151362,1000.58320009967,498.277202562796,673.253947647342,1133.56980384048,632.114221238793,1891.37994544486,706.240081613515,475.979646858975,610.576479948111,639.872775868329,879.689242562546,665.144831935577,598.28316095123,1018.49659536445,451.160002626971,1017.6379895192,600.198179571278,584.862437171794,537.885342309729,997.236602814349,599.201110936556,1449.13292789841
96.7239688491032,205.048514483972,1421.77249073316,275.665869555469,626.821187058026,146.621272565346,1733.16725277204,213.277959808166,169.399975215304,308.446794696973,545.240845541675,1116.33229960314,269.683635696951,1855.56320508746,215.163469195002,261.676201082164,266.737772514694,483.570321844536,57.1248516266687,217.515123616625,212.176503804288,972.068694079062,238.95661344456,956.144239628229,252.742053327815,273.641332638208,233.827934397187,117.491416287145,142.19601347996,1443.66116480909
77.6067611135583,204.961131826233,353.281453610115,275.602840775329,205.999865764552,146.25881505418,315.778264225419,211.925444679106,169.142782550648,301.188029090692,274.857033946724,140.41708766365,269.633197674847,337.473029321647,214.910559904357,261.67350987654,266.648269070004,313.00445932418,56.712641065935,213.915727802044,211.925870460546,332.364380427498,236.799654721836,198.823305743456,252.71908083293,273.612749311608,233.814863741004,97.5059019074835,135.31423510843,275.067518469618
75.3627136429189,53.7277739697123,125.364707294782,94.5209995012804,84.5714845884662,62.7173002587721,24.1604683788695,27.858853598872,130.344187209436,119.394874807422,141.283893139036,123.374771808691,177.102401516985,34.8235669983474,83.5765744468489,36.8134851126713,22.8840583131577,152.228610905989,56.712641065935,26.8638945415748,159.193222206096,80.5917059951322,65.5151206171156,34.9866740800813,55.7303427057788,36.5310952151005,30.8437307699281,65.6672675414181,102.480697192255,72.70381506631
