16428.4251560223,15565.6779802483,28053.1389058742,29639.0979389953,24725.3761763218,19312.9660278104,28442.7516951898,16150.0445480484,13920.1555023513,52097.9146720338,20476.0535647864,22959.3685601769,26062.8791442767,17349.5095365565,32180.2947318072,15728.388415595,17763.828290353,8882.37021662914,16257.6664812744,11929.8302799453,22053.9825603167,21540.1622758747,38142.956173874,20630.5436026084,24661.6295681997,21133.5170251928,34285.1319803036,53739.8014902145,19828.7715213735,14618.3229130028
6681.50342183627,8913.81359260985,17229.8287867555,17508.5663983657,13776.177360851,11440.0396216098,16065.1159954659,7212.15408834353,6469.32391424656,35168.3476215689,7150.14836087234,13589.2414018214,12219.8301606809,8442.24488337031,19622.6809352377,6651.36053960087,6698.23527810703,4182.05824909649,7051.54422049945,5849.61935887232,16158.2797139011,11272.118028198,16941.7434568965,8998.22481177676,12131.7920850795,10953.7139494568,17532.747930633,30166.4269668246,10080.2870578819,8222.12939537183
1567.91548597748,2895.05471776986,6188.44184798962,9594.26166243366,4840.03400308606,4466.08756896081,6149.32069674774,3355.28577280128,2715.59407020421,11770.6240835693,2367.32032341183,7562.90347667829,3633.10758547877,3551.48043410181,6489.17684113009,2839.84283407801,3121.56251598754,1680.593153431,2228.43149664187,2330.9591456006,7763.11051882927,3420.4186588193,6986.26296185541,4090.95153523387,4608.84598073261,4271.13227963003,5544.66977850418,8632.40899691976,4171.61780467273,3692.84672077405
639.041743289518,722.121542716802,1258.23719582285,2108.107612425,1175.57178160043,1080.60349572509,1097.26617228957,908.657779016004,747.794652337466,1264.34545420042,541.247065552873,2177.29512203185,809.781481319068,776.150502702445,1054.44097698127,703.414428124544,820.448551852375,443.872994609689,569.795684216784,634.458570031421,1604.49446835766,586.503709809302,1288.33277174599,1142.04213156352,754.305580680264,659.142178394658,652.771434650694,1318.95934162604,1141.77468751039,803.703091893086
18.7509633412225,33.2640201569548,47.4058024247493,44.8289928546842,52.3891800753638,41.6850321401434,34.2311386374363,42.6738252368646,27.9386822721358,53.1804507298996,27.3155310211664,59.4319344757662,30.3782239836014,38.9350896977794,41.3261920231737,29.0670410081659,39.5805580459394,31.4507717860929,40.5962293586892,20.4138059915213,46.2300056748184,21.7345602721939,35.9786131685828,102.555392112332,20.4217692641698,24.427052344168,29.7440019768533,55.9202879869506,33.2469667771197,47.3767748063556
1.02225769217216,1.04779992942383,1.09586784820567,1.04492139384524,1.08678491662909,1.1071914479694,1.04809787197655,1.06851703340567,1.02992067665036,1.06911947648337,1.02831052220085,1.08386676404359,1.04426490537367,1.13255883210252,1.08484384991016,1.04905955232584,1.04491257783593,1.04430883162945,1.08037604265724,1.00683742422541,1.06526524925425,1.021838549368,1.07747538700823,1.20372700780672,1.02430863647101,1.04301422841309,1.052132592813,1.05206678517106,1.08100146074571,1.1426361794579
0.00406641134236452,0.00917357507682937,0.0156153713014646,0.00963514211377969,0.0112441245649961,0.00969363587682892,0.00798830677013029,0.0136790268392133,0.00667162417562395,0.0105105084551269,0.00645492257353908,0.0143469580118563,0.016040317338593,0.0104684722729189,0.0191775401838186,0.0142750136139966,0.00496426306040121,0.00363875073912823,0.0111139016544257,0.00780347171075846,0.00585634005801694,0.00353457649043776,0.0111933145706189,0.0194581801233653,0.00273368309808575,0.00978350198192857,0.00771837800743924,0.00887135660559579,0.0102048326923523,0.0149809179042677
6.20653372607194e-06,1.09713530491717e-05,1.89450915968337e-05,2.15893453514582e-05,1.88400575780179e-05,1.86432883992893e-05,9.9217353408676e-06,1.99448028297411e-05,9.94494735095941e-06,1.58309242124233e-05,9.5107093329716e-06,2.83412858834708e-05,0.00740757107791978,1.09488539692393e-05,0.0098864528509921,0.00740328109554866,1.01320869134724e-05,1.06090501503786e-05,1.28973283608502e-05,5.83266592002474e-06,1.8618061176312e-05,7.54384359424876e-06,1.1841348850794e-05,1.51630006257619e-05,7.16213298801449e-06,1.06757663616008e-05,1.33756329887547e-05,8.88115846464643e-06,1.35075260914164e-05,1.88391456958925e-05
1.10621840576641e-08,3.4625827538548e-08,3.90563172913971e-08,4.01146280637477e-08,2.44344846578315e-08,3.00988176604733e-08,1.61036268764292e-08,3.8655343814753e-08,1.81113364305929e-08,2.76434093393618e-08,1.76585217559477e-08,3.47027935276856e-08,0.00739605500336893,2.35520474234363e-08,0.009864704112033,0.00739605187095549,1.51076164911501e-08,1.50959067468648e-08,2.08826804737328e-08,1.5794967112015e-08,3.41760824085213e-08,1.71878582477802e-08,2.61543391388841e-08,3.42375869877287e-08,1.5396381058963e-08,1.73952230397845e-08,1.5635691852367e-08,2.36731239056098e-08,2.22439666686114e-08,2.60491788139916e-08
5.92990545555949e-10,6.34258867648896e-10,1.11617737275083e-09,1.0566054697847e-09,8.49695425131358e-10,8.91191120899748e-10,4.58157956018113e-10,1.49134393723216e-09,6.39147401670925e-10,7.83302311901934e-10,5.17502485308796e-10,8.75388650456443e-10,0.00739604083605627,4.91354512632824e-10,0.00986467290601922,0.00739604061720911,3.42424755217507e-10,2.93312041321769e-10,5.0931703299284e-10,4.54974724561907e-10,7.87849785410799e-10,5.17275111633353e-10,8.83801476447843e-10,4.06771505367942e-10,3.95630195271224e-10,3.42197381542064e-10,5.49789547221735e-10,8.02401700639166e-10,5.76619640924037e-10,2.75690581474919e-10
5.92990545555949e-10,6.34258867648896e-10,1.11617737275083e-09,1.0566054697847e-09,8.49695425131358e-10,8.91191120899748e-10,4.58157956018113e-10,1.49134393723216e-09,6.39147401670925e-10,7.83302311901934e-10,5.17502485308796e-10,8.75388650456443e-10,0.00739604083605627,4.91354512632824e-10,0.00986467290601922,0.00739604061720911,3.42424755217507e-10,2.93312041321769e-10,5.0931703299284e-10,4.54974724561907e-10,7.87849785410799e-10,5.17275111633353e-10,8.83801476447843e-10,4.06771505367942e-10,3.95630195271224e-10,3.42197381542064e-10,5.49789547221735e-10,8.02401700639166e-10,5.76619640924037e-10,2.75690581474919e-10
5.92990545555949e-10,6.34258867648896e-10,1.11617737275083e-09,1.0566054697847e-09,8.49695425131358e-10,8.91191120899748e-10,4.58157956018113e-10,1.49134393723216e-09,6.39147401670925e-10,7.83302311901934e-10,5.17502485308796e-10,8.75388650456443e-10,0.00739604083605627,4.91354512632824e-10,0.00986467290601922,0.00739604061720911,3.42424755217507e-10,2.93312041321769e-10,5.0931703299284e-10,4.54974724561907e-10,7.87849785410799e-10,5.17275111633353e-10,8.83801476447843e-10,4.06771505367942e-10,3.95630195271224e-10,3.42197381542064e-10,5.49789547221735e-10,8.02401700639166e-10,5.76619640924037e-10,2.75690581474919e-10
5.92990545555949e-10,6.34258867648896e-10,1.11617737275083e-09,1.0566054697847e-09,8.49695425131358e-10,8.91191120899748e-10,4.58157956018113e-10,1.49134393723216e-09,6.39147401670925e-10,7.83302311901934e-10,5.17502485308796e-10,8.75388650456443e-10,0.00739604083605627,4.91354512632824e-10,0.00986467290601922,0.00739604061720911,3.42424755217507e-10,2.93312041321769e-10,5.0931703299284e-10,4.54974724561907e-10,7.87849785410799e-10,5.17275111633353e-10,8.83801476447843e-10,4.06771505367942e-10,3.95630195271224e-10,3.42197381542064e-10,5.49789547221735e-10,8.02401700639166e-10,5.76619640924037e-10,2.75690581474919e-10
5.92990545555949e-10,6.34258867648896e-10,1.11617737275083e-09,1.0566054697847e-09,8.49695425131358e-10,8.91191120899748e-10,4.58157956018113e-10,1.49134393723216e-09,6.39147401670925e-10,7.83302311901934e-10,5.17502485308796e-10,8.75388650456443e-10,0.00739604083605627,4.91354512632824e-10,0.00986467290601922,0.00739604061720911,3.42424755217507e-10,2.93312041321769e-10,5.0931703299284e-10,4.54974724561907e-10,7.87849785410799e-10,5.17275111633353e-10,8.83801476447843e-10,4.06771505367942e-10,3.95630195271224e-10,3.42197381542064e-10,5.49789547221735e-10,8.02401700639166e-10,5.76619640924037e-10,2.75690581474919e-10
