2469.25174833063,3178.53674627821,2063.12795172134,5613.65036464701,3637.70499391715,5814.3320507949,4953.61151071183,3497.16793032175,6632.27457625478,2114.3056987867,2695.27083042169,3790.20506837947,3600.94292818236,5376.8804878726,7112.45303509543,6630.84241730895,2153.17217873099,1369.28341806377,3255.61432866806,2973.73007868673,2912.47336443253,4197.17123372362,3554.66185810684,1501.11897305382,3206.76594925138,3045.1555256954,5013.87457087151,2617.42335919949,3811.05896924488,3277.65764110452
2469.25174833063,3178.53674627821,2063.12795172134,5613.65036464701,3637.70499391715,5814.3320507949,4953.61151071183,3497.16793032175,6632.27457625478,2114.3056987867,2695.27083042169,3790.20506837947,3600.94292818236,5376.8804878726,7112.45303509543,6630.84241730895,2153.17217873099,1369.28341806377,3255.61432866806,2973.73007868673,2912.47336443253,4197.17123372362,3554.66185810684,1501.11897305382,3206.76594925138,3045.1555256954,5013.87457087151,2617.42335919949,3811.05896924488,3277.65764110452
2469.25174833063,3178.53674627821,2063.12795172134,5613.65036464701,3637.70499391715,5814.3320507949,4953.61151071183,3497.16793032175,6632.27457625478,2114.3056987867,2695.27083042169,3790.20506837947,3600.94292818236,5376.8804878726,7112.45303509543,6630.84241730895,2153.17217873099,1369.28341806377,3255.61432866806,2973.73007868673,2912.47336443253,4197.17123372362,3554.66185810684,1501.11897305382,3206.76594925138,3045.1555256954,5013.87457087151,2617.42335919949,3811.05896924488,3277.65764110452
2469.25174833063,3178.53674627821,2063.12795172134,5613.65036464701,3637.70499391715,5814.3320507949,4953.61151071183,3497.16793032175,6632.27457625478,2114.3056987867,2695.27083042169,3790.20506837947,3600.94292818236,5376.8804878726,7112.45303509543,6630.84241730895,2153.17217873099,1369.28341806377,3255.61432866806,2973.73007868673,2912.47336443253,4197.17123372362,3554.66185810684,1501.11897305382,3206.76594925138,3045.1555256954,5013.87457087151,2617.42335919949,3811.05896924488,3277.65764110452
2469.25174833063,3178.53674627821,2063.12795172134,5613.65036464701,3637.70499391715,5814.3320507949,4953.61151071183,3497.16793032175,6632.27457625478,2114.3056987867,2695.27083042169,3790.20506837947,3600.94292818236,5376.8804878726,7112.45303509543,6630.84241730895,2153.17217873099,1369.28341806377,3255.61432866806,2973.73007868673,2912.47336443253,4197.17123372362,3554.66185810684,1501.11897305382,3206.76594925138,3045.1555256954,5013.87457087151,2617.42335919949,3811.05896924488,3277.65764110452
2469.25174833063,3178.53674627821,2063.12795172134,5613.65036464701,3637.70499391715,5814.3320507949,4953.61151071183,3497.16793032175,6632.27457625478,2114.3056987867,2695.27083042169,3790.20506837947,3600.94292818236,5376.8804878726,7112.45303509543,6630.84241730895,2153.17217873099,1369.28341806377,3255.61432866806,2973.73007868673,2912.47336443253,4197.17123372362,3554.66185810684,1501.11897305382,3206.76594925138,3045.1555256954,5013.87457087151,2617.42335919949,3811.05896924488,3277.65764110452
2469.25174833063,3148.64934949303,1776.09643504544,5298.29899877094,3261.0737924643,5722.014645441,4233.93920884369,3497.16793032175,5762.09735277081,1996.24025528993,2540.40794872149,3374.35153290482,3483.3340379215,5090.3876237184,6250.49706251389,6426.95910676953,2063.4172025146,1359.46638276185,3203.79682635924,2973.73007868673,2466.62790391026,3913.98366183793,3405.32207046947,1460.93991491211,2927.81906700969,2680.42282809046,4444.00875513849,2490.5552155168,3406.22849571346,2965.35452200862
2302.71915373638,2450.9266786538,1776.09643504544,4559.11902598671,3116.36657677172,5361.14350602034,3842.37905939358,3317.51677118338,5427.15571354893,1935.34070813621,2165.11173804741,3290.95126256747,3096.62487950195,4614.83273568499,6123.07630277906,5845.44402150012,1922.67863038148,1232.8189495048,2998.17287652749,2973.73007868673,2297.7889720256,3588.83491424416,3153.02876888472,1362.17173454729,2693.74228534201,2317.88581723699,3719.98537063995,2353.02608883023,2939.10762938052,2830.91860909727
1840.97565879823,2159.11556012445,1507.91258909593,3344.00416513078,2532.06133407154,4372.47848461049,3050.90694091154,2988.31224743189,4430.06350648091,1597.69862562987,1763.55129009853,2519.33454806374,2698.17038892017,3750.02081313985,4357.28260469804,4811.56102111728,1684.89334502355,965.856380379757,2618.13879466762,2396.25553874966,1713.95826193672,3029.08462091228,2635.84768731056,1285.67097679458,2156.43542214046,2125.18583048079,3134.68248919109,2168.07647519442,2011.70921385291,2434.82080669652
983.331797481188,1157.43633965919,967.400810149956,1402.75112400593,1375.5432054365,2060.55558116105,2073.45073782062,1979.44720461834,2365.29950375159,1102.69045347646,922.227658702609,1481.23824872979,1462.94691979086,2156.59727757533,2780.54752878548,2979.64746333736,1247.63463902307,697.188290120803,1833.89431712891,1527.72552126444,1088.02557849743,1901.56076390309,1614.99156025522,1014.5501354928,1542.18623590416,1297.02288075843,1590.33555793227,1518.34993126223,1196.77998909748,1725.96114198743
391.696467342431,485.882949230497,384.253940738206,564.213147515805,559.324031825751,508.28242469792,587.982105032058,546.863479603078,751.839948086767,429.175427496993,419.444589186377,553.70762535371,488.641702360267,608.518014843943,786.279632015002,881.400499997462,512.317851698288,366.82570918007,484.012698323504,584.872401472941,452.332204048778,570.485789127641,520.16253016719,469.285229327631,562.855735849561,450.918613995123,602.842953867546,541.523002459393,532.519430594459,709.589771255925
202.28466079831,245.649896968632,209.952593348777,251.403129164648,220.902597667234,256.100418923359,236.146532614346,257.708329139756,223.327554500901,224.616408198415,243.196146615974,231.896361707682,237.135610267236,242.566096914356,265.32586068857,264.6058545529,218.609768061619,232.374612212066,205.308664989044,251.953146623761,231.28313259182,229.432341818847,261.730148310304,230.193155147801,258.556811505952,226.172170659336,263.109568393276,236.719712507955,263.484017789073,244.723234361079
31.7852195476216,34.7840531416832,30.3657122917398,50.3671276887408,43.0309135814978,52.3950296940995,31.0914927126373,44.2798744956822,53.888408110816,43.1087950667529,38.6724397315547,37.9629203233314,45.2587685984565,52.8625358274453,48.2355192407174,48.5343097116072,36.5618073784885,39.5171237413306,35.832037420081,41.7678999625425,40.7314650498438,44.3860002937886,56.9512098169612,42.5688607500958,41.9287644733008,26.3509270156983,62.1525803970594,30.4120482882008,50.2486258500289,36.2750092773917
22.8874698866446,25.8723205510571,22.8868275050531,41.7937518927706,33.8311764522655,38.81039874002,21.8938419393633,31.8473000595568,40.7999656966949,34.8269110731039,32.837089669576,21.8940110883816,38.8060484452872,40.7984147455186,32.8393050358286,28.8599845885287,29.8518135633267,34.8260238789628,22.8876596407404,31.8419972633505,33.8326248927108,25.8771815503032,39.8052270543224,36.8154852558257,30.8499802825331,17.9127503155787,49.751894126895,17.9142646846567,41.7917690420727,20.8986816297079
22.8840482383266,25.8688951372083,22.8840432007005,41.7881389303673,33.8285625564381,38.803332608353,21.8890841437046,31.8386444430173,40.7932608438734,34.823536772562,32.8335883403502,21.8890841451521,38.803327569482,40.7932406468522,32.8336034999775,28.8537874681213,29.84875660036,34.8235216132657,22.8840432008817,31.8386696774105,33.8285373214756,25.8689153366252,39.7982866274824,36.8134144927565,30.843685386129,17.9092579909916,49.747801311215,17.9092579910412,41.7881795067806,20.894130125193
22.8840482378223,25.8688951366548,22.8840431999922,41.7881389292966,33.8285625557244,38.8033326071361,21.8890841431062,31.8386444417827,40.7932608423789,34.8235367717843,32.8335883398072,21.8890841433529,38.8033275687346,40.7932406455909,32.8336034987958,28.8537874672124,29.8487565996866,34.8235216126902,22.8840432000409,31.8386696763996,33.8285373210804,25.8689153343273,39.7982866261004,36.813414492372,30.8436853848725,17.9092579902358,49.7478013105117,17.9092579904163,41.7881795057799,20.8941301237705
