18586283926.5498,10143623831.05,10149805836.6675,44581879991.2283,9247501364.27049,25188077537.7854,28190814384.0721,26721438813.0332,9077950165.45776,7876725553.15145,11434821102.281,25196229371.2529,27535337941.9595,8385737671.97097,25351785317.566,16820856115.7558,23427506861.1668,8739599800.54085,5868738685.45083,10743832274.8453,8704607508.62868,49689479002.8549,19716064562.983,25931077460.0817,18674532385.7501,12919895545.9594,29218350338.4985,20533370975.9625,35311042192.1667,31376118204.0499
18586283926.5498,10143623831.05,10149805836.6675,44581879991.2283,9247501364.27049,25188077537.7854,28190814384.0721,26721438813.0332,9077950165.45776,7876725553.15145,11434821102.281,25196229371.2529,27535337941.9595,8385737671.97097,25351785317.566,16820856115.7558,23427506861.1668,8739599800.54085,5868738685.45083,10743832274.8453,8704607508.62868,49689479002.8549,19716064562.983,25931077460.0817,18674532385.7501,12919895545.9594,29218350338.4985,20533370975.9625,35311042192.1667,31376118204.0499
18586283926.5498,10143623831.05,10149805836.6675,44581879991.2283,9247501364.27049,25188077537.7854,28190814384.0721,26721438813.0332,9077950165.45776,7876725553.15145,11434821102.281,25196229371.2529,27535337941.9595,8385737671.97097,25351785317.566,16820856115.7558,23427506861.1668,8739599800.54085,5868738685.45083,10743832274.8453,8704607508.62868,49689479002.8549,19716064562.983,25931077460.0817,18674532385.7501,12919895545.9594,29218350338.4985,20533370975.9625,35311042192.1667,31376118204.0499
18586283926.5498,10143623831.05,10149805836.6675,44581879991.2283,9247501364.27049,25188077537.7854,28190814384.0721,26721438813.0332,9077950165.45776,7876725553.15145,11434821102.281,25196229371.2529,27535337941.9595,8385737671.97097,25351785317.566,16820856115.7558,23427506861.1668,8739599800.54085,5868738685.45083,10743832274.8453,8704607508.62868,49689479002.8549,19716064562.983,25931077460.0817,18674532385.7501,12919895545.9594,29218350338.4985,20533370975.9625,35311042192.1667,31376118204.0499
18586283926.5498,10143623831.05,10149805836.6675,44581879991.2283,9247501364.27049,25188077537.7854,28190814384.0721,26721438813.0332,9077950165.45776,7876725553.15145,11434821102.281,25196229371.2529,27535337941.9595,8385737671.97097,25351785317.566,16820856115.7558,23427506861.1668,8739599800.54085,5868738685.45083,10743832274.8453,8704607508.62868,49689479002.8549,19716064562.983,25931077460.0817,18674532385.7501,12919895545.9594,29218350338.4985,20533370975.9625,35311042192.1667,31376118204.0499
18586283926.5498,10143623831.05,10149805836.6675,44581879991.2283,9247501364.27049,25188077537.7854,28190814384.0721,26721438813.0332,9077950165.45776,7876725553.15145,11434821102.281,25196229371.2529,27535337941.9595,8385737671.97097,25351785317.566,16820856115.7558,23427506861.1668,8739599800.54085,5868738685.45083,10743832274.8453,8704607508.62868,49689479002.8549,19716064562.983,25931077460.0817,18674532385.7501,12919895545.9594,29218350338.4985,20533370975.9625,35311042192.1667,31376118204.0499
17704251376.0813,9122059266.29646,9368957445.34862,40688830217.7812,9247501364.27049,25188077537.7854,26542496914.0664,25022153619.7117,8594498611.07206,7316913407.66502,10791611200.6472,24056706934.0291,26312982834.3292,8385737671.97097,25351785317.566,16105889611.8023,21506413514.057,8606635659.20551,5342596458.57903,10743832274.8453,8613337337.30097,48232909632.2843,19103137178.8518,25931077460.0817,18043531912.5291,12503391503.3801,28621182210.7938,19288991548.8911,35311042192.1667,29446099210.178
17523628161.1076,8743483655.41216,8917269775.58469,36596535416.7743,9061604054.56217,23886242536.9901,26308120682.8185,23987287276.7817,8230241003.21618,6767102139.49666,9733521230.95444,21296774155.106,25685164035.2624,8066640764.74776,23457001430.4324,15127644591.5602,20193528203.8367,7942519958.99666,4975628662.04287,10743832274.8453,8123095624.05246,46781433950.1952,17642723563.1569,25014466791.9353,17093933726.0575,11842597287.428,26913575329.3575,18538066230.8496,33152785558.3071,28959685625.448
13598149923.5216,5827793977.29691,6453365723.53054,25222507066.4858,6207129596.40611,19226076299.0247,20466989108.8393,18870568132.8335,6726922052.79114,3682608568.16697,7051044845.89573,15163973790.826,20188759416.3198,6115582910.5516,19295265637.7684,10499539462.973,13790175933.6836,5996650092.51064,3337534384.28361,8817932700.57474,6011154941.76537,37959777665.0305,13804110644.8015,21605047701.376,14273802080.364,10133183764.388,21872178141.4654,13042598907.1361,27432233658.673,25574899917.1324
5955084070.66529,1492013480.67593,2417524590.98141,4208711134.98709,2279402256.09127,4568609391.0547,6528612968.82998,6862861656.69646,3048930283.52743,950347107.462171,1449610740.02725,4598102426.12435,7292666341.63686,2739373366.51159,9679263310.33268,2279088687.30285,3022977684.13686,2222211377.86769,1266544696.36038,4756061086.177,2587798379.14769,10155045033.2008,3645728542.61761,10829660704.5107,6658684306.96907,4977914551.49034,7368153104.16564,6519667357.87758,9861623666.95069,14498514693.1543
433749640.643499,484736720.068612,381072831.801251,204862952.879001,383316359.792802,709410667.342761,706538893.777905,608772821.065334,685451656.694768,162218859.15562,210916921.688634,371580422.307677,867211116.538555,461061541.381194,1096760163.95158,270823809.877138,212873737.93,402443945.290031,327642713.787369,793674097.987134,493828693.542781,361738520.862479,336298141.875827,743684946.115961,722136436.791818,1115808048.39285,411828655.124084,669587300.573314,514564075.734811,1776117106.53377
47635612.6519472,101192111.245435,30448981.2124966,45308842.7589184,79705236.0444055,86316832.1573884,71941484.4583757,38280083.829774,76862933.6356554,33465595.2380499,38296780.694104,67845429.4892013,83440796.6055905,74702372.2433914,99801708.9805305,57679034.3551388,36958842.1705673,95653041.4881795,73753998.3740194,83075698.5042719,90818503.3793077,19293522.0471423,43084850.1925489,76447025.8703771,161933331.632692,68470624.3998975,57421226.9274185,76009448.7588466,68692089.4177452,92703723.0141245
7957544.55452301,19404576.1962613,8144987.31011273,8608129.39996326,15557912.9295943,10778465.3950867,8639638.43476004,6872299.04186036,5656254.57380456,10604804.9880045,11788020.5948476,11582440.6519668,12833743.9492422,8904283.25448604,11210362.6920803,9599724.46364807,6506243.6151861,18991058.3915198,9823865.81361631,18791817.6572645,16514651.0747637,4607028.84698351,9791275.74299765,8786538.96487504,27756616.0836516,7273058.95642543,8223775.82407301,9665957.6545243,8355413.38292989,12778378.2292943
605065.061854519,1427379.78874375,1092615.25302511,563727.59155412,1724406.19859007,948401.922064626,975897.942903027,715829.349321161,809426.216414014,699693.404278088,1505487.42463883,855696.679087989,1219889.58567577,625016.775506147,923714.80254048,732155.414135254,730745.804913702,615174.483289391,626261.031306864,979156.981620067,738849.153744248,532205.460313892,1114967.51492839,739976.156323577,949895.07335504,1094373.78007955,909031.251062301,1411312.83329546,564058.174892211,757585.942925095
36378.3962804754,23712.9708571801,25580.659643436,17258.1360238,16815.2965100773,14814.3944694089,33613.6324605927,16342.9811060707,17763.3270186804,17641.6652378936,15425.7471497766,37571.994229149,26433.9219588131,11622.7742515026,21430.5575406996,16841.6349472677,21602.9520349604,13550.509767091,15211.3975693919,33730.9560042998,20216.8123641302,21585.0821735242,19000.7462199042,19674.3564717457,22713.2390806242,36644.6540420834,27343.8153466925,17375.7771483595,7149.03678853571,19805.1083926248
3.71212536265375e-08,3.11320036416873e-09,5.73613760934677e-08,3.866148290399e-08,3.66435415344313e-09,2.92675395030528e-09,3.77713149646297e-09,3.29166596202413e-08,4.45720615971368e-09,5.8926161727868e-09,2.16236912820023e-08,2.38253505813191e-08,4.22687662648968e-09,2.60001797869336e-09,3.55157681042328e-09,1.51394488057122e-08,5.46167484571924e-08,1.49752850120421e-08,7.19705894880462e-09,5.74495970795397e-08,2.3190750653157e-08,6.7477685661288e-09,2.71597855316941e-09,4.1491148294881e-09,3.62751961802132e-09,2.13442490348825e-08,2.24056293518515e-08,4.67855443275766e-08,3.29714566760231e-09,5.14885414304445e-08
