17842.7893240628,15838.248625828,23020.6290876434,20277.0131691869,22653.100086779,20856.0536862345,26377.7002409328,33793.7192438195,349288.476055048,83763.27800887,78900.8602757662,20930.8626805138,10555603.0675314,253925.49169176,39171.7222124044,39540.3031821551,17232.6603249913,46528.0891411316,21331.3846457344,58354197.0223706,365591.437306874,25525.9187584631,116516.081249781,25637.122374399,32207.8786269105,29740.403921431,127171.569011936,56733.644235406,30392.1411744928,24107431.22807
17842.7893240628,15838.248625828,23020.6290876434,20277.0131691869,22653.100086779,20856.0536862345,26377.7002409328,33793.7192438195,349288.476055048,83763.27800887,78900.8602757662,20930.8626805138,10555603.0675314,253925.49169176,39171.7222124044,39540.3031821551,17232.6603249913,46528.0891411316,21331.3846457344,58354197.0223706,365591.437306874,25525.9187584631,116516.081249781,25637.122374399,32207.8786269105,29740.403921431,127171.569011936,56733.644235406,30392.1411744928,24107431.22807
17842.7893240628,15838.248625828,23020.6290876434,20277.0131691869,22653.100086779,20856.0536862345,26377.7002409328,33793.7192438195,349288.476055048,83763.27800887,78900.8602757662,20930.8626805138,10555603.0675314,253925.49169176,39171.7222124044,39540.3031821551,17232.6603249913,46528.0891411316,21331.3846457344,58354197.0223706,365591.437306874,25525.9187584631,116516.081249781,25637.122374399,32207.8786269105,29740.403921431,127171.569011936,56733.644235406,30392.1411744928,24107431.22807
17842.7893240628,15838.248625828,23020.6290876434,20277.0131691869,22653.100086779,20856.0536862345,26377.7002409328,33793.7192438195,349288.476055048,83763.27800887,78900.8602757662,20930.8626805138,10555603.0675314,253925.49169176,39171.7222124044,39540.3031821551,17232.6603249913,46528.0891411316,21331.3846457344,58354197.0223706,365591.437306874,25525.9187584631,116516.081249781,25637.122374399,32207.8786269105,29740.403921431,127171.569011936,56733.644235406,30392.1411744928,24107431.22807
17842.7893240628,15838.248625828,23020.6290876434,20277.0131691869,22653.100086779,20856.0536862345,26377.7002409328,33793.7192438195,349288.476055048,83763.27800887,78900.8602757662,20930.8626805138,10555603.0675314,253925.49169176,39171.7222124044,39540.3031821551,17232.6603249913,46528.0891411316,21331.3846457344,58354197.0223706,365591.437306874,25525.9187584631,116516.081249781,25637.122374399,32207.8786269105,29740.403921431,127171.569011936,56733.644235406,30392.1411744928,24107431.22807
17842.7893240628,15838.248625828,23020.6290876434,20277.0131691869,22653.100086779,20856.0536862345,26377.7002409328,33793.7192438195,349288.476055048,83763.27800887,78900.8602757662,20930.8626805138,10555603.0675314,253925.49169176,39171.7222124044,39540.3031821551,17232.6603249913,46528.0891411316,21331.3846457344,58354197.0223706,365591.437306874,25525.9187584631,116516.081249781,25637.122374399,32207.8786269105,29740.403921431,127171.569011936,56733.644235406,30392.1411744928,24107431.22807
17842.7893240628,15838.248625828,23020.6290876434,20277.0131691869,22653.100086779,20856.0536862345,26377.7002409328,30623.0042364288,349288.476055048,83763.27800887,78900.8602757662,20930.8626805138,10555603.0675314,253925.49169176,39171.7222124044,39540.3031821551,17232.6603249913,46528.0891411316,21331.3846457344,58354197.0223706,365591.437306874,25525.9187584631,116516.081249781,25637.122374399,32207.8786269105,29740.403921431,127171.569011936,56733.644235406,30392.1411744928,8687514.95139004
17354.8798935423,15838.248625828,21337.8239370913,19620.3252221191,21454.287810606,20536.0965613699,17070.1031171616,29232.5285870763,181041.116046617,56459.2449261592,62862.6659896656,19923.220870335,4649728.84217793,192011.18949614,31203.0457165089,34915.493757112,17035.2316278841,32214.0247458853,20442.594796896,8754804.0552308,169296.782647048,24881.7278902301,73275.8124189013,25637.122374399,24373.906543395,28128.0109089755,89301.3590666675,49214.2801355042,25056.6681716375,1800724.43197591
17171.2467715859,14158.9331193278,20452.3771712175,19028.8100409587,20371.2695153857,20368.4330216044,16841.4641789658,26514.6530132322,178296.693664949,30000.8979818416,38185.8121423669,19414.3045871066,1075234.49201979,89685.6643794731,31201.22918633,34090.0305894703,16381.367155811,25738.6691214062,19765.7751747868,7536179.77871911,138546.830411658,22365.3704783587,37643.3695523986,25592.1206803229,23352.745639359,25527.0354786139,76550.4765000651,32581.3479658735,21752.3896099707,125011.731079361
15858.77832605,10181.1287558218,18229.9767749977,16432.0667948991,18572.6945259912,18164.4905420174,14833.8468652321,24337.6137291716,67782.1219493149,19590.2412369537,22174.2627614963,17081.1673835913,21016.1485487387,31215.0475005718,24838.6422881231,20664.5675071951,14561.7886322792,20954.9587539348,16239.0340077325,326794.443866232,56997.5226136902,20727.2042814062,15895.3155674324,20924.6808336437,21168.2851888951,23497.6583588306,31687.4511942023,19760.4038961396,18738.5488708776,19358.8700301156
11674.0597669199,5471.28467146413,13689.4731122375,11497.4392882723,14337.8317079337,13484.8981518434,10317.7112005325,20643.9619715894,20844.6478931551,13883.5364820626,14144.5220077018,12690.6011801487,15498.0465864668,23004.0546997429,19564.0308897318,14766.5147823833,10301.5549002721,15712.6647004109,7960.78215709737,20194.4938784338,23011.9712147246,16852.5904596801,12800.2958396966,15268.5015525334,16388.2946161944,18653.8529370433,21935.6925826407,14454.0670095981,13938.919707152,11175.1330086919
4906.02480131186,3726.4902756393,5576.66951601148,2853.98570759071,4111.29125278131,4796.28359020629,2677.31335408153,18470.5379654014,10507.8486400308,5196.9597336413,5036.34294734755,3880.29018156401,7185.72834102789,10846.7707883546,6945.22609990384,5036.52740996391,4729.00695913635,5597.33727587124,3919.09597970965,6544.43217441245,10865.3726270216,6668.32557933571,5687.94089349736,4524.80147040691,5890.85440853502,6382.87533467736,14394.8383598015,4840.0793680586,4866.8115726072,4260.43221759213
685.021711781162,3355.89230227897,787.181439422995,588.193366385734,678.197214689444,723.626773718068,611.369418811636,18270.5568775893,975.912289045023,731.001024434753,672.035876154006,624.493754592196,1011.0567126553,1163.16074149386,985.122392034225,734.421871778704,3581.73718799094,812.967235353299,3369.76793840756,758.677968553701,895.120120277273,917.292579161136,750.047827741883,645.069692858431,752.863672220611,681.87893881873,1645.48743224923,706.852001843602,678.235072587561,3342.70111415305
406.696044169776,3337.12479240154,408.905006876486,406.904016744772,406.082749410776,407.39329018458,405.918784757343,18269.0428508915,411.787391922067,409.563069533989,407.270838528964,406.987902046439,411.120020007171,412.835256403898,409.992859628019,407.331637751578,3428.7611014964,410.018538657685,3354.47708482663,409.048924736816,409.34511215287,410.786604513007,408.941899169307,405.891406225746,408.279082088687,408.139344178291,415.20486841508,407.290007041188,407.132347269406,3334.1843637339
400.005481160182,3329.36492467717,400.005877911405,400.00548250831,400.004849567806,400.005501318757,400.00510352945,18266.1995447562,400.007573245364,400.00577509832,400.005503121923,400.005373680094,400.006260578255,400.008017715149,400.008910049735,400.006381477859,400.348886613627,400.006168220146,3336.57288577469,400.006270633719,400.007279026924,400.008421743265,400.005832172949,400.004214068006,400.005956442742,400.005585622167,400.008630573683,400.00532246447,400.00564794122,3321.70861744258
400.000001493558,400.000010192839,400.000001546161,400.000001629845,400.00000140434,400.000001683126,400.000001401617,400.00000130062,400.000001740305,400.000001680845,400.000001697933,400.000001335429,400.000001767785,400.000001595948,400.0000015487,400.000001546616,400.000001594557,400.000001563216,400.344098406374,400.000001611343,400.000001588198,400.000001745542,400.000001459896,400.000001441447,400.000001634995,400.00000152067,400.000001528955,400.000001669797,400.000001643271,400.000010713114
