557884718.323208,357398904.612142,271105224.680538,19217938571.0644,2721776449.49741,1471402208.44469,3921069238.621,391385117.034075,3842233901.69101,226262097.666055,17503241.3715727,76076777.7004998,5957570161.67841,151502809.273352,46992106.0742219,2247484.77453343,442836405.012129,1435275751.1813,4269218183.69762,3274405946.82775,1617314402.08173,23979577536.8272,5912772278.94737,29768564.7661225,10431273311.7983,706185327.230869,1098115744.37984,478152.952435031,17586412.3144033,2814408989.32025
557884718.323208,357398904.612142,271105224.680538,19217938571.0644,2721776449.49741,1471402208.44469,3921069238.621,391385117.034075,3842233901.69101,226262097.666055,17503241.3715727,76076777.7004998,5957570161.67841,151502809.273352,46992106.0742219,2247484.77453343,442836405.012129,1435275751.1813,4269218183.69762,3274405946.82775,1617314402.08173,23979577536.8272,5912772278.94737,29768564.7661225,10431273311.7983,706185327.230869,1098115744.37984,478152.952435031,17586412.3144033,2814408989.32025
557884718.323208,357398904.612142,271105224.680538,19217938571.0644,2721776449.49741,1471402208.44469,3921069238.621,391385117.034075,3842233901.69101,226262097.666055,17503241.3715727,76076777.7004998,5957570161.67841,151502809.273352,46992106.0742219,2247484.77453343,442836405.012129,1435275751.1813,4269218183.69762,3274405946.82775,1617314402.08173,23979577536.8272,5912772278.94737,29768564.7661225,10431273311.7983,706185327.230869,1098115744.37984,478152.952435031,17586412.3144033,2814408989.32025
557884718.323208,357398904.612142,271105224.680538,19217938571.0644,2721776449.49741,1471402208.44469,3921069238.621,391385117.034075,3842233901.69101,226262097.666055,17503241.3715727,76076777.7004998,5957570161.67841,151502809.273352,46992106.0742219,2247484.77453343,442836405.012129,1435275751.1813,4269218183.69762,3274405946.82775,1617314402.08173,23979577536.8272,5912772278.94737,29768564.7661225,10431273311.7983,706185327.230869,1098115744.37984,478152.952435031,17586412.3144033,2814408989.32025
557884718.323208,357398904.612142,271105224.680538,19217938571.0644,2721776449.49741,1471402208.44469,3921069238.621,391385117.034075,3842233901.69101,226262097.666055,17503241.3715727,76076777.7004998,5957570161.67841,151502809.273352,46992106.0742219,2247484.77453343,442836405.012129,1435275751.1813,4269218183.69762,3274405946.82775,1617314402.08173,23979577536.8272,5912772278.94737,29768564.7661225,10431273311.7983,706185327.230869,1098115744.37984,478152.952435031,17586412.3144033,2814408989.32025
557884718.323208,357398904.612142,271105224.680538,19217938571.0644,2721776449.49741,1471402208.44469,3921069238.621,391385117.034075,3842233901.69101,226262097.666055,17503241.3715727,76076777.7004998,5957570161.67841,151502809.273352,46992106.0742219,2247484.77453343,442836405.012129,1435275751.1813,4269218183.69762,3274405946.82775,1617314402.08173,23979577536.8272,5912772278.94737,29768564.7661225,10431273311.7983,706185327.230869,1098115744.37984,478152.952435031,17586412.3144033,2814408989.32025
557884718.323208,357398904.612142,271105224.680538,19217938571.0644,2721776449.49741,1471402208.44469,3921069238.621,391385117.034075,3842233901.69101,226262097.666055,17503241.3715727,76076777.7004998,5957570161.67841,151502809.273352,46992106.0742219,2247484.77453343,442836405.012129,1435275751.1813,4269218183.69762,3274405946.82775,1617314402.08173,23979577536.8272,5912772278.94737,29768564.7661225,10431273311.7983,706185327.230869,1098115744.37984,478152.952435031,17586412.3144033,2814408989.32025
557884718.323208,357398904.612142,271105224.680538,19217938571.0644,2721776449.49741,1471402208.44469,3921069238.621,391385117.034075,3842233901.69101,226262097.666055,17503241.3715727,76076777.7004998,5957570161.67841,151502809.273352,46992106.0742219,2247484.77453343,442836405.012129,1435275751.1813,4269218183.69762,3274405946.82775,1617314402.08173,23979577536.8272,5912772278.94737,29768564.7661225,10431273311.7983,706185327.230869,1098115744.37984,478152.952435031,17586412.3144033,2814408989.32025
557884718.323208,357398904.612142,211873888.9848,17752875833.782,1531383280.0406,1296566033.71296,3765182339.04598,326568389.604936,3842233901.69101,66854133.4163341,3278530.99666333,263642.146675226,5957570161.67841,8525024.38179988,8270489.43066873,220560.055426933,442836405.012129,1045352265.84657,3884342421.33922,2887781296.57119,1552418800.04037,23739202235.609,4551049897.05482,341595.499365172,9953722866.14025,315699520.929581,467423198.361253,434451.232921366,238066.222404511,2166316864.79548
328739896.232184,275672765.33566,55167019.0960853,12692778355.44,1409690698.90351,612106085.325173,2971055655.90852,281405298.781488,3164217648.65972,6440238.41808861,286960.877546815,263642.146675226,4742901667.64803,8525024.38179988,335400.608384101,184142.994486736,257061656.452204,646201102.915636,2663852386.20197,1380057297.1946,678145000.826233,19760226149.2312,3923792272.86784,339082.413940849,8576556517.45995,296190024.400782,225414075.084357,258266.862989505,188542.548421691,1029527291.10075
264960.948670491,303093.233924721,236011.985169702,1198897154.74654,219125319.272241,5082197.1255873,1199981931.9227,322785.72039875,197614694.372454,189434.294482907,273967.265893323,256348.086045054,2088780001.62569,248496.293022687,325166.001977732,182347.15849022,170284.639116987,1456934.20925687,187127868.335576,68942363.072217,30317631.2237852,5409345844.66547,939513443.744835,329837.715396514,5387339942.18735,241449.427662681,197615.227111785,253901.437281794,178818.229922851,319613.320931982
232551.827390354,244234.78594912,229007.688708925,275686.297501414,295306.502835305,234391.342066258,314081.882896082,301679.345528355,256939.719946451,178604.434415284,268670.381639253,254800.508257143,300522.760609541,238001.594282831,324910.97209474,182340.941135283,155592.857384524,290640.502213368,258329.605175718,236221.915791631,205665.789124958,189499.675468615,230390.140008155,329837.715396514,441791247.035432,191764.994122131,178530.16639815,253825.131377016,173272.191151771,304956.351418174
232551.827390354,242271.007926885,229007.688708925,262531.692955841,283272.2578368,226062.519187936,307722.345609998,301679.345528355,255874.220929603,178604.434415284,268670.381639253,254800.508257143,296383.759492969,238001.594282831,324910.97209474,182340.941135283,155592.857384524,289852.289276096,247863.039512256,236221.915791631,203919.026860219,169637.024391572,203895.616435966,329837.715396514,252032.639492262,191764.994122131,178530.16639815,253825.131377016,173272.191151771,304956.351418174
220278.165809527,242271.007926885,229007.688708925,232400.737428144,190868.990066584,226062.519187936,307722.345609998,159461.078463525,242407.274167092,178604.434415284,223212.136920143,254800.508257143,264400.360361502,231595.887069538,261845.162436477,182340.941135283,155592.857384524,264439.823612216,247863.039512256,195873.118317543,203919.026860219,169637.024391572,196372.901291956,225793.933390943,252032.639492262,191764.994122131,178530.16639815,235245.951440577,173272.191151771,248021.447428573
1514.2538889064,242271.007926885,210155.14322603,29.5310273443549,155332.08263963,221390.412002717,196822.241517008,159461.078463525,22412.2077012443,165018.334705947,3890.8824243494,207682.911141373,204234.188115266,229916.629179781,2733.71354673484,182340.941135283,155592.857384524,140123.510651215,18716.2008200025,6749.39057674778,203919.026860219,6771.55877309963,196372.901291956,225793.933390943,194914.503233784,186719.535137134,178530.16639815,5003.55259296402,173272.191151771,8393.11037282364
9.28913323150482e-07,1.18329442013442,0.604970648002791,2.98648501484422e-08,2.42930412666624,0.865027651456558,5.3249492864702,1.18349127979036,2.70248483502655e-06,1.51409407818346,2.36007849707676e-06,0.88271057215502,1.13962843778472,2.11220689094034,1.60808099280985e-06,0.343800776096941,2.26585736146808,3.19592500144199,2.41448628912622e-06,3.28370083479967e-06,2.26692913296984,1.35166555992328e-06,0.523885711932735,0.984671938723068,2.11359637180817,0.939461850904991,0.948011742110566,2.59076932707103e-06,2.45898525286839,3.43511487699288e-06
