22948.5956060771,143582.415094828,66584.3728030612,112140.965527711,147208.248602057,193678.218787584,33581.2435669928,94306.7937658539,30026.4744048469,24698.142597978,23845.3697910444,31403.6486315177,50853.253054887,38745.629029147,18520.8584779406,71047.5353698456,107929.676555791,154205.93841001,280965.732246578,146487.368667205,117235.146831121,69519.3005778912,107558.470938639,100309.401565543,132584.835690368,51418.573584475,166902.285133506,32461.1726337189,136986.039660231,52631.6719220965
4473.01162073345,5526.44607155226,7187.62975211512,11864.1437254428,7789.79159229866,11518.197065721,4932.65648263896,10541.6723760608,5735.58227485327,3549.85451262527,4379.76484971504,2580.65049316029,8633.79502883125,7421.75553729861,3199.0054032701,5153.31877732083,8343.94135939948,17879.3259152691,18606.5528071371,15939.8285249265,3585.92592894367,6865.75389866506,7185.31813013983,10620.3792660072,6302.36536398656,7329.32808918865,8564.79803990728,4475.85239123445,11909.2446617535,5753.14077381675
1942.45486963116,1661.58029955894,2100.92086636893,2884.14892783545,2136.40538738859,3412.01683281798,1591.66110630535,2279.01117114272,1451.43415645241,1518.26572608207,1353.07543861962,1020.61200166093,2323.01977850326,2188.02703444246,1912.28372719792,2189.35470874634,1753.71112197607,3765.31328798722,4392.4488950907,2714.73109514031,1527.25558603963,1763.07191269568,1745.04246380535,2410.74562386606,2135.40334971686,1539.59799573512,2152.14006581279,1481.56382845376,3189.09575127773,1388.45710541597
377.582510627795,270.990306449962,369.245307307107,650.546648538034,431.140411127459,678.800501674468,367.373875615515,361.929567730717,251.92353673741,288.183706652995,218.312374835604,207.362231442188,477.22764155582,442.967684908608,398.029689718814,473.056027280745,297.398721955007,723.057492045071,1073.0599095109,339.896789915123,290.848078755988,342.481199542493,314.312259206175,534.442136633834,580.380045390557,259.267133274592,371.233226721666,227.542413923777,467.645721624839,299.53384123514
22.6198089609595,46.6890746618583,13.7316392208272,101.658305190526,54.5118212746288,50.6956147803435,79.8405888723566,58.3866229492999,18.6872238585671,52.7624205958437,22.3575566884177,24.0426415289381,64.1411376532637,82.9168434732971,64.8162716065389,52.92975182393,25.8760845083751,80.4630480298193,62.3562374858943,52.9909559958434,34.0175060750712,48.4531470124897,34.7087094377553,91.7060103558728,41.0684198358059,57.9784405231323,20.1767941442671,32.213984487628,75.1413921332298,67.2734918706238
0.0129030930528415,0.0129874477588601,0.010029395014044,0.0286889124394065,0.0154952894316693,0.0222416681822324,0.026112377251934,0.023360329893876,0.015334814409016,0.0203757000195992,0.0135302689648142,0.0156779624762748,0.0232268642150757,0.0221581878405459,0.0190324348740205,0.0261573086899034,0.0149938618586702,0.0245274295855324,0.0182980770725862,0.0218792851583203,0.0136570163801935,0.0154715650219259,0.0220349172687975,0.0411254766580669,0.0229673778583219,0.0174382147511096,0.0130740655648651,0.0109577314760827,0.0288591228402311,0.0194808564317555
0.00117987676378561,0.00110880639749666,0.00155652254170491,0.00151952226792673,0.00202198988426971,0.00184822133189755,0.00124289335485628,0.00202373907779929,0.00170098012927156,0.00157161180982257,0.00164002156020615,0.00169464857776802,0.00232730594382247,0.00263382017260483,0.00236251132753296,0.00267688127928523,0.00175641172529595,0.00208363921103683,0.00162261449463585,0.00236173993437205,0.00192630192714205,0.00156706561756437,0.00155243538540617,0.0024151182018386,0.00182222559908496,0.00181973921939971,0.000951008180095414,0.00139805267247084,0.00164500494020103,0.00210653423971507
0.00028404160525497,0.000229360438993353,0.000274936545906712,0.000273057968342982,0.000315516957698492,0.000200145434860133,0.000329319016941554,0.000275573913540939,0.00017624464248911,0.000223128577999887,0.000201018002826459,0.0003349656917635,0.000246977300548679,0.000450427208761539,0.000207320686286039,0.000261953052813624,0.00019273154680377,0.000347250812751554,0.000255567023600634,0.000331089914197946,0.000366397553875686,0.000172629806002078,0.000244086856582726,0.000445850120286195,0.000331452574528157,0.000389752107594177,0.00019121207299122,0.000158749912998246,0.000217459800524011,0.000284786720271768
4.07223074034846e-05,5.61299430046347e-05,1.69718731513058e-05,8.04711414730264e-05,4.73463202297353e-05,3.05373498576955e-05,3.86338987254931e-05,5.56221331180495e-05,2.70902163492792e-05,3.89199840356014e-05,2.65324721340221e-05,6.89294661242457e-05,5.12410404098773e-05,4.34647101883456e-05,3.76991438315599e-05,5.77554349092679e-05,1.85321246135572e-05,2.83774049876229e-05,4.76048481914404e-05,3.21737670674338e-05,4.30943067613043e-05,2.43014509351269e-05,5.839175400979e-05,0.000101421725730688,7.22708143712225e-05,5.47618712971598e-05,4.2228173924741e-05,2.38354432440246e-05,3.23785235423202e-05,7.82595444661638e-05
8.80776110534498e-06,1.02918126003715e-05,5.81156530188309e-06,2.01281006866338e-05,7.70459564591874e-06,4.5641911583516e-06,4.94801884087792e-06,1.38173318191548e-05,5.40085295597237e-06,8.90582748525048e-06,6.21942172074341e-06,6.09241658366955e-06,9.25779511362634e-06,1.05986999869856e-05,8.81768141880457e-06,8.07002800229384e-06,6.33375691450055e-06,1.526050823486e-06,8.89878913312714e-06,6.3276639821197e-06,3.25435917147843e-06,5.89756075441983e-06,8.53159917824087e-06,1.03031601383918e-05,8.66497111928766e-06,1.54975908799315e-05,9.07000480765419e-06,4.94485584567883e-06,3.76319189854257e-06,9.00396344150067e-06
1.44784462463576e-06,1.87635316706292e-06,1.0900271263381e-06,1.62609171638906e-06,1.9527307131284e-06,1.23739152968483e-06,1.47766252212023e-06,1.3189793435231e-06,1.29985244257114e-06,1.34419758524018e-06,1.19234334761131e-06,1.03935781226028e-06,1.18747618671478e-06,1.88539195278281e-06,1.72327497693914e-06,2.05443063805433e-06,1.77191827788192e-06,1.0706168040997e-06,8.90845399226237e-07,1.39781491270696e-06,9.91655383586476e-07,1.3659433761859e-06,1.41923203500482e-06,1.02490650988329e-06,1.40085967359482e-06,1.82101246082311e-06,1.13744420104922e-06,1.78818913809664e-06,1.35635389142408e-06,1.20194954433828e-06
4.11305563829956e-07,2.53823259299679e-07,3.15716306431568e-07,1.66391487255169e-07,2.85220153273258e-07,3.84226268579368e-07,2.08347955776844e-07,3.01164163829526e-07,4.53322059001948e-07,4.6894854222046e-07,4.17930891671858e-07,4.62770003650803e-07,4.97161408929969e-07,6.12242047282052e-07,4.44065108240466e-07,2.66605638898909e-07,6.00505700276699e-07,5.33269485458732e-07,4.84542624690221e-07,3.8545169900317e-07,4.47559955318866e-07,4.59490934190399e-07,2.54917608799587e-07,3.34688365910552e-07,6.94441041559912e-07,6.38488927506842e-07,3.39380676450673e-07,1.60541503646527e-07,5.22303025718429e-07,3.27715724779409e-07
4.11305563829956e-07,2.53823259299679e-07,3.15716306431568e-07,1.66391487255169e-07,2.85220153273258e-07,3.84226268579368e-07,2.08347955776844e-07,3.01164163829526e-07,4.53322059001948e-07,4.6894854222046e-07,4.17930891671858e-07,4.62770003650803e-07,4.97161408929969e-07,6.12242047282052e-07,4.44065108240466e-07,2.66605638898909e-07,6.00505700276699e-07,5.33269485458732e-07,4.84542624690221e-07,3.8545169900317e-07,4.47559955318866e-07,4.59490934190399e-07,2.54917608799587e-07,3.34688365910552e-07,6.94441041559912e-07,6.38488927506842e-07,3.39380676450673e-07,1.60541503646527e-07,5.22303025718429e-07,3.27715724779409e-07
4.11305563829956e-07,2.53823259299679e-07,3.15716306431568e-07,1.66391487255169e-07,2.85220153273258e-07,3.84226268579368e-07,2.08347955776844e-07,3.01164163829526e-07,4.53322059001948e-07,4.6894854222046e-07,4.17930891671858e-07,4.62770003650803e-07,4.97161408929969e-07,6.12242047282052e-07,4.44065108240466e-07,2.66605638898909e-07,6.00505700276699e-07,5.33269485458732e-07,4.84542624690221e-07,3.8545169900317e-07,4.47559955318866e-07,4.59490934190399e-07,2.54917608799587e-07,3.34688365910552e-07,6.94441041559912e-07,6.38488927506842e-07,3.39380676450673e-07,1.60541503646527e-07,5.22303025718429e-07,3.27715724779409e-07
