5123355086.91756,12777251051.0975,940456689769964,12926910.4595781,3833555631.28748,4850697425.32025,21253530.5976449,4330484472906.02,3515640375.96381,12114402196.1204,552806143384.999,440613749445.335,108553064131.429,1964935288.82938,1320587513.40175,28526905768.8705,127094273939.388,4772597928.05318,3520242230.34533,17856005.9671898,21797344399.2291,46939058299.9537,1102654744.11926,10100052.6298174,677421517.014407,6715560023.49864,127329961546.165,3227013111276.27,45520792630547.6,179158236225.111
5123355086.91756,12777251051.0975,940456689769964,12926910.4595781,3833555631.28748,4850697425.32025,21253530.5976449,4330484472906.02,3515640375.96381,12114402196.1204,552806143384.999,440613749445.335,108553064131.429,1964935288.82938,1320587513.40175,28526905768.8705,127094273939.388,4772597928.05318,3520242230.34533,17856005.9671898,21797344399.2291,46939058299.9537,1102654744.11926,10100052.6298174,677421517.014407,6715560023.49864,127329961546.165,3227013111276.27,45520792630547.6,179158236225.111
5123355086.91756,12777251051.0975,940456689769964,12926910.4595781,3833555631.28748,4850697425.32025,21253530.5976449,4330484472906.02,3515640375.96381,12114402196.1204,552806143384.999,440613749445.335,108553064131.429,1964935288.82938,1320587513.40175,28526905768.8705,127094273939.388,4772597928.05318,3520242230.34533,17856005.9671898,21797344399.2291,46939058299.9537,1102654744.11926,10100052.6298174,677421517.014407,6715560023.49864,127329961546.165,3227013111276.27,45520792630547.6,179158236225.111
5123355086.91756,12777251051.0975,940456689769964,12926910.4595781,3833555631.28748,4850697425.32025,21253530.5976449,4330484472906.02,3515640375.96381,12114402196.1204,552806143384.999,440613749445.335,108553064131.429,1964935288.82938,1320587513.40175,28526905768.8705,127094273939.388,4772597928.05318,3520242230.34533,17856005.9671898,21797344399.2291,46939058299.9537,1102654744.11926,10100052.6298174,677421517.014407,6715560023.49864,127329961546.165,3227013111276.27,45520792630547.6,179158236225.111
5123355086.91756,12777251051.0975,391351949731320,12926910.4595781,3393507317.95309,4850697425.32025,21253530.5976449,4330484472906.02,3515640375.96381,12114402196.1204,552806143384.999,440613749445.335,63243631219.4992,1964935288.82938,830361536.821795,28526905768.8705,127094273939.388,4772597928.05318,2457990771.0129,17856005.9671898,21797344399.2291,46939058299.9537,1102654744.11926,10100052.6298174,677421517.014407,4403627858.31057,127329961546.165,3227013111276.27,45520792630547.6,64095691402.3502
4140209497.17878,4015485536.53967,375697207995588,12926910.4595781,1559138572.66815,3720816833.08145,21253530.5976449,4330484472906.02,2379372275.36253,10079373062.6462,552806143384.999,220176116821.426,40468358300.3091,1964935288.82938,830361536.821795,28526905768.8705,127094273939.388,3445647029.19805,1808693391.85959,13892602.8569235,14099209122.8325,46939058299.9537,486479673.378035,4182310.98834112,260374707.315819,744193828.62544,88361907134.0584,3227013111276.27,10329472493947.2,4925405442.91365
1615619544.13632,167437484.627989,58444721157388.8,11240577.2437036,638763104.047381,2481206555.61878,10169671.82859,951710951706.545,1036027982.54354,1366665449.17455,290739934582.168,84747119146.5507,7160642748.13895,509268588.924201,231209940.802167,8772562626.15436,86120795007.9266,1463751640.36753,842498308.829477,7063160.83609189,911704889.141323,22607870843.6578,166023737.344115,1527314.12085629,103461236.901944,141176342.912236,18247895433.3865,1417789071803.01,6823779769075.43,2223733770.3108
67365441.1809953,27501802.3010075,258744248974.847,4543213.0917291,22854224.554723,827306877.573278,3230970.88267766,69923678528.3803,95725713.0232677,75504114.0598141,116977484276.413,912935147.908943,93368515.5264911,63166779.6478771,19760407.1896973,6539567721.19649,86120795007.9266,289128437.898558,92329985.585352,975044.232937443,13444782.5205757,11663294811.7458,10871161.4179135,105462.057446624,1064968.92024879,2799301.21267916,1185501834.95683,529420381154.4,509097994800.715,816921.412997719
2932.35709200296,812990.672142681,91997.3025646766,2422350.64825686,3228.35050455358,38928018.7055082,11886.3566030271,96707865.0292339,1349884.48955372,71137.656594457,6595373036.8807,7683645.12305994,437438.224163479,229328.659171537,30835.4742843167,291869190.329035,35276236502.574,1635663.23949509,32909.2956792909,35813.3421925973,191995.971295298,2284275531.8904,38556.725158393,5713.93450517953,3705.90064080501,1058.23162337546,1351858.90315479,6033605719.33515,2744101716.03105,313.397617101659
144.005135868995,3658.33793947172,191.9168248935,524822.483891713,140.731011289579,28161.4607495573,315.356288130658,2644.5577570011,967.864295980775,201.589232209308,743008.952728922,31085.2901272786,225.603945441527,233.51060633747,278.863521470656,8290668.9389721,1796881434.51738,254.638393053942,216.530611435609,196.588129091439,248.230215277392,57708189.7387135,222.892542125647,136.431069862366,166.789396266146,198.812905628477,599.565365704429,25493774.6523936,140435.377016385,70.515825687338
80.8172668163514,145.128919884952,117.980607361748,34979.1038178067,77.3044396513455,155.508353996193,149.050734815422,134.383729535992,132.167658156549,115.672184639033,4051.72768826353,176.092910113649,64.4893760172578,177.162539063464,186.53341520904,6275.13365701637,4798897.00068075,106.931367526474,114.80041379263,87.2138788333244,87.4060981768149,14870.5151248737,120.637136902745,72.5910385293465,99.9669787131035,126.182522147485,146.26434983707,1851.7672661208,130.411767252084,36.5861760413237
61.0684917817548,105.760988198016,110.531239784944,211.113873438298,67.7631980888758,88.2107897923918,117.314527238196,92.9505991757121,83.029523190995,103.204209773993,154.380877765587,94.1427567021427,48.3622996523595,152.3324202117,159.325164539868,177.592896815322,197.304905827036,89.5790237721625,106.571527868808,60.405026776309,52.8419759157571,141.015108989221,95.669323252989,69.8291729697421,87.5705172959479,119.152444625629,103.612269074961,121.786669800399,66.6108676658032,33.8298647878978
58.1271659476066,90.2635036561948,107.571935768023,104.045054348071,66.2696662724884,84.2956450044136,114.19027280083,89.6954933376345,80.1822519007385,100.910817233444,56.3287025652784,82.1166649070929,44.746692339022,133.459490363143,155.923556356429,101.965420288303,45.7301976852964,87.4796438332322,103.625492341745,58.8614802503274,52.5349482580929,76.8504370632442,91.0822780063182,67.04681179777,77.2019752406474,116.522287490958,102.859215706626,62.033160248073,55.0220608307033,33.4232958268133
56.330319325343,88.3325235622646,94.9098065777787,94.470365111841,63.9752396971192,83.3443147618689,98.7640754891694,86.0119270420963,77.1711817475377,99.0970440281882,47.637061931399,79.5244554183716,43.6663677058126,125.429497806012,154.390065885717,98.3523091029266,23.593473727478,86.7151009703272,103.454419189443,57.1508833087292,52.2253313087728,73.5018427227667,88.1294243874207,64.3060097331323,76.4824097824551,112.667287368673,102.002255375232,59.0215086183955,53.6935519524861,32.5548739299591
55.8400581654447,88.2431106616314,90.6605471606417,94.4657766558413,62.4209294028951,82.6458976161791,97.2615834225694,83.7736697241684,76.5159736814801,98.4696692714679,47.6276719643153,78.3319101350294,42.4774842807815,115.924673881458,154.012693197549,50.2043844375338,23.4163701809754,85.4403812996636,103.445686247332,56.4374260424842,51.3919833658127,73.489378930414,87.9453526502017,61.9422523074408,76.3013208658344,110.43524289892,101.708191804322,59.0144610277413,51.172131915898,32.0895923547984
1.35253696953441e-06,1.39797028217527,6.23641677911485,4.90017018788421,6.12449127856962e-06,1.76715843736019e-07,0.0393011517418245,3.07228954170569e-05,20.0224583165526,35.9529917579295,3.22046287237754e-06,16.5615104957751,0.0001411455455127,2.08834535442293e-07,3.47573291037406e-07,0.409258617283854,23.4163701809754,6.63858362103815,24.7901264541463,0.0335955880933625,2.6195609070802,1.88694571079395e-07,2.25043436330452e-07,1.1253245228296,2.44541909674774,1.9741401047213e-07,4.3693686868387,3.74999103769369e-07,2.04493065135568,3.06036375393967
