597.856509912443,365.920888576811,442.295126840483,297.591973751188,888.738331710141,273.174190048728,231.141253993143,198.996143059558,430.29752211637,794.874909275515,280.731947782323,316.414795424237,243.625548466044,460.164827839006,245.533210842484,784.283805504806,347.681081780227,445.993099734011,472.362763144005,503.691877715396,826.78360988078,620.579532108085,766.543389783574,935.04109605793,452.092929968394,442.335281460211,257.048308006863,396.576598273259,331.186489463614,545.02693319034
225.330848629103,164.033071944871,167.11227439432,153.73278081713,192.534717566285,144.344866366487,159.173233904952,163.762413000406,160.142306125695,149.205219789787,146.700493385151,135.583110388693,159.676739160696,221.197663083476,168.721806865519,207.776384190908,127.40407983417,187.912064874737,221.449935795186,164.923963567845,177.974664322817,160.920593356122,263.760673902624,192.390694937183,206.877030501549,164.014112474517,164.826282963013,169.666382569614,154.961955857933,177.968000787408
190.903149401835,122.102673158591,141.640436872169,141.745132320343,183.717764524374,144.344866366487,159.173233904952,159.141400358594,135.325972298837,140.983744012656,116.470577564055,126.899604199352,139.200767623405,161.069870005735,168.721806865519,124.15448530096,104.390463273568,186.406672078745,113.353393994466,137.973822642992,141.877281476583,160.920593356122,190.243521150082,171.111430378759,142.918201395224,161.55579938953,140.631330268389,142.199955682991,154.961955857933,159.109401293678
153.860622797183,121.388362753444,141.640436872169,131.635791831952,147.29300191602,144.344866366487,127.04474404019,155.672985272758,125.722981776513,124.386320629334,116.470577564055,126.899604199352,115.217489596534,137.443230587546,138.013717448355,21.3115909907602,24.954590617145,112.82407726079,113.353393994466,132.44812090246,141.877281476583,150.62230767949,147.318627823414,162.202736631009,119.357182469561,138.275273575741,140.631330268389,131.163538495198,119.142129725422,143.374846280418
136.128728703913,121.109182701764,123.848987556058,129.030026185537,130.652875094518,144.344866366487,102.672326047317,138.758452129249,8.63204573917248,7.66104293681066,112.447530362125,119.587481550206,115.217489596534,89.6879078262284,138.013717448355,11.5030802285745,10.5203570974915,33.2813997131494,110.059690820977,132.44812090246,8.77181465087654,145.336725565356,75.5447050055959,49.1556780253507,119.357182469561,39.5540636998877,131.71629488324,95.2033802223992,117.06414508252,132.853862271222
29.0378791834202,10.1460222693562,109.483568387176,114.598256724663,27.2570758734785,101.685798865992,102.672326047317,130.969146444214,8.60394592170762,7.65540589633746,10.5508858825932,111.544423266435,115.217489596534,26.3428218695419,137.908939105305,11.5030561219538,10.52035105325,33.2810191377998,57.897663131715,10.5563464049216,8.51817895020823,34.9424949933192,29.518421645452,25.3949970093646,38.8378862697793,33.1419450597924,130.991932028029,5.61336287408422,117.06414508252,8.85420049392964
28.4406584214473,10.1460144806983,9.55020900202443,12.6880772494148,27.2147158779307,101.685798865992,9.12057647716382,130.028255693209,1.66626245237446,7.65540589633746,10.5508857082775,6.76184564817075,115.217489596534,26.3428216593126,129.052814777211,11.5030561219538,6.16618325525962,0.99501691270745,7.63486632947591,10.5562847334314,8.51817895015416,34.9422934859878,29.5184215995801,25.3949969808062,9.55592160963438,33.1419450597593,119.042159033215,5.54556077176834,4.65441185741959,8.125617307483
3.5813337880461,10.1460144806983,9.54970362722866,8.9546264758548,4.98771425295732,25.8601843606638,9.1205763680772,116.238863173562,1.45560069658383,7.65540589633746,10.5508857082775,6.71118695436519,79.7703155132784,1.59304098358748,27.5453584721685,11.5030561219538,2.984877175797,0.994959057093668,7.63486632285843,10.5562847334314,8.51817895015416,34.9422934859878,0.994959241476682,25.3949969808062,4.04002212073752,21.8148462274939,25.9404707211885,3.54340579698527,4.65139392802405,2.38952657496873
3.57994928486516,10.1460144806983,3.65338987557007,2.43623352321465,4.5383426855491,25.8601476181415,3.55668416606271,109.713901402875,2.66655016156912e-05,4.49772786739707e-12,10.5508857082775,6.71118695436519,26.9426628471468,1.59003116603868,27.5453584720941,8.35873677071575,2.98487717577701,0.796883359566497,7.63486632285843,10.5562847334314,1.59003220891206,23.8171762110159,0.99495905709346,24.2517973657965,3.55564264406745,6.27499601999468,22.4199239534353,3.54338364625184,1.98992175770403,2.38898170804536
1.56572452566646,10.1460144806983,3.65338987550873,2.43623352198304,4.5383426855491,5.43543691392368,3.55564263984962,26.7070611985852,3.21227934817989e-13,1.39240744209516e-12,1.40155702560181,6.71118695436519,4.55060170144637,1.59003116603868,23.921764839742,0.557190399635947,2.58499023157167,0.796883359560971,0.994959115228602,10.5562847334314,1.57336750418136,0.595879011808561,0.99495905709346,24.2492998204848,3.55564264406745,5.96975435157153,2.47836123026724,3.54338364625184,1.9899181141869,2.38898170804536
1.56572452566229,6.63990728036427,3.65338987550873,0.00354589467991581,4.5383426855491,1.66511197856388,1.79184242129394,7.63322612443988,3.21227934817989e-13,1.39240744209516e-12,1.39402264193956,6.71118695436519,2.98487717128032,1.59003116603868,1.98991811345676,0.399063584847229,2.58499023157167,0.796883359560971,0.994959061590512,10.5562847334314,1.45560069194423,0.595072108945466,0.99495905709346,1.35004257521663,1.42972004818566e-13,0.670152921470306,2.38898169830295,3.54338364625184,0.994959061733052,0.994959057094985
9.64090172380875e-13,6.63990727990475,3.56420880665992e-13,1.78599314203502e-13,0.399063584846175,0.462386327085687,1.79184242129394,0.399093624525648,3.21227934817989e-13,1.39240744209516e-12,3.18910163380772e-10,6.71118695436519,2.98487717128032,1.59003116603868,1.98991811345676,2.4999782099637e-13,2.58499023157167,0.0174354414345806,0.994959061590512,10.5562847334314,0.00524810014263942,0.595072108945466,0.99495905709346,0.595072108945426,1.42972004818566e-13,0.670152921470306,2.38898169830295,3.54338364625184,0.994959061733052,0.460641634851011
2.14424757305524e-13,6.63990727990475,3.56420880665992e-13,7.1500486335228e-14,0.399063584846175,0.460641634850948,1.79184242129394,2.49956168820531e-13,2.85572128651683e-13,1.42963196083823e-13,1.78659645133422e-13,1.78716345941416e-13,2.98487717128032,1.59003116603868,1.98991811345676,2.4999782099637e-13,2.58499023157167,1.07223401573895e-13,0.994959061590512,10.5562847334314,1.78615373964021e-13,1.42892622627738e-13,0.595072698853207,0.595072108945426,1.42972004818566e-13,0.670152921470306,2.38898169830295,0.0229058143899983,0.994959061733052,2.14061788647385e-13
2.14424757305524e-13,2.3345862418097e-08,3.56420880665992e-13,7.1500486335228e-14,2.14211208037889e-13,0.460641634850948,1.07246052498639e-13,2.49956168820531e-13,2.1448425061848e-13,1.42963196083823e-13,1.78659645133422e-13,1.78716345941416e-13,0.000369846994884479,1.59003116603868,1.98991811345676,7.15289208149167e-14,2.58499023157167,1.07223401573895e-13,2.49855578479903e-13,2.11805340138689,1.78615373964021e-13,1.42892622627738e-13,0.595072108945332,0.595072108945426,1.42972004818566e-13,1.78446462897982e-13,1.42839244572898e-13,7.14655455299164e-14,0.994959057093493,2.14061788647385e-13
