1467826.51208126,355505.159617235,395606.255548244,300480.011417621,1307952.99486795,1859713.10656921,399300.7493141,774054.873162249,2293955.250133,611377.464571035,492403.830098383,2228269.66538115,738033.086332255,4044941.71503092,1402438.34909018,1754425.36244437,3437541.65058534,1303757.88169388,4467459.18962531,1256706.77610067,1015433.60486369,6591221.56375115,798834.274004123,3875842.86875518,7045861.40519895,1165318.71014528,1584547.55420821,3700558.62297694,1882004.97339448,763463.219153233
38436.8593886328,139588.283378305,21963.8282785267,187110.335513848,45741.6361082327,1657438.77562723,182181.184183048,774054.873162249,399346.796121927,178981.901976171,305172.307490812,675766.40042008,289626.009343923,869429.886797846,95220.5591837587,149023.610007005,554364.733346132,493394.718890423,2653081.07555231,1256706.77610067,69749.6116673612,970341.727428614,253403.463422371,1270273.69662713,1284974.49634685,826022.749662141,419770.897268754,971732.415113591,591671.457232188,466294.356318455
37397.1736561371,112871.399630041,16531.281780256,162284.208200398,19890.8081681403,1235182.22962156,167507.602932567,695696.558346053,161237.06912893,72402.6295706058,266863.859190749,340649.604549261,24827.3044158972,163153.618652753,71226.6520418842,131722.296739624,302270.346856841,238910.884529805,2081839.51013736,1033486.02762442,52120.5702294173,663045.038640469,212770.187721645,721670.537265539,199223.669591775,103349.558110509,244509.81253875,452539.876601272,227926.988631652,102057.327693165
32718.1402074287,105974.216816377,9847.54545860435,44273.0294052708,11769.0845893583,156281.839063823,152340.634204176,294076.563823049,107591.121358774,44571.1893572371,105836.46270869,241327.890950039,20047.0984641953,62791.8902572517,41816.6348853821,17706.8823181363,101410.532017344,149215.143028985,487285.146575982,633035.127873891,21801.853443857,364353.396557814,127494.724582492,152785.117755844,141670.997498758,67264.6597092845,54242.7403738523,220118.879673528,148584.174446842,63057.827344853
2905.10712050289,13779.2849172793,4683.59134609851,2348.90946702006,2688.37843598212,18703.8283141349,8919.54186314683,2519.62531595561,43169.3203141777,8975.0090935325,13864.1757833311,77660.1261631939,5862.61052001713,3164.27928660523,6700.72523139914,2047.05600086529,2851.69240130873,34258.6914186999,8050.60536318257,18085.678940776,10452.9838955315,8167.11967899567,14591.7510134247,6401.40094787393,40505.909675057,15160.9172916253,3483.06590718254,9014.90509690811,30373.6828260432,13197.6342589112
420.387356119694,1237.0485863572,1123.07367427816,884.287373910475,1359.80842833487,561.097345827955,1104.62518597065,1082.54527807505,1165.70548484212,1783.19887813389,1769.33957128286,761.449089057229,1018.04807685359,952.321227570203,882.16670332498,727.24892878267,908.823931181257,840.41063409337,1431.51407103925,1004.71946113465,1059.5710698105,1449.09475595039,1112.04103723029,1073.31495519884,1933.64547525222,228.326072200248,691.005793196402,1476.10491880253,1145.57738081801,1074.9771755324
289.136287254223,1045.00842922721,480.237407111521,657.847667227886,1282.52146823181,219.91899227724,1042.88485685937,847.317043951588,949.935682491096,1665.56273954576,922.76493509404,438.745331867727,740.29755116809,683.76032505876,299.771775880979,639.564550215884,861.163932459043,545.470166298635,1185.38641206743,762.265635357321,985.066483217812,749.752468232416,687.455969340348,852.357785251626,781.336329789098,76.8171155313185,561.502713024119,1161.83067911048,54.6633368996224,721.613683198595
240.731057418359,941.458765303203,463.547551093325,579.180134354669,1279.2760802365,179.998377970128,971.09866396706,820.105616883145,893.174832101658,1506.38849546829,892.003482736668,415.877601464303,689.084087665946,674.893806224778,248.612984680688,613.89284309805,833.28157813875,503.349506833954,1054.31168525662,734.660185497217,961.27672988631,720.369525965208,661.325668026596,811.870572248358,673.955193550584,56.0032329761106,461.830098870389,1084.79141875821,23.9815450939982,696.663803423295
240.731057418359,940.015594291338,463.547551093325,573.729531800005,1049.86206977026,179.998377970128,948.888727588485,819.720479083652,892.552140044254,1494.0290466082,892.003482736668,414.455910407967,685.353693494798,673.630502087069,244.384709734287,604.42028392846,828.798313372577,425.713874717392,1033.32078378873,730.925560628243,956.434313891836,720.369525965208,661.325668026596,811.870572248358,672.03846211502,55.9795748634837,460.557072136252,1082.64153717678,21.9842784670999,696.663803423295
240.731057418359,716.378665247801,463.547551093325,461.64606957619,940.374795262406,179.998377970128,145.207726802407,819.720479083652,776.329132822456,554.564288947691,821.250540360399,283.321869871772,685.353693494798,266.605002553786,244.384709734287,253.829577456623,813.447722638926,366.159893428346,792.291979639249,485.514035857979,956.434313891836,485.412788253599,661.325668026596,703.608152382806,672.03846211502,55.9795748634837,460.557072136252,1082.64153717678,21.9842784670999,696.663803423295
126.520603344116,704.723850367138,463.547551093325,459.600758844054,935.423326803921,179.998377970128,139.982133367881,819.720479083652,676.621795455535,466.342097589283,821.250540360399,255.547714576061,685.353693494798,253.841200815415,244.384709734287,238.679612087374,803.145400982096,366.103413251716,780.37722187065,471.952822360788,956.434313891836,124.664792398601,661.325668026596,686.767013991739,672.03846211502,55.9795748634837,460.557072136252,409.29264525643,21.9842784670999,600.567009639981
68.3548728413401,459.631456921383,463.547551093325,459.600758844054,828.539951961383,179.998377970128,139.982133367881,687.242419498576,592.519166276431,466.342097589283,617.495058183391,255.547714576061,685.353693494798,253.841200815415,244.384709734287,238.679612087374,415.149699625422,138.047454104695,533.043523270473,471.952822360788,140.248443701792,78.2005405934986,582.417581829327,682.102275124772,353.981451563509,55.9795748634837,349.899293939521,395.936702789259,21.9842784670999,586.205694970076
68.3548728413401,70.5960380353446,125.912636111639,272.318999205435,133.260854434536,75.0074865753559,116.330671228903,44.5339360439187,450.591115636753,466.342097589283,276.701002613472,255.547714576061,67.199165008406,253.841200815415,244.384709734287,120.681938698083,218.593180323696,128.801727800493,533.043523270473,471.952822360788,140.248443701792,78.2005405934986,286.766212436712,231.126165258124,288.175625672005,55.9795748634837,349.899293939521,268.229801659971,21.9842784670999,207.556682609294
44.7325469120548,22.231277805163,113.805773205854,76.3528317618494,24.0363250269328,75.0074865753559,26.9309359901349,44.5339360439187,181.629108190856,129.810424710787,164.70238867122,26.2167197219613,67.199165008406,51.7059179410763,46.6237932665058,52.6179460969014,114.05199646288,128.801727800493,96.4886266320364,35.4206179702364,110.201445227207,78.2005405934986,227.971319017309,170.606766778161,88.5745586883601,55.9795748634837,61.6568850332427,113.618487912852,21.9842784670999,47.6700440811177
