2128.48784300793,2792.69585932946,2693.22454869062,2090.88294124932,1881.460565743,2546.1548646657,2420.5293429415,3020.51566613609,2522.93719029464,2427.43515997318,2744.39186385001,2982.60300622645,2506.93801801538,2466.993842872,2595.52676390193,2979.72976413353,2173.53323548035,2547.0681311343,2596.99573112356,2808.68918131138,2403.02401904996,3068.31898813412,2002.73583367305,2580.05842074501,2718.61568494225,2763.08705241419,2314.32278284656,2657.99394838472,2679.09856901212,3134.29144134824
2128.48784300793,2520.75606682802,2266.68863500546,2090.88294124932,1881.460565743,2546.1548646657,1962.0544297477,2596.44115009479,2522.93719029464,2427.43515997318,2744.39186385001,2884.4438985388,2245.82823518368,2466.993842872,2321.46173449136,2255.18916132249,2159.4650882035,2008.09929450068,2207.15352094347,1614.85893432073,2178.78719348445,2767.45662998616,1728.482750151,2580.05842074501,2393.57327775538,2763.08705241419,2314.32278284656,2509.67179012494,1913.04210374018,2416.43627376857
2091.01568185526,2343.83417483367,1984.11477575437,2090.88294124932,1881.460565743,2540.22135435591,1962.0544297477,2578.22687221479,1873.75096726326,2151.62123839293,2576.71433906802,2619.99277875025,2164.74947698514,2166.35934911752,1904.19962704062,2180.38607320608,2159.4650882035,2008.09929450068,2207.15352094347,1614.85893432073,2178.78719348445,2285.68606745152,1728.482750151,2144.02248928051,2393.57327775538,2094.01748311988,2044.02173767462,2016.70828561182,1722.68801276181,2416.43627376857
2091.01568185526,2334.45150073381,1984.11477575437,1738.26687800724,1881.460565743,2122.08173365154,1867.15011776363,2024.26814133122,1873.75096726326,1882.70902275064,1743.99927327978,2134.71296946449,1882.7469825032,2166.35934911752,1425.90424496979,1942.77114274528,2159.4650882035,1789.63748478806,2207.15352094347,1452.87758163717,2155.24932012745,1626.65644812639,1728.482750151,2144.02248928051,2109.09064126549,2094.01748311988,2044.02173767462,2016.70828561182,1722.68801276181,2179.98344113479
2091.01568185526,2076.52492692457,1977.87725659229,1391.93805302377,1881.460565743,1615.90779274881,1784.12893770955,1922.25099855482,1820.00636456925,994.307142491931,1704.92918693668,1155.89378208887,1748.81878659701,1900.62495500665,1425.90424496979,1893.81726450011,1826.89000367377,58.4143590816311,1614.57571018681,841.641885845027,1302.72996010225,1553.68363382703,1728.482750151,1551.23397512853,2109.09064126549,1530.90774052572,1629.35815735277,855.229481324518,1722.68801276181,2090.77178840775
1729.33889005048,1829.38151174464,1387.75138276639,1391.93805302377,1059.87574187464,7.37352249343894,1428.93560653148,1282.51376255273,1251.26612846355,994.307142491931,1630.07737325359,1155.89378208887,1748.81878659701,1493.58126738051,1425.90424496979,929.239989568803,680.318249873024,3.60232461797386,1614.57571018681,811.548746305717,1302.72996010225,1494.93214555752,1196.3784480547,1551.23397512853,1801.80302177475,1530.90774052572,1404.09836750443,436.345994525606,1716.54856478775,1787.64912454071
979.12978062367,1198.1950043184,1387.75138276639,740.888716113463,1059.87574187464,0.249818292789314,1428.93560653148,917.784565600839,738.734020874481,1.71600040031808,1434.53169907942,873.99025937019,1300.67607842891,994.68629824092,564.220582909753,374.641466743977,217.3270340681,3.60232401080975,1193.02155800823,811.548746305717,1028.2681954345,1067.45619570794,1061.00493616879,1002.94362562461,604.250813010041,1165.40477022976,973.61941261885,436.345993259107,806.081432588616,1475.24626875405
903.865121831248,1198.1950043184,1108.93329724806,0.339130588658008,0.187367972774155,0.249817764155523,753.973354392864,769.376932124215,738.734020874481,0.374726646256022,844.475907597511,699.756215809021,696.772448766157,873.056463578244,512.093516528471,374.641466743977,217.32703271369,3.60232401080975,589.188844198521,811.548746305717,1028.2681954345,1067.45619570794,661.761208071992,925.66653780035,604.250813010041,1037.41545537919,0.312467881103657,436.345993259107,510.500814318002,550.833843220726
355.103095448029,1198.1950043184,541.446669511296,0.312272205194859,0.187363323117097,0.249817764155523,0.437206676711867,743.566042082159,0.437181096233871,0.374726646233285,722.288858008493,699.756215809021,0.634474021555434,408.358293683761,208.246049835555,374.641466743977,217.32703271369,3.60232401080975,589.188844198521,600.094517685052,1028.2681954345,718.196238574063,478.630369017722,420.100597807238,604.250813010041,671.593040245118,0.312272205194859,436.345993259107,510.500814318002,0.562090026059195
355.103095448029,876.737646014622,541.446669511296,0.312272205193949,0.187363323117097,0.249817764155523,0.437181087271711,188.14866168636,0.437181087271711,0.374726646233285,647.968187262626,525.027819853733,0.499635528311046,0.31227220528217,147.009980623371,374.641466743977,217.32703271369,3.60232401080975,589.188844198521,600.094517685052,461.384075135085,697.292814746938,478.630369017722,420.100597807238,389.352469546821,632.958760500502,0.312272205194859,354.074424505406,510.500814318002,0.562089969348563
355.103095448029,668.849944070384,541.446669511296,0.312272205193949,0.187363323117097,0.249817764155523,0.249817764155523,188.14866168636,0.437181087271711,0.374726646233285,0.394527639281478,491.730632869961,0.499635528311046,0.312272205193949,0.452630456041334,374.641466743977,217.32703271369,3.60232401080975,549.366982256113,543.117747401869,461.384075135085,697.292814746938,478.630369017722,420.100597807238,288.775932315029,632.958760500502,0.312272205194859,338.847062870708,510.500814318002,0.562089969348563
355.103095448029,668.849944070384,541.446669511296,0.312272205193949,0.187363323117097,0.249817764155523,0.249817764155523,188.14866168636,0.437181087271711,0.374726646233285,0.0624544410393355,491.730632869961,0.499635528311046,0.312272205193949,0.437181087271711,374.641466743977,217.32703271369,3.60232401080975,549.366982256113,543.117747401869,461.384075135085,404.395335229094,478.630369017722,420.100597807238,288.775932315029,545.725915068487,0.312272205194859,338.847062870708,510.500814318002,0.562089969348563
355.103095448029,668.849944070384,541.446669511296,0.312272205193949,0.187363323117097,0.249817764155523,0.249817764155523,188.14866168636,0.437181087271711,0.374726646233285,0.0624544410393355,491.730632869961,0.499635528311046,0.312272205193949,0.437181087271711,374.641466743977,217.32703271369,3.60232401080975,549.366982256113,543.117747401869,461.384075135085,404.395335229094,478.630369017722,420.100597807238,288.775932315029,545.725915068487,0.312272205194859,338.847062870708,510.500814318002,0.562089969348563
355.103095448029,668.849944070384,541.182903647598,0.312272205193949,0.187363323117097,0.249817764155523,0.249817764155523,188.14866168636,0.437181087271711,0.374726646233285,0.0624544410393355,491.730632869961,0.499635528311046,0.312272205193949,0.437181087271711,374.641466743977,217.32703271369,3.60232401080975,549.366982256113,543.117747401869,461.384075135085,404.395335229094,478.630369017722,420.100597807238,288.775932315029,489.368303307241,0.312272205194859,338.847062870708,510.500814318002,0.562089969348563
