5635.99948586117,26803.2673155291,2089.69953010408,62050.325128829,10333.6235867168,32241.7027555689,439.600155968089,56237.365558529,35182.8339450781,6968.29863615686,4353.88426201684,181308.827865363,42157.7719935465,1319.05716471591,120.59107622906,103468.719909879,5411.35908317013,505448.314510486,28335.7981892922,34034.4389314383,3012.45760277608,2863.14990475614,7617.0639119049,100050.444075985,26545.4199691669,5848.87319921784,31773.8812681707,6488.55218517039,4009.15262763454,28266.4721838587
12.4205494287878,662.216323804624,39.0799815486368,1119.65315843275,95.6508727820753,205.33907817739,37.9807633538277,45.9584049133345,861.415918726984,25.7041589475757,23.4444374819843,6819.62599134315,489.112798755948,25.3087303402298,10.6285954804259,231.563836376091,28.2818456802554,10010.6028965778,16.0053040858994,628.927251544716,33.6397806125626,13.03759932791,330.340481682754,560.756883427874,150.959257883512,32.3888879551957,142.126033560281,514.789697555409,40.1312253451381,288.20657735567
6.01884781436736,25.2548196925335,8.06510864847456,11.4256402816351,8.23309036378232,7.21830698644178,7.13867413730967,31.182000232835,25.4267094051045,7.2745641215395,9.11031383776452,194.300722315605,11.4903851914283,11.1606930619162,9.16803957782023,10.1512276024484,5.23835788638341,30.763800608304,7.1479094838992,14.8828868333033,10.6972608896993,9.86001235617112,15.1355184496106,14.7657778071478,18.843088464208,7.70139555955765,11.5556003695816,21.307174548692,7.11715442031782,6.78649989488656
4.62542865921858,5.07268460696964,4.81398372981545,6.22958723800811,4.34383734253049,6.30412257204473,4.56364231940891,8.48841802782521,4.63637918417964,6.557886418065,5.20130046912679,4.80218128210173,5.18781942805347,6.35288688994695,3.97210991158503,5.4256515468612,5.05182180216238,7.92428116291283,3.81737632722524,5.61427552511608,5.45316936823825,5.18669179015011,4.85263354948864,5.40504814085136,5.4599426474235,2.68092422960945,5.34838630603922,5.61042125087011,6.67925475729369,4.27939703183087
4.02277617198893,4.37508621279939,3.50374569322376,4.54423409516738,4.22939036934096,4.34970025108328,4.31392378172693,4.52173973363158,3.96592393775158,4.49180104333991,5.05845668497855,4.77852189759225,4.63564996277342,3.77574895368785,3.97210991158503,4.35223998317319,4.69873670936264,4.74931265038529,3.81737632722524,5.52343332282336,4.71842560594892,4.93775734954245,2.04891010436964,4.7793399665406,5.28523372256081,2.68092422960945,5.34838630603922,4.37703710477636,4.69369504294303,4.10836850669746
3.9873128064314,4.37508621279939,3.50374569322376,3.79785458483473,2.97831015061931,3.87488311594177,4.31392378172693,2.56273356191193,3.96592393775158,2.86090132010804,3.7443746789194,2.28064547279337,2.55962201151574,3.77574895368785,3.97210991158503,3.25008306160249,4.16966869614194,4.33003880659727,3.81737632722524,4.24295565318133,2.56729786420126,3.89149058661233,2.04891010436964,4.43408017529007,4.25315882633341,2.68092422960945,4.61661490269477,4.37703710477636,4.35259076715752,4.10836850669746
3.68745210871877,2.70581202857033,2.93158586924339,2.73487962777584,2.97831015061931,1.37606239966972,4.29441386234474,2.56273356191193,3.96592393775158,2.76218087318362,2.55127535128213,2.28064547279337,2.55962201151574,3.19518010283302,3.97210991158503,3.25008306160249,4.16966869614194,3.85087479266869,3.50624206279006,3.21326452460231,2.56729786420126,3.77490755928109,2.04891010436964,2.91984481019217,2.77773502991,2.68092422960945,3.97450625208277,3.26032886647437,4.35259076715752,3.63724860631587
2.67067769457932,2.70581202857033,2.75369024018195,1.60213256650664,2.97831015061931,1.22855746284664,3.45770761200216,2.56273356191193,3.62464592106816,2.76218087318362,2.08411048952677,2.28064547279337,2.55962201151574,3.19518010283302,1.6084329032244,2.79281503752991,4.14618005763674,3.85087479266869,3.50624206279006,2.40104186154468,2.56729786420126,3.71642915047641,2.04891010436964,2.91984481019217,2.77773502991,2.68092422960945,3.97450625208277,1.89441702250143,4.08696614281963,2.77213490455732
2.67067769457932,2.70581202857033,2.75369024018195,1.60213256650664,2.97831015061931,1.22846717814524,2.89109102998802,2.56273356191193,3.20806568140025,2.76218087318362,1.69107163151297,2.28064547279337,2.55962201151574,3.19518010283302,0.504652522599734,2.79281503752991,3.42642185107517,2.76129301030686,3.50624206279006,2.40104186154468,2.56729786420126,3.41384477613025,2.04891010436964,2.91984481019217,2.67819925248307,2.68092422960945,1.20839330209769,1.8507598338273,3.78822094816412,2.77213490455732
2.67067769457932,2.70581202857033,2.75369024018195,1.60213256650664,2.97831015061931,1.22846717814524,2.89109102998802,2.56273356191193,3.20806568140025,1.53898281863995,1.69107163151297,2.28064547279337,2.55962201151574,3.19518010283302,0.504227884254939,2.79281503752991,1.02871761512492,2.76129301030686,3.49552584272907,2.30019591209816,2.56729786420126,3.35669643160918,2.04891010436964,2.91984481019217,2.67819925248307,2.68092422960945,1.20834317242546,1.8507598338273,2.91283056262424,2.77213490455732
2.67067769457932,2.70581202857033,2.52161835499137,1.60213256650664,2.97831015061931,1.22846717814524,2.81318103764091,2.56273356191193,3.20806568140025,1.53895017094079,1.69107163151297,2.28064547279337,2.42751856861688,2.50717565784374,0.504227884254939,2.79281503752991,1.02871761512254,2.55105909722475,3.34170653962999,2.00722214241217,2.56729786420126,3.16673918915399,2.04891010436964,2.91984481019217,2.67819925248307,2.68092422960945,1.20834317242546,1.8507598338273,2.08473973250268,2.77213490455732
2.3252685223854,2.70581202857033,2.52161835499137,1.60213256650664,2.21874847459625,1.22846717814524,2.81318103764091,2.46340814024722,2.33099991297208,1.53895017094079,1.69107163151297,2.2690029430265,2.32899369093818,2.50717565784374,0.504227884254939,2.60138485629986,1.02871761512254,2.55105909722475,2.20659277356702,2.00722214241217,2.56729786420126,3.16673918915399,2.04891010436964,2.47972997160544,2.67819925248307,2.68092422960945,1.20834317242546,1.8507598338273,2.08473973250268,2.77213490455732
2.15587504732125,2.70581202857033,2.5132181818489,1.60213256650664,2.21874847459625,1.22846717814524,2.81318103764091,2.46340814024722,2.33099991297208,1.53895017094079,1.69107163151297,2.2690029430265,2.18026280649526,2.50717565784374,0.504227884254939,2.60138485629986,1.02871761512254,2.27116716141551,2.20659277356702,2.00722214241217,2.56729786420126,3.15956601953712,2.04891010436964,2.47972997160544,2.67819925248307,2.68092422960945,1.20834317242546,1.8507598338273,2.08473973250268,2.33945575317983
2.15587504732125,2.70581202857033,2.5132181818489,1.60213256650664,2.21874847459625,1.22846717814524,1.53736274059397,2.46340814024722,1.89121084902165,1.53895017094079,1.69107163151297,2.25654041118817,2.18026280649526,2.50717565784374,0.504227884254939,2.60138485629986,1.02871761512254,2.27116716141551,2.20659277356702,2.00722214241217,2.56729786420126,2.34270393025813,2.04891010436964,2.47972997160544,2.67819925248307,2.68092422960945,1.20834317242546,1.8507598338273,2.08473973250268,2.33945575317983
