9246.69226105154,11370.8330231593,23595.9956521352,14415.935634301,15013.1663945863,6898.60563492465,17551.8812504728,30377.4498441757,15910.3993539165,8818.71081190711,26267.9423773837,14453.5108461539,2785.51574564757,18821.0411041342,13604.9564103099,6585.53001835625,14325.8854420314,17043.400997325,8632.80187150756,32890.0782707621,36815.2709946455,10768.757582644,7725.77325524675,20989.4270228247,7830.18894805977,28556.6868860635,18220.3153431801,17047.6252215677,42687.8271817264,25289.0386977937
9246.69226105154,11370.8330231593,23595.9956521352,14415.935634301,15013.1663945863,6898.60563492465,17551.8812504728,30377.4498441757,15910.3993539165,8818.71081190711,26267.9423773837,14453.5108461539,2785.51574564757,18821.0411041342,13604.9564103099,6585.53001835625,14325.8854420314,17043.400997325,8632.80187150756,32890.0782707621,36815.2709946455,10768.757582644,7725.77325524675,20989.4270228247,7830.18894805977,28556.6868860635,18220.3153431801,17047.6252215677,42687.8271817264,25289.0386977937
9246.69226105154,11370.8330231593,23595.9956521352,14415.935634301,15013.1663945863,6898.60563492465,17551.8812504728,30377.4498441757,15910.3993539165,8818.71081190711,26267.9423773837,14453.5108461539,2785.51574564757,18821.0411041342,13604.9564103099,6585.53001835625,14325.8854420314,17043.400997325,8632.80187150756,32890.0782707621,36815.2709946455,10768.757582644,7725.77325524675,20989.4270228247,7830.18894805977,28556.6868860635,18220.3153431801,17047.6252215677,42687.8271817264,25289.0386977937
9246.69226105154,11370.8330231593,23595.9956521352,14415.935634301,15013.1663945863,6898.60563492465,17551.8812504728,30377.4498441757,15910.3993539165,8818.71081190711,26267.9423773837,14453.5108461539,2785.51574564757,18821.0411041342,13604.9564103099,6585.53001835625,14325.8854420314,17043.400997325,8632.80187150756,32890.0782707621,36815.2709946455,10768.757582644,7725.77325524675,20989.4270228247,7830.18894805977,28556.6868860635,18220.3153431801,17047.6252215677,42687.8271817264,25289.0386977937
9246.69226105154,6985.37655095867,9354.01806731023,14415.935634301,9920.91825538547,6898.60563492465,17551.8812504728,30377.4498441757,15603.1031282404,8818.71081190711,7743.08896333142,14453.5108461539,2785.51574564757,17339.7570222573,13604.9564103099,4707.24681633817,14325.8854420314,17043.400997325,8632.80187150756,32565.8781805506,36815.2709946455,10768.757582644,7725.77325524675,20989.4270228247,7830.18894805977,28556.6868860635,18220.3153431801,17047.6252215677,42687.8271817264,25289.0386977937
3357.10162427575,2845.02869397046,7003.31527834638,3127.62045136148,2698.62995198222,2729.44017978474,2285.44893872821,4951.65603392182,3277.10761274785,2604.02734003939,7369.01262718759,5440.50243918318,1064.15235788236,5715.71764684568,4251.62198903204,1569.15883333437,2116.11164588334,5162.12546699412,3728.399554857,9947.8397073974,36815.2709946455,4722.77121774023,1184.10296961109,2240.99273938037,7738.61482895815,4474.97930248181,6074.88346086225,5447.98319400014,7807.08639920744,25289.0386977937
1465.35496781246,521.995887686875,4085.26105343978,1067.12773313246,972.600868153326,950.090483554656,1899.52454235446,3019.76052738148,1437.12827116029,635.438169711625,3374.85006069544,1984.30296178523,440.400132234563,3066.14140704956,1850.2147781661,833.578825654034,2116.11164588334,2591.60261521373,1255.12337511552,2920.74079205617,2530.14749699478,2424.26954405057,709.428496926391,1742.82239211697,2298.35346024182,1489.98787205665,2765.67585211727,2362.76544411005,3624.01569587229,3311.09618216342
268.437620339791,294.070795325713,994.564415925651,277.144833316904,333.206326446412,246.41104120659,616.424729360394,525.513169640376,385.969434134257,229.048503130726,328.069571492733,261.038540961886,206.859133777236,518.741195268757,376.558929507136,352.399394432109,602.587483749632,444.871032965839,391.52805819079,693.695204321114,917.755232112561,355.155808194499,282.754200627634,437.322122108885,608.678834960976,275.255181451211,506.771282018686,363.286090579816,885.907604855682,1995.3641721889
163.866249412042,136.674653850278,278.591544404542,135.351978927248,168.879541107391,119.87169268066,207.024446667812,158.680417393532,188.2963641521,115.80830724653,130.465779476688,130.502434386796,105.165070952873,211.515050928293,173.133074199305,150.457496925511,148.752864189383,138.901440938344,181.945696698528,306.549225304334,239.397364279926,137.336287089681,142.319139707574,192.964626219961,140.51525164109,126.326929060353,115.288828767966,125.206199254659,185.341832490471,259.086230417554
94.4595182382322,96.5252215762325,108.198908208709,80.1245957502629,91.330546509339,96.5252338691421,101.410683913414,95.930557318472,90.7294547875176,96.593502171931,91.5774616915755,86.1156498148935,87.7556565596278,95.7743972100061,95.964363515116,82.6615307734583,100.30078825108,82.1118294425733,118.211704271766,116.700830299656,138.499311838044,91.8672529287669,85.9111564699647,116.059228780622,107.55318565745,99.2372146570738,88.7721085213489,86.4434515222665,132.575131936293,117.029041864774
83.3724509498202,82.8683548312438,82.6861973708596,68.5356330395589,76.4286895285459,85.7849940845817,90.1111662422395,83.9858350863983,85.3592202453806,90.2150387568154,85.1662563339582,67.082117155755,79.0923655102206,76.448729516158,80.9515859920416,66.4065904024465,90.1894227741159,77.10338188388,110.441657824346,81.2015021649718,119.027351576939,83.4284710490333,78.0096291473442,105.597696600096,86.8897270794519,96.475829279359,81.1471004359919,78.2164823235266,102.931622618652,109.00732803471
65.4745110216827,79.6578715224782,78.1168687203599,65.1063105564917,68.5526354806138,82.0510734070058,86.8714180002053,82.3600041603759,83.1686482690252,86.4826558430532,84.4954343913414,64.5780342851581,75.7587633836683,73.8518578968333,64.1368761252584,62.9708761169281,82.376788918541,65.7633250595622,98.0477889226431,75.1636026072078,116.36944090484,82.0636036213068,68.2469958642205,104.003868007999,77.7281158943233,92.6364939636173,78.3678662569141,77.0055998151979,91.6582792106565,107.935198692529
62.4320333186238,79.6568793523729,75.8056672992134,62.4347708248733,68.4648309437493,82.0490278442844,86.8703378094979,77.0416394804129,83.168551768686,86.4570210340794,77.8934016013641,64.5778446087229,75.7048116626966,73.8513935694295,63.8933844094049,62.9156011805685,82.3501057757226,64.8689624366953,96.8597688020723,63.1799641793532,116.368820644944,78.8595007147187,62.7976636798448,104.003843362527,77.1579387399897,85.4123405150876,75.5421078906775,73.9461180102371,91.1814354926109,107.93518625141
62.3891361091578,63.0601336782133,65.3616609795972,62.4347090137344,68.4648309436247,63.2009052110407,62.3905753462059,62.8309110571017,62.3839214408472,80.9862452382331,62.4753241306075,64.5778446087229,75.7048116529909,73.8513935694268,63.1341507828074,62.915601180559,62.7764975088189,62.4494672270616,62.502863332742,63.0934567045188,82.9811827242111,66.2085219638775,62.7791064781395,62.3737864873237,73.3939230439678,64.4191264528272,62.535172911259,73.93471520605,75.2329329097051,107.93518625141
62.3891361091578,62.3677054331988,62.3804602604941,62.3485310619899,65.0183788847089,62.4013372522581,62.3905753446211,62.4467610562247,62.3837339927245,62.434738820994,62.4739541811882,62.4201195073515,62.4315776652911,62.3863969796548,62.3735349311173,62.4957203525823,62.4851305826105,62.4494664873823,62.4685693310994,62.4099347176621,62.6371094736237,62.3838874861294,62.378842188969,62.3566575863324,62.4186357765429,62.3796236283665,62.5152933813692,64.6372972023159,64.2989638230483,63.0155081219932
62.3650577681674,62.3468874478331,62.3582667568821,62.3468874478331,62.3716166680047,62.3416406854203,62.3723598513589,62.3611050730537,62.341871454933,62.346887447834,62.3540473753196,62.3537167073591,62.3468874478335,62.3715890999911,62.3735349311169,62.3454588048035,62.3683478700727,62.3540473753196,62.3540473753196,62.3611050730537,62.3716166680042,62.3816852821237,62.3418714549325,62.3566575863324,62.3431809349968,62.3431809349972,62.3874367765102,62.3550867094864,62.3468874478331,62.3550867094859
