3206.58681028853,3442.57236500756,2709.23252656769,3127.64583739775,2703.98576315684,2995.12437737937,3130.2918717234,2043.51490155493,2804.98554270821,2666.50739520649,2641.89597001654,3137.14240707661,2675.75521759975,2610.99494728444,2022.07405449515,2545.38584429806,3430.08278371357,3101.7432719356,2652.72240243197,2700.08988050239,2597.59593233257,2793.97574948346,2783.13691104825,2308.42303516565,2298.36599395832,3264.24661139038,2807.27194419828,3360.3831843837,2468.14047535655,2868.10203588099
2854.88311283783,2829.97549686191,1501.08503967552,2923.77976742533,2442.24020347644,2281.28319122019,2778.10795922892,2043.51490155493,2306.81196886919,2439.82741107336,2363.16785367215,3026.52284681782,2508.1379624845,2610.99494728444,2022.07405449515,2185.02230675822,2810.17127415521,3094.17368233445,2652.72240243197,2700.08988050239,2233.08501939001,2442.75210822558,2605.41102008015,2308.42303516565,2260.04112603026,2540.03857699955,2342.65089759748,2554.22328706127,2312.40818212098,2713.26105756708
2648.51327924782,2750.02386922955,1501.08503967552,2923.77976742533,2442.24020347644,2281.28319122019,2778.10795922892,2043.51490155493,2306.81196886919,1671.09323167057,2363.16785367215,2774.0070754234,2508.1379624845,2154.21310720298,2022.07405449515,2185.02230675822,2810.17127415521,2854.19091398628,2652.72240243197,2595.64283338261,2233.08501939001,2442.75210822558,2605.41102008015,2308.42303516565,2260.04112603026,2540.03857699955,2342.65089759748,2554.22328706127,2312.40818212098,2528.68400851478
2342.41392027884,2250.60802240822,1501.08503967552,2402.81667193541,2442.24020347644,2265.92871092864,2778.10795922892,2043.51490155493,2166.50672399791,1671.09323167057,2363.16785367215,2340.51836864585,2508.1379624845,1965.11676676714,2022.07405449515,1930.66412487607,2174.92444139342,2712.1465255371,2061.18438699116,2338.49417943437,2016.30532898402,1953.89942788675,2605.41102008015,2308.42303516565,2260.04112603026,2240.05966072434,2342.65089759748,2554.22328706127,2312.40818212098,2005.1985144994
1781.21680074678,2232.33211712398,1501.08503967552,2171.73308378993,2442.24020347644,2265.92871092864,2213.67799717032,1815.34753039157,2166.50672399791,1671.09323167057,2363.16785367215,1554.69985918052,2311.26220368019,1965.11676676714,2022.07405449515,1930.66412487607,1907.92925900481,2272.35130923021,2061.18438699116,2255.28208381695,1985.33756300333,1953.89942788675,2446.33813194423,2308.42303516565,2229.78586467018,2240.05966072434,1867.41236533739,2165.59671972294,2312.40818212098,2005.1985144994
1781.21680074678,2232.33211712398,1501.08503967552,2171.73308378993,2263.4487630538,2265.92871092864,2213.67799717032,1815.34753039157,2166.50672399791,1671.09323167057,2290.10965912278,1554.69985918052,2234.54034167921,1965.11676676714,2022.07405449515,1930.66412487607,1907.92925900481,1949.46868023565,2061.18438699116,2035.16044219929,1985.33756300333,1936.7801380168,2087.54004755432,2308.42303516565,1804.18437953471,1977.65786863342,1867.41236533739,2147.21270406263,2210.31727889497,1611.45731753447
1781.21680074678,2232.33211712398,1501.08503967552,1828.59389667204,1872.62871530326,1432.5535306939,2213.67799717032,1815.34753039157,2081.15188069492,1671.09323167057,1744.94310834306,1554.69985918052,2105.27453316469,1965.11676676714,2022.07405449515,1930.66412487607,1907.92925900481,1949.46868023565,1801.88288599631,2035.16044219929,1985.33756300333,1936.7801380168,2087.54004755432,2308.42303516565,1804.18437953471,1977.65786863342,1867.41236533739,1978.68388662718,2050.94885411492,1611.45731753447
1781.21680074678,1928.99594229816,1501.08503967552,1445.42988731125,1872.62871530326,1432.5535306939,2158.90575934874,1590.24400481497,1928.01445342257,1671.09323167057,1744.94310834306,1554.69985918052,2105.27453316469,1965.11676676714,1976.14966843293,1812.74560091313,1907.92925900481,1949.46868023565,1801.88288599631,2035.16044219929,1985.33756300333,1834.638317853,2087.54004755432,2146.36551379911,1804.18437953471,1977.65786863342,1867.41236533739,1344.41968003644,2050.94885411492,1611.45731753447
1781.21680074678,1928.99594229816,1501.08503967552,1445.42988731125,1771.95042855964,1168.59895492561,1809.75317041235,1590.24400481497,1917.50491978953,1671.09323167057,1744.94310834306,1554.69985918052,2105.27453316469,1965.11676676714,1911.19587269014,1457.90885508169,1907.92925900481,1949.46868023565,1186.08896031761,2035.16044219929,1985.33756300333,1834.638317853,1747.90333674147,1972.77456321991,1804.18437953471,1977.65786863342,1867.41236533739,1344.41968003644,2047.44420869993,1611.45731753447
1549.0687593059,1683.10666095378,1501.08503967552,1445.42988731125,1638.74167189614,1168.59895492561,1809.75317041235,1590.24400481497,1745.05720045963,1671.09323167057,1577.48680586685,1554.69985918052,1947.18229160868,1930.6911602941,1827.51987424082,1457.90885508169,1883.27555418651,1765.29273394345,1186.08896031761,1752.05120107687,1681.23133616457,1764.63995820938,1560.08423076387,1972.77456321991,1804.18437953471,1897.93490379258,1721.12596987961,1344.41968003644,2047.44420869993,1611.45731753447
1549.0687593059,1683.10666095378,1501.08503967552,1279.8653544968,1638.74167189614,1168.59895492561,1453.03161726921,1590.24400481497,1745.05720045963,1581.9452381894,1577.48680586685,1554.69985918052,1814.92316719952,1679.87621236035,1690.40036748142,1457.90885508169,1855.28350337151,1765.29273394345,1186.08896031761,1440.50086377512,1681.23133616457,1613.51545793816,1560.08423076387,1575.08793170653,1804.18437953471,1633.81509478363,1721.12596987961,1344.41968003644,2047.44420869993,1611.45731753447
1549.0687593059,1238.47629873037,1501.08503967552,1279.8653544968,1638.74167189614,1168.59895492561,1453.03161726921,1590.24400481497,1745.05720045963,1396.26458101676,1577.48680586685,1554.69985918052,1737.18523809268,1453.79664530717,1690.40036748142,1457.90885508169,1625.06540187688,1765.29273394345,1186.08896031761,1208.12678628179,1604.24671819864,1558.32345335302,1560.08423076387,1125.88868312662,1669.44660328681,1199.46973465331,1721.12596987961,1344.41968003644,1674.70963188254,1611.45731753447
1507.19287341412,1238.47629873037,1477.5887981831,1279.8653544968,1638.74167189614,1168.59895492561,1453.03161726921,1590.24400481497,1745.05720045963,1396.26458101676,1406.72363315716,1551.54687610736,1486.99713746628,1453.79664530717,1690.40036748142,1313.62824028494,1625.06540187688,1574.54316198579,1186.08896031761,1208.12678628179,1604.24671819864,1513.57457311882,1217.47278222302,1125.88868312662,1669.44660328681,1199.46973465331,1450.81713809524,1344.41968003644,1441.81550464829,1611.45731753447
1448.30058630028,1238.47629873037,1477.5887981831,1279.8653544968,1130.36496900472,1168.59895492561,1453.03161726921,1290.21011192788,1524.28782648478,1341.25445716796,1406.72363315716,1551.54687610736,774.645779708261,1121.3931578944,1450.47949761609,1313.62824028494,1625.06540187688,1104.69696690382,1186.08896031761,1208.12678628179,1588.87001885631,1235.60764426123,1217.47278222302,1125.88868312662,1189.17080858793,1108.54067905739,1450.81713809524,991.792398306001,1441.81550464829,1538.78553299173
1063.61730186384,663.143170343875,948.615144374804,906.573840133927,972.890493599798,776.507319069378,1332.70652182253,1027.19870494309,1156.61820138024,1018.74501454885,1065.73911802952,812.556048872436,774.645779708261,1121.3931578944,868.74950440027,945.223302626584,573.859059817539,1104.69696690382,780.776318352586,730.98939703445,1052.43790300138,792.284584853486,1172.89259553533,1125.88868312662,969.369044021711,1108.54067905739,1360.36555354632,658.10610608492,759.621493425909,964.064749205565
498.780163559358,497.806193139793,359.631484601443,521.384210473216,457.299148107612,487.497756762952,502.488050476652,597.305167004671,266.329339931215,626.722311656331,450.619838816929,592.872924088817,620.280218406479,474.453188654693,696.129955421441,417.023953387647,573.859059817539,329.213318441962,0.249817764162799,312.126492601917,478.797057750825,0.437181087271711,530.581187147388,0.374726646232375,613.612622788391,662.275046482956,348.338705156576,516.118705128446,675.131067104008,625.188868228883
