4657.12555316638,3599.98072954563,3342.91864554679,4715.1928532962,4641.37783255647,4145.22128315835,4452.58633563831,3162.08813049886,3480.10716599888,3628.57249684581,4604.68391393212,3382.43511097268,4167.90248531995,4866.49885106038,2689.92818271723,4562.69190535414,4416.20421885388,4966.38805909182,4671.09830928309,2864.58681525315,3868.12029848617,2003.63825337897,3269.5164557815,4652.67576447214,4266.7095507348,4486.44458369288,2534.03990793836,3978.73513547408,5120.45268148366,4602.98948868685
4420.39841310781,3599.98072954563,2218.71502710169,3245.50673241978,4377.84912870876,3304.69830582622,2854.85271831009,3162.08813049886,3480.10716599888,3489.34572337392,4435.49761563647,3128.45712668322,3853.92211530868,4685.18330705429,2689.92818271723,3965.07609909149,4416.20421885388,4047.96224459638,2482.43879896596,2602.01491924191,3868.12029848617,217.53079621709,3269.5164557815,4245.10973978931,3401.88999941335,4090.41594863221,2534.03990793836,3703.51805008125,4077.98737143088,4177.93536290412
2857.13369402203,3599.98072954563,2218.71502710169,2997.77286700186,4377.84912870876,3097.08235303493,2185.56677589404,3011.03386674232,2344.37977471366,3489.34572337392,3814.74155490888,3128.45712668322,3853.92211530868,3957.87155059105,2689.92818271723,3965.07609909149,3904.58848731326,4047.96224459638,2482.43879896596,2602.01491924191,3775.33364846865,217.514410884715,3269.5164557815,4245.10973978931,3401.88999941335,4090.41594863221,2534.03990793836,3703.51805008125,3276.37681283739,3984.53932802128
2857.13369402203,3080.53065748042,2218.71502710169,2997.77286700186,3841.44013295175,3097.08235303493,2185.56677589404,2611.67460636229,2344.37977471366,3489.34572337392,3300.78794926061,1881.90420520051,3520.24189242004,3219.44983278595,2689.92818271723,3851.73890788583,2709.28333904151,3282.07570351335,2482.43879896596,2602.01491924191,3653.89467058506,217.514410884639,3269.5164557815,3636.79243573064,2728.96886350794,3887.51594853908,2534.03990793836,3220.06946737063,3276.37681283739,2952.01868890088
2519.9857033416,2333.45875015964,2218.71502710169,2689.76352149016,2712.68685598299,2446.84224931321,2185.56677589404,2094.27576462701,2344.37977471366,2712.33476135893,2709.46236634052,1881.90420520051,3353.57019145242,3102.21578631497,2459.96627005494,219.598115095809,2709.28333904151,3282.07570351335,2482.43879896596,2602.01491924191,2291.67244252334,217.514410884639,2732.66131117295,3636.79243573064,2564.9358883077,3357.9268807505,2413.51125474985,3220.06946737063,3246.57018428891,2846.51636097849
217.35826859545,2333.45875015964,2218.71502710169,2234.8781776445,2712.68685598299,434.685308733053,0.312284578389153,0.343513036232252,1867.16961822992,2420.75070153526,2615.92623626707,1881.90420520051,2744.08967094707,2074.67894899254,2459.96627005494,219.598114742582,2709.28333904151,2346.74021232692,2482.43879896596,2602.01491924191,2291.67244252334,217.514410884639,2582.35190372853,0.312284578389153,1586.65429348968,2049.80007843919,2413.51125474985,2679.04229514266,2024.80295452076,2846.51636097849
217.35826859545,2333.45875015964,2218.71502710169,2234.8781776445,2712.68685598299,434.685308733053,0.312284578389153,0.343513036232252,1867.16961822992,2231.75896809175,2613.88466516274,1.92614720289384,2744.08967094707,2074.67894899254,2459.96627005494,219.598114742582,217.953023660242,217.327040137606,2482.43879896596,2391.93501959872,2291.67244252334,217.514410884639,2567.68369496455,0.312284578389153,1586.65429348968,2049.80007843919,2413.51125474985,2679.04229514266,0.24982766271205,2846.51636097849
217.35826859545,2333.45875015964,2218.71502710169,2055.2213779851,2712.68685598299,434.685308733053,0.312284578389153,0.343513036232252,1867.16961822992,2231.75896809175,2613.88466516274,1.92614720289384,2744.08967094707,731.136949893657,2459.96627005494,219.598114742582,217.953023660242,0.281056120549692,2161.74145359583,2391.93501959872,2231.7415362957,217.514410884639,2076.3959477608,0.312284578389153,1586.65429348968,2049.80007843919,2413.51125474985,2138.64666628033,0.24982766271205,2314.80727126896
217.35826859545,2333.45875015964,2211.38681302548,1963.61796490078,2331.79845917924,434.685308733053,0.312284578389153,0.343513036232252,1867.16961822992,2231.75896809175,2030.5473020704,1.92614720289384,0.437198409745179,731.136949893657,2231.97938401141,219.598114742582,217.953023660242,0.281056120549692,2134.56861986052,2346.00205680663,2110.10453667378,217.514410884639,2076.3959477608,0.312284578389153,1586.65429348968,2049.80007843919,0.374741494068076,2138.64666628033,0.24982766271205,2197.68659353595
217.35826859545,2333.45875015964,2211.38681302548,1963.61796490078,2331.79845917924,434.685308733053,0.250112401181468,0.343513036232252,1867.16961822992,1981.62042150786,2030.5473020704,1.92614720289384,0.31228457839461,731.136949893657,1795.90647069505,0.343513036226796,217.953023660242,0.281056120549692,634.200476264453,2170.90548450009,2110.10453667378,217.514410884639,1880.83419443271,0.312284578389153,0.374741494068076,2049.80007843919,0.374741494068076,0.312284578410981,0.24982766271205,1854.16516245371
0.343513036226796,0.21859920487077,2122.29205438013,1963.61796490078,0.218599204976272,434.685308733053,0.249827662710231,0.343513036232252,1195.55652802757,1981.62042150786,217.987101169299,0.405969951905718,0.31228457839461,0.312284578387334,1795.90647069505,0.343513036226796,0.343513036228615,0.281056120549692,634.200476264453,1960.10517656297,2110.10453667378,217.514410884639,1875.37947407082,0.312284578389153,0.374741494068076,2049.80007843919,0.374741494068076,0.312284578389153,0.24982766271205,1854.16516245371
0.343513036226796,0.21859920487077,0.374741494066257,0.281056120549692,0.218599204872589,434.685308733053,0.249827662710231,0.343513036232252,1195.55652802757,1956.55752442869,217.859338286725,0.405969951905718,0.31228457839461,0.312284578387334,1795.90647069505,0.343513036226796,0.343513036228615,0.281056120549692,0.281056120549692,0.406025086118461,217.420725511122,217.514410884639,1830.0554657013,0.312284578389153,0.374741494068076,1605.60026293524,0.374741494068076,0.312284578389153,0.24982766271205,1854.16516245371
0.343513036226796,0.21859920487077,0.374741494066257,0.281056120549692,0.218599204872589,434.685308733053,0.249827662710231,0.343513036232252,1195.55652802757,1952.24634295347,217.859338286725,0.405969951905718,0.31228457839461,0.312284578387334,1795.90647069505,0.343513036226796,0.343513036228615,0.281056120549692,0.281056120549692,0.405969951905718,217.420725511122,217.514410884639,1830.0554657013,0.312284578389153,0.374741494068076,0.374741494164482,0.374741494068076,0.312284578389153,0.24982766271205,0.468426867588278
0.343513036226796,0.21859920487077,0.343513036226796,0.281056120549692,0.218599204872589,434.685308733053,0.249827662710231,0.343513036232252,1195.55652802757,1952.24634295347,217.859338286725,0.405969951905718,0.31228457839461,0.312284578387334,1680.80390527821,0.343513036226796,0.343513036228615,0.281056120549692,0.281056120549692,0.405969951905718,217.420725511122,217.514410884639,0.218599204876227,0.312284578389153,0.374741494068076,0.156142289193667,0.374741494068076,0.312284578389153,0.24982766271205,0.468426867588278
