175.190388922579,157.799380582208,152.297982002874,172.89177425434,131.964012762511,137.13892770761,150.942310985322,145.120732424097,150.734380947007,175.067660175018,151.864390819128,159.927615009932,151.588989146372,124.466653939286,148.775086967182,163.913859470196,158.847804355324,135.3958429212,136.926399922731,148.355205684484,178.652950112052,377.126948161232,127.706937055027,128.91834114953,166.241052950492,118.335577282494,127.966901900393,174.862945486238,132.059752205508,161.121241841568
154.350633868347,148.721833915131,127.823026845451,148.164220617186,131.964012762511,130.969701230897,143.367862061619,143.305531549568,115.554214800427,147.385339832127,151.864390819128,159.927615009932,134.593790630341,124.466653939286,144.697220180865,151.641540956501,139.13659198455,135.3958429212,136.926399922731,148.355205684484,160.025600351273,166.709472876281,127.706937055027,128.91834114953,158.091296036435,118.335577282494,127.966901900393,174.862945486238,132.059752205508,139.08754166571
143.618765728673,148.721833915131,127.823026845451,148.164220617186,131.964012762511,130.969701230897,143.367862061619,132.692514413287,115.554214800427,147.385339832127,151.864390819128,158.104137064543,120.040453384813,124.466653939286,132.795969651862,119.422535651776,129.47957268715,135.3958429212,136.926399922731,148.355205684484,152.602226213911,166.709472876281,126.139837542034,128.91834114953,124.086369297085,115.113083754513,127.966901900393,162.896199736501,132.059752205508,139.08754166571
131.359654317207,145.899939319569,127.823026845451,146.733599141035,123.897105089082,129.044677214478,118.279373917293,121.096648555872,115.554214800427,147.385339832127,151.864390819128,152.043287537264,120.040453384813,124.466653939286,130.661951167482,119.422535651776,121.437281819555,132.891500681296,125.492673491317,148.355205684484,152.602226213911,141.518133478187,119.823423798601,128.91834114953,120.561686720678,115.113083754513,127.966901900393,117.799177027135,127.572488042583,136.492298568831
131.359654317207,137.620136364177,127.823026845451,146.733599141035,123.897105089082,93.0598726819984,118.279373917293,121.096648555872,115.554214800427,147.385339832127,150.150258046673,137.529583927423,96.6387934826247,124.466653939286,125.733605990278,113.660149097606,104.324001945819,119.389776496789,110.235857374144,141.069765592974,144.158119455222,135.45800791736,119.823423798601,128.91834114953,120.561686720678,115.113083754513,112.982007788942,117.799177027135,124.601205565642,136.492298568831
131.359654317207,137.620136364177,127.823026845451,128.248260884551,104.328171848867,93.0598726819984,118.279373917293,92.3654065504329,115.554214800427,144.630615793827,139.610816947253,137.529583927423,96.6387934826247,124.466653939286,107.626478181575,109.55717785526,94.6270466132992,90.6109536802288,110.235857374144,136.77623072167,123.782601505617,134.131419531368,119.823423798601,128.91834114953,120.561686720678,88.451864033196,93.2162220589181,117.799177027135,123.38929090337,117.885194883897
131.359654317207,137.620136364177,127.823026845451,128.248260884551,81.5655792841975,93.0598726819984,111.710925932816,92.3654065504329,115.554214800427,126.506419661946,139.610816947253,134.958904656023,96.6387934826247,124.466653939286,107.626478181575,109.55717785526,94.6270466132992,90.6109536802288,110.235857374144,131.735280164273,123.782601505617,7.9596724618849,107.991544899166,128.91834114953,111.796514918045,88.451864033196,93.2162220589181,117.799177027135,113.970361229728,117.885194883897
131.359654317207,126.179119789987,127.823026845451,128.248260884551,81.5655792841975,93.0598726819984,109.942746363916,92.3654065504329,113.949564450491,126.506419661946,137.590242871212,119.602850581568,96.6387934826247,124.466653939286,94.8184073057914,109.55717785526,94.6270466132992,90.6109536802288,110.235857374144,131.735280164273,123.782601505617,7.95967245674673,107.991544899166,128.91834114953,111.796514918045,88.451864033196,93.2162220589181,117.799177027135,113.970361229728,117.885194883897
131.359654317207,126.179119789987,127.823026845451,120.352271431928,81.5655792841975,93.0598726819984,109.942746363916,92.3654065504329,98.0200827736369,126.506419661946,137.590242871212,119.602850581568,96.6387934826247,124.466653939286,94.8184073057914,109.55717785526,94.6270466132992,90.6109536802288,109.483404508843,120.149506913304,123.782601505617,1.98991811418675,107.991544899166,128.91834114953,9.94961746479433,88.451864033196,93.2162220589181,117.799177027135,113.970361229728,117.885194883897
122.374663874261,126.179119789987,127.823026845451,120.352271431928,81.5655792841975,93.0598726819984,54.5931205553356,92.3654065504329,98.0200827736369,126.506419661946,137.590242871212,119.602850581568,96.6387934826247,124.466653939286,94.8184073057914,109.55717785526,94.6270466132992,90.6109536802288,97.6397875578081,120.149506913304,123.782601505617,1.98991811418675,107.991544899166,128.91834114953,9.94959057093312,88.451864033196,93.2162220589181,117.799177027135,113.970361229728,117.885194883897
122.374663874261,126.179119789987,127.823026845451,116.755929841021,81.5655792841975,93.0598726819984,4.97479528546678,92.3654065504329,98.0200827736369,126.506419661946,132.285634667782,119.602850581568,96.6387934826247,122.301301949635,94.8184073057914,109.55717785526,94.6270466132992,5.96975434459475,97.6397875578081,120.149506913304,123.782601505617,1.98991811418675,107.991544899166,128.91834114953,9.94959057093312,88.451864033196,93.2162220589181,117.799177027135,113.970361229728,117.885194883897
122.374663874261,126.179119789987,120.357046291685,116.755929841021,81.5655792841975,8.95463151385034,3.97983622838087,4.97479528546676,98.0200827736369,126.506419661946,24.4788618971838,119.602850581568,96.6387934826247,122.301301949635,94.8184073057914,109.55717785526,94.6270466132992,5.96975434256072,97.6397875578081,112.267488992703,119.480153929354,1.98991811418675,107.991544899166,122.532760293798,9.94959057093312,88.451864033196,93.2162220589181,117.799177027135,113.970361229728,117.885194883897
22.6363788101856,2.98487717127999,20.775888578383,1.78616478825715e-13,1.98991811418992,0.994959057095715,3.97983622838087,4.97479528546676,3.97983622837338,6.73651204609727,0.994959057094132,4.97479528547119,0.994959057095111,104.553287599216,1.98991811418694,1.98991811419478,7.95967245674746,1.98991811427378,3.97983622837334,1.98991811418967,24.4788618971747,1.98991811418675,4.97479528546671,1.2088676417432,7.164749006634e-14,4.9747952854666,1.98991811418684,23.8647008681774,4.97479528546964,0.994959057093487
1.42850386427937e-13,1.78620574315824e-13,1.78528966299642e-13,1.07355479185506e-13,1.98991811418674,1.07290371923009e-13,1.07343578284241e-13,2.14178657626886e-13,1.42832979083976e-13,7.15169820213428e-14,2.14288221812735e-13,1.78619005643265e-13,1.07242179461682e-13,1.42874631821248e-13,1.07176801146586e-13,1.98991811419478,1.78575967974012e-13,1.78703550278378e-13,1.07399585901738e-13,1.07305430399557e-13,0.994959057093365,7.15552082314719e-14,7.16527515427412e-14,0.994959057093442,7.164749006634e-14,1.0730369672599e-13,7.15791293917867e-14,1.07121849404434e-13,2.49979528340667e-13,0.994959057093456
