522.451370886677,878.397523969731,566.879355483675,786.720270566972,865.074625399138,990.314514198862,690.899139974644,1270.19899644629,1193.89191126147,636.751762403123,933.282589283849,857.940191331274,631.476274657324,951.908736764094,1095.97519276381,453.874751341258,727.541602834443,1248.65917608369,438.897959666355,950.527014684802,766.957627929102,742.137760305347,393.644076001518,812.105274896355,617.303536624525,1037.72165905851,643.168450020666,843.946006292092,1026.43509675062,1285.59329373782
522.451370886677,878.397523969731,566.879355483675,786.720270566972,314.557020455347,990.314514198862,690.899139974644,797.522477042433,895.212332389797,636.751762403123,933.282589283849,840.930537667695,631.476274657324,951.908736764094,1084.32789250305,453.874751341258,407.976778252975,506.763837953573,438.897959666355,674.879587548145,766.957627929102,609.520979531176,393.644076001518,812.105274896355,617.303536624525,1037.72165905851,643.168450020666,843.946006292092,930.314738194669,674.043952551956
522.451370886677,648.554765439147,566.879355483675,661.896726315099,314.557020455347,330.274235119217,518.967111708186,706.478475265798,247.694301908028,636.751762403123,839.103716209631,840.930537667695,463.311581568752,313.751094588379,670.284791105273,453.874751341258,255.904488952712,506.763837953573,438.897959666355,441.670417807472,711.877897529357,482.502246747591,393.644076001518,805.227708474232,579.376787881977,510.231516926321,643.168450020666,570.959694358296,332.744598052692,634.019490208252
402.793740156622,425.061886226372,288.659074888175,661.896726315099,314.557020455347,330.274235119217,518.967111708186,209.938715910652,247.694301908028,386.059755743702,381.645027486665,419.479560842604,463.311581568752,313.751094588379,530.458683052857,453.874751341258,255.904488952712,506.763837953573,438.897959666355,429.476513895975,311.215490167191,482.502246747591,393.644076001518,737.730226346404,579.376787881977,287.488858220735,527.252748926649,570.959694358296,332.744598052692,634.019490208252
266.910884193562,425.061886226372,224.688746653106,661.896726315099,270.20161565332,330.274235119217,329.208644586383,209.938715910652,167.265247782956,386.059755743702,283.218917746623,419.479560842604,394.10447726887,313.751094588379,530.458683052857,453.874751341258,255.904488952712,332.709345122654,386.854106091838,429.476513895975,311.215490167191,367.210041916991,393.644076001518,629.886098755587,481.996540415261,287.488858220735,527.252748926649,443.520956773449,332.744598052692,634.019490208252
159.261286712422,425.061886226372,153.033814612402,334.153856351982,160.825448257532,330.274235119217,329.208644586383,189.270623788681,167.265247782956,375.251891273056,283.218917746623,397.123025151746,193.788988770919,264.848442567553,459.118215699345,453.874751341258,201.081229992011,332.709345122654,55.2465030402334,306.367242342205,311.215490167191,338.550653937447,393.644076001518,405.903247203798,463.915939460483,230.805230046114,209.431527969062,207.384993240202,154.334184979112,553.727060605155
159.261286712422,156.670411767676,153.033814612402,334.153856351982,160.825448257532,330.274235119217,80.5925744222196,130.263864801856,167.265247782956,362.637904119174,283.218917746623,319.800336945716,193.788988770919,153.430334911044,300.866104094423,224.342197512976,201.081229992011,155.016974667432,55.2465030402334,306.367242342205,307.147035235601,338.550653937447,304.578563784838,297.919785126692,336.650271332733,230.805230046114,209.431527969062,207.384993240202,152.467112626243,553.727060605155
141.014453987568,156.670411767676,153.033814612402,148.868917284651,64.0432056491811,330.274235119217,80.5925744222196,130.263864801856,167.265247782956,263.84071035453,283.218917746623,257.111224073391,193.788988770919,153.430334911044,300.866104094423,224.342197512976,119.479924059545,155.016974667432,55.2465030402334,306.367242342205,216.961590786644,152.529466399256,149.311573864283,297.919785126692,297.876611254832,178.882548933555,209.431527969062,207.384993240202,152.467112626243,490.818250906908
106.264383453702,156.670411767676,153.033814612402,148.868917284651,64.0432056491811,206.750772300719,80.5925744222196,130.263864801856,167.265247782956,263.84071035453,156.224389636539,257.111224073391,58.9546898342994,153.430334911044,84.0307122244845,133.147518417456,119.479924059545,76.6962093268656,55.2465030402334,306.367242342205,216.961590786644,152.529466399256,149.311573864283,240.935243196489,158.82523537738,178.882548933555,209.431527969062,33.5549806566741,152.467112626243,263.537274357329
106.264383453702,53.2217806932708,133.580220409469,90.7789341788311,64.0432056491811,193.50995078213,80.5925744222196,130.263864801856,167.265247782956,87.5443753249826,146.521527133769,209.625335491984,58.9546898342994,153.430334911044,75.370317916628,75.1844915340307,119.479924059545,76.6962093268656,55.2465030402334,84.2081793629684,95.7710647714357,152.529466399256,55.8368721151824,161.186579851842,158.82523537738,178.882548933555,209.431527969062,33.5549806566741,107.749648017627,173.88644557897
106.264383453702,53.2217806932708,132.354964529796,90.7789341788311,64.0432056491811,142.231079686562,80.5925744222196,59.0987078474267,167.265247782956,87.5443753249826,124.843243638125,208.45518431949,58.9546898342994,106.986530978548,75.370317916628,75.1844915340307,62.3207095469893,55.0210815863573,55.2465030402334,84.2081793629684,95.7710647714357,112.549434963809,55.8368721151824,161.186579851842,93.7982091473472,177.181195829831,76.3419599603237,33.5549806566741,107.749648017627,173.197129638086
106.264383453702,53.2217806932708,28.8492272753501,90.7789341788311,64.0432056491811,142.231079686562,80.5925744222196,59.0987078474267,118.971098675991,75.8226722707871,124.843243638125,208.45518431949,58.3011186513043,85.2561406257012,75.370317916628,70.8085719016402,62.3207095469893,55.0210815863573,55.2465030402334,54.4074120969815,95.7710647714357,112.549434963809,55.8368721151824,89.3007825454133,87.0143912083109,177.181195829831,76.3419599603237,33.5549806566741,53.3777162678091,173.197129638086
106.264383453702,53.2217806932708,28.8492272753501,90.7789341788311,64.0432056491811,80.3711405684139,80.5925744222196,59.0987078474267,118.971098675991,44.7866628518395,71.0029505569257,58.6355390128552,58.3011186513043,85.2561406257012,75.370317916628,70.8085719016402,62.3207095469893,55.0210815863573,55.2465030402334,54.4074120969815,94.3772128125433,112.549434963809,55.8368721151824,89.3007825454133,79.1604950943313,97.0233643154669,76.3419599603237,33.5549806566741,53.3777162678091,111.668143727492
106.264383453702,53.2217806932708,28.8492272753501,90.7789341788311,64.0432056491811,80.3711405684139,80.5925744222196,59.0987078474267,106.283976651699,44.7866628518395,71.0029505569257,58.6355390128552,58.3011186513043,41.2398231097915,75.370317916628,66.0458426576911,62.3207095469893,55.0210815863573,55.2465030402334,54.4074120969815,94.3772128125433,112.549434963809,55.8368721151824,89.3007825454133,79.1604950943313,80.5417642672727,41.309046938575,33.5549806566741,53.3777162678091,111.668143727492
40.5044727409949,23.7583071199461,28.8492272753501,24.4059807620047,59.8953533897703,40.2927508622656,52.4173449178385,51.583567477316,67.2800342413809,44.7866628518395,32.4992084448949,47.7410563925366,45.0561671943437,28.442971823787,36.2464508981822,44.1501464098665,36.4000181512915,54.3587684383894,32.109501340281,54.4074120969815,72.9155104583657,60.737481089941,37.9381034166018,73.9426538081317,57.7194032319831,30.3456454784313,34.6805347894412,33.5549806566741,46.7816757877094,44.8612809047102
12.7679415997786,23.7583071199461,19.9078796913154,22.5308106143041,29.0634653517155,19.9289127542099,18.3745232953981,27.0052093659848,25.6033289146523,13.121227622336,24.4268967244953,21.9941113226873,28.0263900238269,16.11503633546,27.1982442691284,15.8324325904605,14.7768905491029,7.73233257941042,14.5230371085356,26.7186607389733,24.4603411682527,15.020293182688,15.7954044474221,16.8144401766617,18.4030207276901,19.3254879666551,25.8355872860218,33.3926380601607,17.5046073811122,12.5663860300353
