1232.18670399836,1052.04585865458,839.558641686164,1179.87332513325,538.017605742231,1144.40769478728,1112.04537718419,1190.67301656368,1154.34469481289,866.062160183006,999.0288510468,1218.8897764103,1055.42805679964,1085.87093361827,732.983246315964,1010.88770769427,1161.24827534341,1205.65108902903,1200.34998735729,1221.51181881539,1043.01423903488,1182.87228341981,1104.26111769065,777.325540056887,1217.76630067363,950.111329896436,950.25427107315,1098.23857540408,1154.87415636452,1118.11186032155
1232.18670399836,1052.04585865458,839.558641686164,1179.87332513325,538.017605742231,1144.40769478728,1112.04537718419,1190.67301656368,1154.34469481289,866.062160183006,999.0288510468,1218.8897764103,1055.42805679964,1085.87093361827,732.983246315964,1010.88770769427,1161.24827534341,1205.65108902903,1200.34998735729,1221.51181881539,1043.01423903488,1182.87228341981,1104.26111769065,777.325540056887,1217.76630067363,950.111329896436,950.25427107315,1098.23857540408,1154.87415636452,1118.11186032155
796.430471415709,914.515313052516,834.448816212762,1179.87332513325,538.017605742231,1144.40769478728,663.997724179287,1121.23555188361,996.545670294123,785.59023508324,326.437815027374,1218.8897764103,574.933113875406,920.844069207066,553.629713197767,898.434585500356,973.423817478751,1004.85324698387,1126.90237748925,818.194566650139,931.083068099809,872.798256842136,1104.26111769065,777.325540056887,1095.91658114059,725.925002341208,442.219689802837,819.037016519835,1101.88889353373,962.029441473479
796.430471415709,914.515313052516,834.448816212762,1179.87332513325,538.017605742231,1144.40769478728,663.997724179287,1121.23555188361,996.545670294123,785.59023508324,326.437815027374,1218.8897764103,574.933113875406,920.844069207066,553.629713197767,898.434585500356,973.423817478751,1004.85324698387,1126.90237748925,818.194566650139,931.083068099809,872.798256842136,1104.26111769065,777.325540056887,1095.91658114059,725.925002341208,442.219689802837,819.037016519835,1101.88889353373,962.029441473479
356.357082460085,771.826268760996,572.495248455979,707.51916923738,494.34833679314,875.235475524675,652.032937162796,1051.69183936808,507.109863334039,412.387065892137,326.437815027374,872.202027761226,421.691730959375,920.844069207066,467.506508491397,554.50686789788,834.073202894283,667.338947796811,839.263480083606,818.194566650139,882.890799860794,726.510037711764,760.56623528436,656.474688931758,725.260610871112,487.927444712577,442.219689802837,523.701673145517,580.089708714052,514.971513763937
356.357082460085,389.887980043743,572.495248455979,579.23673938777,374.272825736017,513.809251056377,338.201301225813,316.08603931792,367.8695409772,412.387065892137,314.334071724017,753.900264595878,421.691730959375,394.871052651199,350.323897468269,554.50686789788,647.159121486386,521.195036787761,559.792996226156,570.178134006759,404.453518990716,394.398037265353,446.836545220357,354.078398822109,576.293985359884,272.089383284424,372.640589111106,323.866913887619,448.988698039195,386.347809585122
122.255192272433,141.211194230433,185.302380089583,104.558299585764,150.157581447274,205.052490198408,338.201301225813,277.985965995034,205.504577901419,126.39903445678,216.49373328308,451.661130662945,300.213572205768,354.275284398693,128.635360768086,174.333207956254,560.494770680348,204.836507337477,323.353038369079,198.069871008012,354.313410975679,188.559173225345,214.878999232383,220.387924206627,310.256503914781,133.973728217446,309.164041726587,159.439420383561,307.274238012727,268.585661410451
87.8329928544962,62.4698887665997,79.5060490365089,65.8568923609737,85.1177943039453,100.368493052783,87.6710425999543,95.7122548808677,93.5962345762021,92.4804939304912,72.6436067556891,92.1205660632631,91.5742341611175,95.4275437822869,63.5947036434811,79.6868785267111,102.197270033652,145.939004496056,103.113689060227,86.8826169782649,103.425380742853,89.3473574717181,84.5943422558381,82.848158095912,79.7802187781729,65.2272596068353,76.7018076023079,75.7325311937068,98.4886111596262,100.780762768889
26.6522576718874,33.2619714574187,35.6282486443129,40.0238110145102,40.4112317579113,50.2369684830473,30.9904331245658,54.7146646409888,62.8232562734894,54.8294869085712,36.9693179193686,48.1578781050298,32.2040848079423,25.2331012492374,17.0448040570564,23.0731913612686,53.572836676145,46.7567055590474,49.9986846594766,38.3554484988394,51.4192226751778,32.7574762341562,35.6360342830043,26.6930822172783,45.6757020255036,31.6413558392522,32.0832063872072,21.2539042853396,30.7690690109195,47.7971920033659
8.06291427264465,10.2717051947997,10.8230716463942,8.6996031192891,10.0451246935224,10.3016684444319,6.2784130252615,14.7235305566818,11.0660391379046,10.8333591085041,8.93887868685242,11.1971791019604,8.05715186109605,8.56905428723458,2.11093083034096,7.50561300296569,13.2682201690147,10.4599582844521,10.34724835224,11.520163427863,13.7650178852544,8.05872005972969,8.42246960384414,7.51060343867404,11.7768784260774,9.2102409018596,8.31370309136124,4.53431886594876,9.18995425459389,9.64011832450851
0.0839834450768873,0.104400704807775,0.124872723280514,0.0596465270092982,0.169887336854102,0.0702650410789463,0.105791435006222,0.25811773633083,0.0905731812769174,0.470749914397552,0.0610519216334536,0.201495021409192,0.0760487721131712,0.105045860852884,0.0311477456089178,0.066376617712888,0.30722490378578,0.0855508325231253,0.119508343545908,0.267952801236966,0.195009599424804,0.0974958430529419,0.0797552463008789,0.0397747604830003,0.268891159567163,0.191470731061768,0.0534743386906503,0.0362823344301038,0.129848014346552,0.243197622675178
0.000206710807260013,0.000212785390420108,0.000295825901728541,0.000157870265533428,0.00064468763384619,0.000383887782799934,0.000329521551693605,0.000464359706685096,0.00046564405359487,0.00154934652510998,0.000215601255341571,0.000446574298518894,0.000286341018286799,0.000339396456711588,0.000138980116330617,0.00016982253778215,0.000849598141750134,0.00026041949783418,0.000226432413649275,0.000482658864257193,0.000276416638154493,0.000264730737807926,0.000190058232464487,0.000233445016439721,0.000342914094782097,0.000379607571232456,0.000185740283891534,7.5231702152538e-05,0.000347525406495884,0.000487865700581245
4.3082475350808e-07,2.69752791665066e-07,2.37103826554104e-07,2.94401471008133e-07,3.40816315372568e-07,2.56982447378026e-07,3.3035985716229e-07,2.84512135770305e-07,2.6954289000063e-07,3.81264386195822e-07,3.7093921018573e-07,2.60945308808655e-07,2.66955326531316e-07,3.59983268797051e-07,3.41878192055501e-07,3.72301668200862e-07,2.26268362490571e-07,3.61419554327697e-07,3.96527700504657e-07,3.0076547078077e-07,4.21950447250522e-07,3.62443728366957e-07,3.88597217751437e-07,2.18393005064698e-07,2.38221125678687e-07,2.67122487566108e-07,3.06502676149768e-07,1.38594833709286e-07,2.36345771469926e-07,2.93450914062604e-07
4.3082475350808e-07,2.69752791665066e-07,2.37103826554104e-07,2.94401471008133e-07,3.40816315372568e-07,2.56982447378026e-07,3.3035985716229e-07,2.84512135770305e-07,2.6954289000063e-07,3.81264386195822e-07,3.7093921018573e-07,2.60945308808655e-07,2.66955326531316e-07,3.59983268797051e-07,3.41878192055501e-07,3.72301668200862e-07,2.26268362490571e-07,3.61419554327697e-07,3.96527700504657e-07,3.0076547078077e-07,4.21950447250522e-07,3.62443728366957e-07,3.88597217751437e-07,2.18393005064698e-07,2.38221125678687e-07,2.67122487566108e-07,3.06502676149768e-07,1.38594833709286e-07,2.36345771469926e-07,2.93450914062604e-07
3.18589222394664e-07,2.26666498207773e-07,2.32800095272791e-07,2.27590280098709e-07,3.40816315372568e-07,1.65657542030821e-07,1.89590611448982e-07,2.20230614383303e-07,2.6954289000063e-07,2.22089636608973e-07,1.97582853155728e-07,2.60945308808655e-07,2.66955326531316e-07,2.83980911848533e-07,2.53941557768871e-07,2.09335023061999e-07,1.8291605623826e-07,2.31920225048413e-07,2.82094817971112e-07,2.08751466694431e-07,2.21654779177006e-07,2.33747937784026e-07,2.61479050786758e-07,2.18393005064698e-07,2.37940706422791e-07,2.02497469909652e-07,2.51304709468755e-07,1.38594833709286e-07,2.36345771469926e-07,2.25078001885689e-07
1.86257192281379e-07,2.08074004758067e-07,2.32800095272791e-07,1.66994942365966e-07,1.4441952969643e-07,1.65657542030821e-07,1.79542834139834e-07,2.01192235609689e-07,2.12639462377564e-07,1.71952848077279e-07,1.80938964867684e-07,1.92288061287618e-07,2.22803032398278e-07,1.50971321560044e-07,1.86618459107055e-07,1.75278836068494e-07,1.50842962642909e-07,1.98080162367799e-07,2.10935229330928e-07,1.69560050696393e-07,2.21654779177006e-07,1.95437445178145e-07,1.99732743665942e-07,1.50729161955593e-07,1.42074140619734e-07,2.02164047580394e-07,1.71869753447009e-07,1.05511580592305e-07,1.61024060185687e-07,1.71214843989556e-07
