18023.0201326747,18031.2887968657,17963.1997135117,17470.7363275542,17817.6016820314,17034.0688876731,18751.0877035635,17406.3815564957,18008.0327921236,17034.3331010533,18603.5666234574,16233.9646175586,17784.7176736301,17304.8631614223,16275.3137914187,18053.1206012593,19922.5987752941,17383.485061543,17977.3396444417,18112.6093847198,18669.3337395321,15746.0460184878,16907.9331898868,15780.4645218988,19777.2445893653,17406.3850344449,18016.9369238529,16259.5023828246,16971.1680262924,16948.374607381
18023.0201326747,18031.2887968657,17963.1997135117,17470.7363275542,17817.6016820314,17034.0688876731,18751.0877035635,17406.3815564957,18008.0327921236,17034.3331010533,18603.5666234574,16233.9646175586,17784.7176736301,17304.8631614223,16275.3137914187,18053.1206012593,19922.5987752941,17383.485061543,17977.3396444417,18112.6093847198,18669.3337395321,15746.0460184878,16907.9331898868,15780.4645218988,19777.2445893653,17406.3850344449,18016.9369238529,16259.5023828246,16971.1680262924,16948.374607381
18023.0201326747,18031.2887968657,17963.1997135117,17470.7363275542,17817.6016820314,17034.0688876731,18751.0877035635,17406.3815564957,18008.0327921236,17034.3331010533,18603.5666234574,16233.9646175586,17784.7176736301,17304.8631614223,16275.3137914187,18053.1206012593,19922.5987752941,17383.485061543,17977.3396444417,18112.6093847198,18669.3337395321,15746.0460184878,16907.9331898868,15780.4645218988,19777.2445893653,17406.3850344449,18016.9369238529,16259.5023828246,16971.1680262924,16948.374607381
18023.0201326747,18031.2887968657,17963.1997135117,17470.7363275542,17817.6016820314,17034.0688876731,18751.0877035635,17406.3815564957,18008.0327921236,17034.3331010533,18603.5666234574,16233.9646175586,17784.7176736301,17304.8631614223,16275.3137914187,18053.1206012593,19922.5987752941,17383.485061543,17977.3396444417,18112.6093847198,18669.3337395321,15746.0460184878,16907.9331898868,15780.4645218988,19777.2445893653,17406.3850344449,18016.9369238529,16259.5023828246,16971.1680262924,16948.374607381
18023.0201326747,18031.2887968657,17963.1997135117,17470.7363275542,17817.6016820314,17034.0688876731,18751.0877035635,17406.3815564957,18008.0327921236,17034.3331010533,18603.5666234574,16233.9646175586,17784.7176736301,17304.8631614223,16275.3137914187,18053.1206012593,19922.5987752941,17383.485061543,17977.3396444417,18112.6093847198,18669.3337395321,15746.0460184878,16907.9331898868,15780.4645218988,19777.2445893653,17406.3850344449,18016.9369238529,16259.5023828246,16971.1680262924,16948.374607381
18023.0201326747,18031.2887968657,17963.1997135117,17470.7363275542,17817.6016820314,17034.0688876731,18751.0877035635,17406.3815564957,18008.0327921236,17034.3331010533,18603.5666234574,16233.9646175586,17784.7176736301,17304.8631614223,16275.3137914187,18053.1206012593,19922.5987752941,17383.485061543,17977.3396444417,18112.6093847198,18669.3337395321,15746.0460184878,16907.9331898868,15780.4645218988,19777.2445893653,17406.3850344449,18016.9369238529,16259.5023828246,16971.1680262924,16948.374607381
18023.0201326747,18031.2887968657,17963.1997135117,17470.7363275542,17817.6016820314,17034.0688876731,18751.0877035635,17406.3815564957,18008.0327921236,17034.3331010533,18603.5666234574,16233.9646175586,17784.7176736301,17304.8631614223,16275.3137914187,18053.1206012593,19922.5987752941,17383.485061543,17977.3396444417,18112.6093847198,18669.3337395321,15746.0460184878,16907.9331898868,15780.4645218988,19777.2445893653,17406.3850344449,18016.9369238529,16259.5023828246,16971.1680262924,16948.374607381
18023.0201326747,18031.2887968657,17963.1997135117,17470.7363275542,17817.6016820314,17034.0688876731,18751.0877035635,16702.6482411617,18008.0327921236,15596.5203358537,18603.5666234574,16233.9646175586,17784.7176736301,16636.6418678404,16275.3137914187,18053.1206012593,19922.5987752941,17383.485061543,17977.3396444417,18112.6093847198,18669.3337395321,15746.0460184878,16907.9331898868,15780.4645218988,19777.2445893653,17406.3850344449,18016.9369238529,16259.5023828246,16971.1680262924,16589.6223880371
18023.0201326747,17095.5665854119,17963.1997135117,17279.6511964005,17652.0496308176,17034.0688876731,18015.5738406182,15125.9503417923,16490.6467656427,15596.5203358537,18364.675031454,16233.9646175586,16409.6263092947,16636.6418678404,15884.8428366056,18053.1206012593,19805.8574122877,17383.485061543,17626.8762078267,18112.6093847198,17665.7220200247,15746.0460184878,16907.9331898868,15780.4645218988,17245.0425300452,16888.4999393828,17696.17997159,16259.5023828246,16710.4819717674,16589.6223880371
16652.1449843633,16721.2573010914,17730.9075455772,17279.6511964005,17611.4956479404,17034.0688876731,17238.7612270529,14756.315713263,16490.6467656427,15596.5203358537,17838.0701249488,16233.9646175586,16078.897561708,15993.8585599522,15884.8428366056,16589.9362007275,18794.9453021894,17241.7624574424,17626.8762078267,17713.3382062911,15643.5783680188,15746.0460184878,16797.2960727018,15611.9403984641,17245.0425300452,16888.4999393828,16551.5745883044,16259.5023828246,15952.9467851284,15806.952343679
16652.1449843633,16721.2573010914,16943.4977739291,15388.8215220605,16981.721787163,16937.352057885,17238.7612270529,14592.7303597024,16071.9919495021,15596.5203358537,17838.0701249488,16233.9646175586,15974.5200676453,15993.8585599522,15194.021586042,16589.9362007275,17800.4146991205,17225.9978400164,17029.6133253936,17046.7384771178,15643.5783680188,15746.0460184878,16797.2960727018,15477.6568505579,17245.0425300452,16302.4352971559,16551.5745883044,15664.5908766952,15952.9467851284,15806.952343679
15577.6243610327,15313.6579509561,16943.4977739291,15388.8215220605,15037.9150585704,16726.0854183755,17238.7612270529,14081.0945662651,15328.4126426673,15596.5203358537,16340.2280916601,16233.9646175586,15209.477853822,15789.1433886566,15194.021586042,16589.9362007275,16187.5781289847,16818.7809023957,17029.6133253936,16361.2486664362,15284.3961176997,14811.4509686067,15089.8167888992,15169.4268904976,16577.7843082054,16119.9129108886,16551.5745883044,15604.8065853583,14708.9490080416,15469.5569745777
14957.4901024232,14966.6994599943,15591.3989257047,15388.8215220605,15037.9150585704,15652.1255600127,15569.2543292238,13371.5735072553,14459.1220432508,15505.669607411,15432.776102946,15359.6347161181,15209.477853822,13586.8060090551,15040.0991844214,15909.4860370899,15975.9737706674,15810.6693180811,15535.0119801573,15661.6337955705,14911.2310761463,14811.4509686067,14209.6043683243,14777.6916358481,15415.2839132685,15178.7687608667,16060.5493661068,14836.5070876283,14010.3825273247,12802.0779853017
14957.4901024232,10681.4270469778,14538.3130690738,14792.6389996239,14743.3355726635,14696.5668164899,14108.793668124,7756.70643904249,14459.1220432508,13931.8922182451,13885.247927491,14750.6757435574,14768.3724966517,8683.6069806416,12825.8894870193,14876.8123731445,14901.4728219466,15282.6125248451,14659.8342046026,14796.9686017216,14911.2310761463,14811.4509686067,14209.6043683243,14023.3973296468,14691.987351546,14588.5015273346,14718.2879717973,14626.5080425691,9073.27397700924,5319.85206639393
13657.9749773774,3315.83236179846,13856.1689353911,13451.9814467275,14031.5692914184,14107.8931249095,13098.313871419,2476.08547817115,13780.4084811158,7495.90479009523,13885.247927491,14197.5663528045,14016.4593292838,3798.61890602118,12375.4811409732,14070.1085304924,13750.6647105302,14006.6878280759,14294.9928220161,14081.4333474137,14071.3818924211,12943.9742522408,13981.6430475646,12956.2615074398,13979.9258286705,14095.5301223302,13602.9331318558,13365.0972256495,3380.93009445535,4642.84832435541
13657.9749773774,3315.75141238938,13445.8084489148,12828.3964782705,13146.6559542672,12913.5689265258,13098.313871419,2476.07253337871,12162.7096127834,1205.97938662896,13338.4129095872,12963.7791494549,4655.28154305346,3798.60971818411,12375.4811409732,12983.7523599124,12903.5897667135,13407.1163666918,10135.4815658318,13475.3598717303,12859.2643386607,12943.9742522408,13270.2840091551,12943.9190416015,12124.8859213542,12897.007683276,13240.5317065226,13295.1003557293,3380.90801198559,4642.84768909464
