25,25,25,25,25,25,25,25,25,25,25,25,25,25,25,25,25,25,25,25,25,25,25,25,25,25,25,25,25,25
25,25,25,25,25,25,25,25,25,25,25,25,25,25,25,25,25,25,25,25,25,25,25,25,25,25,25,25,25,25
25,25,25,25,25,25,25,25,25,25,25,25,25,25,25,25,25,25,25,25,25,25,25,25,25,25,25,25,25,25
25,25,25,25,25,25,25,25,25,25,25,25,25,25,25,25,25,25,25,25,25,25,25,25,25,25,25,25,25,25
25,25,25,25,25,25,25,25,25,25,25,25,25,25,25,25,25,25,25,25,25,25,25,25,25,25,25,25,25,25
25,25,25,25,25,25,25,25,25,25,25,25,25,25,25,25,25,25,25,25,25,25,25,25,25,25,25,25,25,25
25,25,25,25,25,25,25,25,25,25,25,25,25,25,25,25,25,25,25,25,25,25,25,25,25,25,25,25,25,25
25,25,25,25,25,25,25,25,25,25,25,25,25,25,25,25,25,25,25,25,25,25,25,25,25,25,25,25,25,25
25,25,25,25,25,25,25,25,25,25,25,25,25,25,25,25,25,25,25,25,25,25,25,25,25,25,25,25,25,25
25,25,25,25,25,25,25,25,25,25,24.9999999999877,25,25,25,25,25,25,25,25,25,25,25,25,25,25,25,25,25,25,25
25,25,25,25,25,25,25,25,25,25,24.9999965435468,25,25,25,25,25,25,24.9999999999986,25,25,25,25,25,25,25,25,25,25,25,25
25,24.9999991158957,24.999999993443,25,24.9999999888487,25,25,24.9999999577453,25,25,24.9990191894449,25,25,25,25,25,24.9999999999995,24.9999998806588,25,25,25,25,25,25,25,25,24.9999999855145,24.999999982072,24.9999999948313,25
24.9999999829665,24.9998062044633,24.9997531117142,25,24.880994527342,24.9999999999968,25,24.9996832228826,24.9999937783973,25,24.4430129497259,24.9999999999945,25,25,24.9999999999823,24.9999999999955,24.995074033995,24.9863475241541,25,24.9999999691699,25,24.9999999999936,25,24.999999576321,24.9999964545173,25,24.9999605690946,24.9360632982125,24.9668129957322,24.9999999999786
24.4891668005725,23.082678380817,23.8394686520278,24.2439434846087,24.0745918488233,24.9999999985712,24.9235973072423,23.8724404344812,23.5990706570083,24.5549757377307,22.9368149392567,24.9985314230194,24.7748669793436,24.9999999967822,23.8991056617788,24.9999981488731,22.7945371663618,22.9814422864574,24.9999999988395,23.717028939468,23.9975289246509,24.1645431333523,23.5938455965861,23.7477810451751,23.6067931346311,24.9999999999995,23.4594392944955,22.692896334454,24.0636457831943,23.6933207367852
22.3434007393416,21.535288696783,21.2773095182433,21.9877199513389,22.8150576017042,23.343076996061,22.2729606629896,22.2721587495271,22.694058753209,21.9975863289915,20.8754862121582,22.1996347865525,21.6585396689397,22.5407236796627,22.1787682406248,22.6869479507777,21.8477066867367,22.4111283572856,22.6184544321886,21.997131679947,22.245253702436,21.9547948127447,22.044033298469,22.6198761596202,21.5846092384445,23.6766933338895,21.6830496948469,21.6880276931324,21.5109366561946,22.1425989355607
22.3434007393416,21.535288696783,21.2773095182433,20.9983595733993,22.8150576017042,21.5965727119019,21.474408976369,22.2721587495271,22.694058753209,21.537518548605,20.8754862121582,22.1996347865525,21.6585396689397,22.2146164164519,22.1787682406248,22.209040260364,21.8477066867367,22.4111283572856,22.0035616362538,21.1168046164767,21.7845691342427,21.4086332309575,21.1847997381542,22.5601549726175,21.5846092384445,21.9127112548517,21.6830496948469,21.6880276931324,21.5109366561946,21.841594642015
