15,15,15,15,15,15,15,15,15,15,15,15,15,15,15,15,15,15,15,15,15,15,15,15,15,15,15,15,15,15
15,15,15,15,15,15,15,15,15,15,15,15,15,15,15,15,15,15,15,15,15,15,15,15,15,15,15,15,15,15
15,15,15,15,15,15,15,15,15,15,15,15,15,15,15,15,15,15,15,15,15,15,15,15,15,15,15,15,15,15
15,15,15,15,15,15,15,15,15,15,15,15,15,15,15,15,15,15,15,15,15,15,15,15,15,15,15,15,15,15
15,15,15,15,15,15,15,15,15,15,15,15,15,15,15,15,15,15,15,15,15,15,15,15,15,15,15,15,15,15
15,15,15,15,15,15,15,15,15,15,15,15,15,15,15,15,15,15,15,15,15,15,15,15,15,15,15,15,15,15
15,15,15,15,15,15,15,15,15,15,15,15,15,15,15,15,15,15,15,15,15,15,15,15,15,15,15,15,15,15
15,15,15,15,15,15,15,15,15,15,15,15,15,15,15,15,15,15,15,15,15,15,15,15,15,15,15,15,15,15
15,15,15,15,15,15,15,15,15,15,15,15,15,15,15,15,15,15,15,15,15,15,15,15,15,15,15,15,15,15
15,15,15,15,15,15,15,15,15,15,15,15,15,15,15,15,15,15,15,15,15,15,15,15,15,15,15,15,15,15
15,15,15,15,15,15,15,15,15,15,15,15,15,15,15,15,14.9999999999504,15,15,15,15,15,15,15,15,15,15,15,15,15
15,15,15,15,15,15,15,15,15,15,15,15,15,15,15,15,14.9999999999504,15,15,15,15,15,15,15,15,14.9999999999973,15,15,14.9999999999986,14.9999999960937
15,15,15,15,15,15,15,15,15,15,14.9999999995698,15,15,15,15,15,14.9999999999504,15,15,15,15,15,14.9999999999964,15,15,14.9999999999973,14.9999999998922,15,14.9999999999986,14.9999999960937
14.9999812078017,15,14.9999999999977,15,14.9999999999986,15,14.9914186528454,15,15,14.9999999999636,14.9999999995698,15,15,14.9999999960837,14.9999999999991,14.9999999999841,13.9263314661948,14.9999999999995,14.9999999999955,15,15,15,14.9999999999964,15,15,14.9999999999973,14.9999999998922,15,14.9999999999986,14.9999999691404
11.8835248339792,14.9999999999995,14.9999999999495,14.9999999999545,14.9999999999986,15,11.5822562990584,14.9777083546078,13.2505958326665,14.9999999999636,14.9999999995698,14.9999999990282,14.9999999975225,13.1069874584514,12.5535744845261,12.3811052062729,11.6542257016145,12.9207549762195,14.9730183679758,15,11.7864530531806,12.8645032656063,12.7459096362718,13.4469088398137,15,12.5686054090183,11.8682429962646,13.6625497056721,14.9999999999986,12.0934114126353
11.2345554580002,14.9999999959118,14.9999992539479,14.9999999908305,13.4656390790233,14.9999999893039,11.1527338737037,11.0745388104629,10.6299052029117,14.9999999998186,14.9999999978772,10.8000508063296,14.9999999789047,10.2076101084422,12.5535744845261,10.6374873811842,11.183020366419,11.0232765889637,11.4974194268916,14.9999999911474,10.2311028539561,10.3388086147643,10.2673366297386,10.1083485190911,14.9999990259194,11.2075157803556,10.5389735426097,11.9362625206118,14.9998240481245,10.7601146246243
