9358.24318238036,10516.640251816,10520.5734110979,10050.2495674732,10309.5046569164,9783.01619551107,9394.39974906672,9808.25019242325,10705.0135608522,10481.1642518395,10511.2988615696,10111.1838785212,10129.0775833789,10052.0156819555,10876.3474725533,10656.0493748374,9867.31574146935,10455.3897643255,10033.4804583138,10128.4845149508,9517.13629473782,10305.0106409129,10776.6905392379,10310.3356661713,9785.10714564522,10100.8096556151,10480.5014306614,10823.0781509712,9531.10901291607,10182.9782204635
9358.24318238036,9997.53918667085,9918.13252034989,10050.2495674732,10309.5046569164,9421.09511777597,8912.11175685756,9490.84742989031,10054.3445158219,9740.47044928129,10511.2988615696,10068.3471489826,10129.0775833789,10052.0156819555,10646.2389873532,10509.0880355207,9794.91643888305,10455.3897643255,9934.23679512636,9362.80751084755,9517.13629473782,10289.5551918271,10776.6905392379,9903.00188869328,9125.3427013574,10100.8096556151,10167.7004638345,10210.6913350199,9040.01295542866,10182.9782204635
9324.79727114572,9997.53918667085,9629.06581524588,9885.63793308027,10309.5046569164,9323.03718253618,8912.11175685756,9490.84742989031,10054.3445158219,9740.47044928129,9950.34152720658,10068.3471489826,9370.16901587838,10038.5640125036,10646.2389873532,10080.2171978553,9175.40218008,9877.5006054257,9737.84934675444,9362.80751084755,9517.13629473782,10216.8162929058,10771.3392054194,9670.19842261703,8945.23029273233,9673.66322140441,9502.30281763835,10210.6913350199,8714.09302034145,10182.9782204635
9241.01431103695,9471.24838453901,9520.41034287602,9610.65157133094,9969.56082569259,9076.04201944159,8346.41251890245,9490.84742989031,9938.30601267318,8783.24686055105,9950.34152720658,10038.6926128317,9370.16901587838,10038.5640125036,9997.66531032534,9795.9054186081,9130.61159299157,9485.40504700436,9508.25832478109,9362.80751084755,9517.13629473782,9653.05249055542,9844.92092388649,9245.32195394777,8583.13652786511,8247.59937214084,9432.00466877921,10038.6675281946,8265.73536100321,9719.08109121654
8762.1762692146,9027.14514924184,8707.60181051776,8818.88056827859,9698.2314024285,9009.79798336708,7255.04671379256,8677.67249115131,9201.18270924161,8152.1031207286,9422.72584142879,7194.03810779039,9188.01855046501,9002.95249791718,9778.88613750529,6720.80732663747,8378.70785920291,9045.96632327475,8371.82985483444,9186.00239066164,8427.44009610006,8874.53642340812,9093.11723086109,8822.74545479119,7033.09738171528,6626.93572375731,8577.14874871905,8902.93667976225,8196.89493003046,8147.38538477086
8125.67330717582,7369.4153333692,8707.60181051776,6397.24783043957,8174.65322034001,6731.40149635443,5431.03916040717,7610.42061167338,5577.01638792646,4326.39807535503,9422.72584142879,5691.90222503677,9147.59504275206,6140.408428299,7521.93924300132,5802.86798799287,3505.52993604652,6817.47559176824,3084.86778404991,6928.3701884452,6124.76813691983,8874.53642340812,7604.08887452669,4446.78684013138,3102.97864920963,5315.95694180396,7095.15753188714,4152.58933860663,7969.03390341469,6606.1056277788
8125.67330717582,3926.9385723023,7074.71999634467,1756.98639891758,7094.31446634148,2132.06023270499,1573.49545804611,4374.45857724186,5268.30420691826,1051.4144005708,7974.61236061341,5672.75436477695,8046.40273816607,2313.29649811603,7521.93924300132,5801.2198217523,3011.6370257675,5174.79073272515,2855.7873773783,4022.91411791779,2660.39974776478,8448.05775205063,7604.08887452669,3995.32731262653,3069.48718353237,5309.68670834367,4148.87782154397,3208.51267020723,5516.55435783491,2307.7026139355
7717.23202439983,2478.34038378159,3401.70728861547,1662.50272258969,6009.46918437304,1756.58319529236,1550.96366617419,1141.80943058541,5266.78255065104,1038.40827827703,7679.33112221741,5672.73595240796,8046.40273816607,1523.95364479244,7521.93924300132,5801.17563334107,3010.1336967824,5167.25193910019,2855.64115621769,2117.57569352911,2234.08802922798,8448.05775205063,7604.08887452669,3992.68641043044,3067.51187412613,5309.6638198058,1191.4765054247,3207.90802955203,2030.43645165651,1159.03695219262
6998.32980784645,2470.25828697198,2682.00471525234,1662.48090280055,6009.46918437304,1756.3829030321,1550.95673788369,367.045256610945,5266.76624083824,1038.39712834025,7679.33112221741,5672.73576744055,7163.86706395839,1521.79205430929,7521.93924300132,5801.1727545862,3010.12537170568,5167.24902552475,2855.64017767799,2113.796908945,2233.738427706,7883.33291538116,7604.08887452669,3992.60337595331,3067.33572295274,5309.66330009497,1187.59065057912,3207.90520898803,1009.40675173866,1158.73375748185
6998.32980784645,2470.24244648391,2680.03737310683,1662.4808989538,6009.46918437304,1756.38288988605,1550.95673575655,356.443223537931,5266.76575503373,1038.39712726661,7679.33112221741,5672.73576158834,6141.62717314517,1521.7898513365,7521.93924300132,5801.17255189151,3010.125232016,5167.24902496938,2855.6401684356,2113.79563803313,2233.73824033128,6287.04963570807,7604.08887452669,3992.60082586295,3067.31625411223,5309.66326130492,1187.58991866764,3207.90513787676,1008.62079391709,1158.73373392395
6998.32980784645,2470.24237055664,2680.03455060034,1662.48089895343,6009.46918437304,1756.38288988522,1550.95673575645,356.427450417155,5266.76571592884,1038.39712726657,6603.33848223613,5672.73576140851,6141.62717314517,1521.78984187046,7521.93924300132,5801.17252285039,3010.12522603421,5167.24902496938,2855.64016804509,2113.79563769848,2233.73824027246,4617.4405678114,7604.08887452669,3992.60075855751,3067.31554388585,5309.66326040271,1187.58991864514,3207.90513655025,1008.62018732301,1158.73373392023
6866.78785846745,2470.24237043773,2680.03454060847,1662.48089895343,6009.46918437304,1756.38288988522,1550.95673575645,356.427412482053,5266.76571592884,1038.39712726657,5421.94883749882,5672.73576140851,6141.62717314517,1521.78984185964,7521.93924300132,5801.17252285039,3010.12522603421,5167.24902496938,2855.64016804509,2113.79563769848,2233.73824027246,4617.4405678114,6912.76839714969,3992.60075808089,3067.31554388585,5309.66326040271,1187.58991864514,3207.90513655025,1008.62018632999,1158.73373392023
6447.13636917077,2470.24237043773,2680.03454060847,1662.48089895343,6009.46918437304,1756.38288988522,1550.95673575645,356.427412482053,5266.76571592884,1038.39712726657,4425.7118468787,5672.73576140851,6141.62717314517,1521.78984185964,6875.41167346689,5801.17252285039,3010.12522603421,5167.24902496938,2855.64016804509,2113.79563769848,2233.73824027246,4617.4405678114,6912.76839714969,3992.60075808089,3067.31554388585,5309.66326040271,1187.58991864514,3207.90513655025,1008.62018632999,1158.73373392023
5657.81992038145,2470.24237043773,2680.03454060847,1662.48089895343,6009.46918437304,1756.38288988522,1550.95673575645,356.427412482053,5266.76571592884,1038.39712726657,4425.7118468787,5672.73576140851,6141.62717314517,1521.78984185964,5240.33433495004,5801.17252285039,3010.12522603421,5167.24902496938,2855.64016804509,2113.79563769848,2233.73824027246,4617.4405678114,6912.76839714969,3992.60075808089,3067.31554388585,5309.66326040271,1187.58991864514,3207.90513655025,1008.62018632999,1158.73373392023
