21.395954099998,21.3988576851509,21.4816416926164,21.3943896280755,21.3809297217783,21.3623341296012,21.3551772284436,21.4176078120125,21.4761234592185,21.5306002225761,21.3674812448776,21.3456784093848,21.3572691716265,21.3567581331437,21.3790943824541,21.4199664822966,21.4340189196421,21.243928672945,21.5729471182048,21.4896276987137,21.4669770263516,21.2194522741294,21.2916011543966,21.4559293296609,21.4400565223602,21.3960122141139,21.3653780873746,21.3888994442038,21.4367944481593,21.4412272614576
21.3926728355017,21.3698564914789,21.3875718991458,21.3878874300983,21.3372509466391,21.3623341296012,21.3551772284436,21.4176078120125,21.3428194371523,21.5290096391045,21.3245732554198,21.3456784093848,21.3039732173853,21.3567581331437,21.3790943824541,21.4126438329034,21.4340189196421,21.243928672945,21.4269547313415,21.4562446911241,21.4669770263516,21.2194522741294,21.2916011543966,21.4368613829802,21.3380840590895,21.3960122141139,21.3653780873746,21.3888994442038,21.3298566328452,21.4412272614576
21.3176350950056,21.3523804930908,21.2932298912905,21.3878874300983,21.3372509466391,21.2740117143372,21.3551772284436,21.3494654219937,21.3428194371523,21.462065180698,21.3245732554198,21.3456784093848,21.3039732173853,21.3567581331437,21.3728934105935,21.3709303172488,21.4340189196421,21.243928672945,21.4269547313415,21.4562446911241,21.3876831236317,21.2194522741294,21.2916011543966,21.389275632476,21.3380840590895,21.3960122141139,21.3653780873746,21.3888994442038,21.3298566328452,21.4412272614576
21.3176350950056,21.3523804930908,21.2932298912905,21.3878874300983,21.3372509466391,21.2740117143372,21.3551772284436,21.3494654219937,21.3428194371523,21.382606837766,21.3245732554198,21.335250940231,21.3039732173853,21.3567581331437,21.331521156748,21.2589849795991,21.4340189196421,21.243928672945,21.3003829045089,21.3731400465414,21.3436105424057,21.2194522741294,21.2916011543966,21.3701162153948,21.3380840590895,21.3914815872873,21.3653780873746,21.3364094906606,21.3298566328452,21.2531235873712
21.3176350950056,21.349007988575,21.2932298912905,21.2909453756716,21.3372509466391,21.2740117143372,21.3276007923491,21.343478891338,21.2489081291081,21.3347105903996,21.3245732554198,21.335250940231,21.3039732173853,21.2501307381514,21.2294601535541,21.2231411998638,21.2247701644823,21.243928672945,21.3003829045089,21.3039544142621,21.2877247833585,21.2194522741294,21.2916011543966,21.2164970460248,21.270387367901,21.3305144502626,21.350543912976,21.3157812247362,21.3066703176301,21.1778676011407
21.2431949868746,21.2864626418864,21.2110672813944,21.2778176868957,21.2379099073347,21.2740117143372,21.3096780271738,21.2569345063168,21.2489081291081,21.2294147104906,21.3245732554198,21.3016643737498,21.2883835477019,21.2501307381514,21.2294601535541,21.2231411998638,21.2247701644823,21.243928672945,21.3003829045089,21.2034390552565,21.2704537961363,21.2194522741294,21.2496038054167,21.2164970460248,21.270387367901,21.2686209432701,21.2564954565099,21.3118137121376,21.3020380565514,21.1778676011407
21.1109654721472,21.2864626418864,21.2110672813944,21.2778176868957,21.2379099073347,21.1859776752154,21.234990719036,21.2569345063168,21.2489081291081,21.2294147104906,21.3245732554198,21.2333995876946,21.2210913483439,21.2313710149942,21.2294601535541,21.2231411998638,21.0813962847395,21.243928672945,21.3003829045089,21.2034390552565,21.2704537961363,21.2194522741294,21.2496038054167,21.2164970460248,21.2475102667038,21.2085650512641,21.249599635047,21.2665534429356,21.2804787049452,21.1778676011407
21.1109654721472,21.2864626418864,21.2110672813944,21.2581751048685,21.1981276501759,21.1859776752154,21.2228177866584,21.2569345063168,21.2008185207612,21.1514748507449,21.2721163230808,21.2333995876946,21.2210913483439,21.2077153552198,21.2294601535541,21.2231411998638,21.0813962847395,21.243928672945,21.235441879658,21.2034390552565,21.2704537961363,21.2194522741294,21.2424848926112,21.205446478992,21.2475102667038,21.2085650512641,21.2161739019491,21.1202619282028,21.2804787049452,21.1778676011407
21.1109654721472,21.169985369378,21.2110672813944,21.2372361051317,21.1981276501759,21.1859776752154,21.2165388550125,21.1488668337857,21.2008185207612,21.1514748507449,21.2245078932475,21.2333995876946,21.2049448675049,21.2077153552198,21.1997428610548,21.2231411998638,21.0813962847395,21.159782069019,21.2041824484113,21.2034390552565,21.2645902025764,21.1973076854478,21.2424848926112,21.205446478992,21.2026010896444,21.2027499006065,21.2161739019491,21.1202619282028,21.2668049311325,21.1778676011407
21.1109654721472,21.169985369378,21.2110672813944,21.180537038162,21.1750526280641,21.1859776752154,21.0943004773294,21.1488668337857,21.2003686415728,21.1514748507449,21.2245078932475,21.2333995876946,21.2049448675049,21.2077153552198,21.1997428610548,21.1616898452548,21.0813962847395,21.159782069019,21.2041824484113,21.2034390552565,21.2001195990113,21.1973076854478,21.224727247356,21.2000018231485,21.2026010896444,21.2027499006065,21.1378872456812,21.1202619282028,21.1269248284033,21.1778676011407
21.1109654721472,21.169985369378,21.2110672813944,21.180537038162,21.1750526280641,21.1859776752154,21.0943004773294,21.1488668337857,21.2003686415728,21.1351316393284,21.2188200504198,21.1428112927798,21.2049448675049,21.2077153552198,21.1997428610548,21.1616898452548,21.0813962847395,21.159782069019,21.2041824484113,21.2034390552565,21.2001195990113,21.1973076854478,21.1461740776765,21.2000018231485,21.2026010896444,21.2027499006065,21.1133849074023,21.1202619282028,21.1269248284033,21.1778676011407
21.1109654721472,21.169985369378,21.1456417641677,21.180537038162,21.1750526280641,21.1859776752154,21.0943004773294,21.1488668337857,21.0548821016458,21.1351316393284,21.1861780115105,21.1428112927798,21.1036193241089,21.2077153552198,21.1463493360924,21.1310225339657,21.0813962847395,21.159782069019,21.1053442155409,21.1863483680075,21.1799534129849,21.1794694139973,21.1461740776765,21.1761035459086,21.1862581089849,21.2027499006065,21.1133849074023,21.1202619282028,21.1269248284033,21.1568716197436
21.1109654721472,21.169985369378,21.1456417641677,21.180537038162,21.1750526280641,21.136824723789,21.0943004773294,21.1488668337857,21.0548821016458,21.1351316393284,21.1861780115105,21.1428112927798,21.1036193241089,21.1463047294511,21.1463493360924,21.1310225339657,21.0813962847395,21.1477281450897,21.1053442155409,21.122442585891,21.1778012121299,21.1538700896089,21.1461740776765,21.1761035459086,21.1729385112706,21.2027499006065,21.1133849074023,21.1202619282028,21.1269248284033,21.1568716197436
21.1109654721472,21.169985369378,21.1456417641677,21.180537038162,21.1297383365651,21.136824723789,21.0943004773294,21.1346357218665,21.0548821016458,21.1351316393284,21.184094737048,21.1428112927798,21.1036193241089,21.1463047294511,21.1463493360924,21.1310225339657,21.0813962847395,21.1477281450897,21.1053442155409,21.122442585891,21.1385706800248,21.1538700896089,21.1461740776765,21.1761035459086,21.1729385112706,21.2027499006065,21.1133849074023,21.1202619282028,21.1269248284033,21.1568716197436
