1460.62753742881,588.920314334699,1475.84605801439,934.806496807859,686.565833841353,833.103280212673,406.187776615373,392.641809604727,503.167462675726,567.805225555569,818.876998285834,404.61931538333,870.142826341899,448.706206143916,499.131191197497,793.115198829093,307.004393787483,680.913328007628,759.808192410095,630.251365784041,859.198589300221,569.450627372537,399.959415163591,826.660761702038,595.59223851197,435.840300089493,241.204796471615,774.371386139948,367.260430068831,1047.83604583677
715.16206885594,588.920314334699,1475.84605801439,600.942606078161,686.565833841353,833.103280212673,295.673018765138,392.641809604727,313.093723535802,567.805225555569,502.447418637423,200.680064854391,440.111258554007,376.461484173506,390.148212559721,444.138062377627,253.3829389002,453.525308116914,361.374285171667,355.895981318643,446.402749244068,438.944336509037,399.959415163591,438.503482895659,391.601481340842,435.840300089493,189.86416294445,408.658928301966,342.373028561454,824.915428251828
715.16206885594,348.055623394419,817.620213653053,600.942606078161,267.343048736266,355.668105501285,262.664372671395,181.666483221187,211.895047554419,243.937101938752,237.726781691128,141.354257446628,295.268224609837,376.461484173506,183.062137038472,208.673034338423,233.730634413854,382.864982225343,229.441376900299,355.895981318643,371.603341723511,208.648990160089,286.234420737351,438.503482895659,127.791409495075,221.189991707079,141.773954500132,408.658928301966,342.373028561454,608.490443206802
620.535474144519,202.63341185844,501.936940466944,319.536525476478,267.343048736266,355.668105501285,123.887537991976,72.5290811274826,105.826008683776,190.19177875112,122.993462765423,72.1425338793126,138.441404119036,189.819653557007,130.932410279999,119.81643009708,104.196854502935,232.832893045357,138.220586738651,260.26657644774,251.151015669031,105.740653228076,197.6877356171,168.398644634946,127.791409495075,99.5617692353168,80.0068167688021,208.942741042878,219.854375501788,284.48897077096
353.519741586665,125.670500468963,442.087833339424,109.789833612812,133.422213498679,152.739955047432,83.8367290516368,72.5290811274826,88.1003036445685,100.674250418227,77.5417208187246,43.3624650457956,69.9635367235977,97.042217172488,86.8668532459019,87.0176558904673,104.196854502935,128.312516913141,87.7364705454003,98.7326393242355,96.4164735861183,91.8436318868069,153.751965295973,119.070680255144,75.4390202651532,74.3244452977323,57.169861600509,127.304450258807,85.9321099332481,115.648661252719
149.533710695105,72.3462288342223,160.8040359994,81.5343512111685,100.918239000628,72.604736816881,60.2923234456973,72.5290811274826,61.7934844551919,75.4239194290041,67.5388742587278,43.3624650457956,69.9635367235977,80.9971083387409,86.8668532459019,57.3982829489299,92.0862506966163,94.1172612926651,72.8688178204176,98.7326393242355,65.6773583616514,83.8161604816769,109.716663469336,82.2575184321736,60.5032548600097,74.3244452977323,57.169861600509,79.0509194281464,64.6150750125732,74.8746380630047
111.550154636449,67.6876584324583,68.8343965879442,50.6102467422413,72.7545361854467,56.4823986625076,60.2923234456973,62.3540530186947,61.7934844551919,67.7188699349991,67.5388742587278,43.3624650457956,65.5576479497428,61.2336874110212,61.534510307806,57.3982829489299,73.7136651224497,66.4571867762837,70.1456808481988,82.1274915885581,65.6773583616514,46.1306191878793,73.1184933196225,68.9697695514166,52.241856802421,70.2967296699383,57.169861600509,65.9487970912226,64.6150750125732,62.743432761416
56.5577943539756,60.5646007292735,68.8343965879442,50.6102467422413,72.7545361854467,56.4823986625076,60.2923234456973,53.7205866344206,61.7934844551919,64.863856292802,49.6428097535803,43.3624650457956,59.7286420266513,61.2336874110212,61.534510307806,57.3982829489299,65.6527891101841,56.8529909833339,55.9139755463827,73.899097070488,57.8500710147977,46.1306191878793,66.7868373702528,65.9147247555336,52.241856802421,70.2967296699383,57.169861600509,65.9487970912226,64.6115489544927,51.6719987420939
56.5577943539756,60.5646007292735,68.8343965879442,50.6102467422413,51.0610374539189,56.4823986625076,60.2923234456973,53.7205866344206,58.7491999325067,64.863856292802,49.6428097535803,43.3624650457956,54.2537550186072,49.9425859316566,54.5746035471127,57.3982829489299,65.6527891101841,56.8529909833339,55.9139755463827,61.2242165968231,57.8500710147977,46.1306191878793,57.8020514524229,61.2892477467656,48.4422645980546,62.571523044413,54.5875050926312,65.3894882723376,45.5363533660542,51.6719987420939
56.5577943539756,57.5799414318848,61.63764250789,50.6102467422413,51.0610374539189,56.4823986625076,47.5267707368866,53.7205866344206,58.4688850153175,57.4504626320432,29.4848990168298,43.3624650457956,50.913526524705,42.985137305579,54.5746035471127,52.4204967263839,65.6527891101841,56.8529909833339,55.9139755463827,57.4029303764798,57.8500710147977,40.7325507881145,57.8020514524229,52.8578964521168,48.4422645980546,53.3032778437308,54.5875050926312,58.477312008896,45.5363533660542,51.6719987420939
14.4137712226086,57.5799414318848,57.7035744441989,50.6102467422413,51.0610374539189,37.9793003205764,47.5267707368866,53.7205866344206,45.3656034810352,57.4504626320432,29.4848990168298,43.3624650457956,50.913526524705,42.985137305579,54.0209281107461,34.6129979356768,60.0994743369567,52.8943522602088,50.4002395418927,57.4029303764798,57.3062058585427,40.7325507881145,50.3800857205238,52.8578964521168,40.3252675409453,50.8051815711974,54.5875050926312,46.1393808925842,45.5363533660542,51.6719987420939
14.3964524458185,41.9961753099827,57.7035744441989,41.8659033024511,50.5973524424832,37.9793003205764,46.2619546590495,53.7205866344206,45.3656034810352,55.5564314513114,29.4848990168298,43.3624650457956,47.129783493966,42.985137305579,50.5552907400264,34.6129979356768,60.0994743369567,52.8943522602088,50.4002395418927,57.4029303764798,50.4977381904349,40.7325507881145,50.3800857205238,45.2014244321125,40.3252675409453,50.6964793597286,49.9292297758396,46.1393808925842,15.6662570620045,51.6719987420939
14.3964524458136,41.9961753099827,53.4299260876801,41.8659033024511,50.284798462089,37.9793003205764,43.8937074024085,51.9958431411857,39.3739539720075,51.4984857422806,29.4848990168298,43.3624650457956,42.0475279028385,42.985137305579,49.3440166178177,34.6129979356768,40.7173485505061,15.0108148147368,50.4002395418927,55.0421367814416,49.7111131718375,40.7325507881145,50.3800857205238,45.2014244321125,12.6350659826372,49.7962749738342,49.9292297758396,46.1393808925842,15.6662570620045,50.5965549927683
14.3964522304511,41.9692203050342,14.5192331830965,41.8659033024511,14.8469544144202,37.9793003205764,43.8937074024085,43.5962429708873,39.3739539720075,50.7527666952431,29.4848990168298,43.3615551968121,42.0475279028385,36.2739560854678,45.6508652219972,34.6129979356768,40.7173485505061,12.6350659826372,11.3928476512752,45.7214498359729,49.7111131718375,38.467240366229,18.6563671385654,45.2014244321125,12.6350659826372,49.7962749738342,48.2461583911853,46.1393808925842,15.6662570620045,39.9629586289566
11.5291217667459,12.6350659826372,11.2014005354223,15.5023964463426,11.5291217667458,16.1167590306111,40.4288441775346,43.5962429708873,13.7410101985288,43.9744845833008,17.8781433927069,13.906347795578,42.0475279028385,36.2739560854678,35.5395740366909,18.6563672395138,13.5771495828669,12.020703613731,11.365261151084,15.0108148147197,14.0687314298522,38.467240366229,11.3652611510851,18.3697250243297,12.6350659826372,47.0129786324063,47.4386950213501,12.3005499917505,15.6662570620045,15.8301176776662
11.365261151084,10.8736793040987,11.0375399197605,10.8736793040987,11.5291217667458,11.365261151084,11.0375399197604,11.365261151084,11.365261151084,10.8736793040988,11.0378072011516,11.2014005354223,11.0375399197604,11.0375399197604,11.365261151084,11.365261151084,11.0375399197604,11.0375399197604,11.2014005355063,11.2014005354222,11.2014005354224,11.365261151084,11.0375399197605,11.2014005354223,11.5291217667458,11.2014005354222,11.365261151084,11.365261151084,11.2014005354223,11.037539919767
