32385.0350680199,121005.877139548,68862.9781494979,469533.856618477,7080125.23058902,340282.066276191,287076.693825513,156368.453743063,627333.373658371,622450.149035867,126755.402734804,2051338.47098638,9182348.55948078,64397.1075674427,42079.2554163157,1020021.55815721,1547070.07489106,6626792.98347937,19883.8077423934,242335.861012141,13268390.3443396,29859629.7873112,2587983.81455712,25162.6591281541,409814.795330103,1273580.6732653,626545.209935636,45834.7839636062,27093.4923199122,12006.9095284367
19777.8088510525,121005.877139548,3287.44296233877,231373.715894186,1347580.03077996,30618.4635626872,120170.828075834,10952.2774687924,104724.915701687,557651.960057751,13759.5203221906,106834.635945591,205239.345315482,3607.46350584795,508.238379279039,199088.705163884,525081.936235928,6626792.98347937,18826.880040424,242335.861012141,253674.594219213,2079188.42771908,652057.672037406,3957.07534441121,6189.1499153378,527049.098740359,22655.4967719524,40278.6495485287,27093.4923199122,12006.9095284367
806.785099187105,1244.29991098669,185.268341403929,13600.3144587998,29164.5261842254,11884.6771445753,10568.5517570319,10952.2774687924,3238.67739847039,139054.237984035,4704.54212473335,9085.91878260987,9077.28359797389,3607.46350584795,203.730983933909,113.468260584238,53253.095059486,1022909.91640091,354.053560961396,9434.28304062215,253674.594219213,130591.117068842,20789.7661555124,68.0269981340086,29.4582701425375,21867.1559994886,21.3427821243488,7059.15271871334,2207.38585300046,3829.11217381062
8.44100287075048,67.456966892845,7.32516127816439,22.7683691020127,1457.57083947164,23.4057112713565,707.309077968786,151.416250396291,20.7689021995407,1992.45643227054,102.428016203353,79.0749629340496,87.7353280244715,75.5320132311774,11.3968362963897,27.0048708558193,102.776982533643,12689.6986931947,76.6252574589896,62.5951999094386,2373.71873513731,9463.11536149754,26.066040923261,7.57751489751672,8.92840670163491,94.3961955947061,7.28656783281326,5332.072560483,348.105274297591,9.46266417549873
5.09901479985024,7.18013404479507,4.43795979048468,5.80129898343603,20.9695937264676,7.60395267656031,8.51756052885366,12.9315135070392,6.48238936199687,10.2495392176818,6.68805750294564,9.43204057802336,7.53933176753003,10.1847373826697,7.09845668648745,7.15713497393267,8.51050534440537,16.7267698226026,8.48998553117895,4.67378866662102,27.1381050259399,14.2522898577593,5.35697171025913,5.00578671532685,5.41113336337662,7.39925430658377,4.01153101409841,10.0797053963861,7.98072566023325,6.22246955017181
3.39532387852637,5.2567947886846,4.43795979048468,5.57989969650316,4.87113472086344,5.20025228948703,3.93889836563631,7.50480994921827,4.79435941266365,7.99780645769124,5.03714790934805,4.89056452563227,5.41099108228013,5.17238710959941,6.47503235986369,3.46676909229313,7.03586659818552,6.37909683775342,4.93314621316381,4.67378866662102,6.25877063638109,7.05467212190842,4.64640894762624,5.00578671532685,4.00780267331015,5.31845230593353,4.01153101409841,6.12445502675496,4.29528829649757,4.23235045065508
3.39532387852637,3.27899588961213,4.43795979048468,4.92220570599056,4.60054724284441,5.20025228948703,3.93889836563631,4.5822364004141,4.76657678870697,3.28423273362296,3.44369378709871,4.89056452563227,5.28021073853415,2.960041032032,5.57713136100529,2.8850947711901,4.68993962236482,2.17666551574871,4.8871991520989,4.67378866662102,4.5251871962696,4.93952999512726,4.56973528340518,3.64497835141901,4.00780267331015,5.10503540988793,4.01153101409841,5.47106894251237,4.29528829649757,4.23235045065508
3.39532387852637,3.27899588961213,3.74550343157694,3.11849556984544,4.60054724284441,4.43219273456339,3.93889836563631,4.5822364004141,4.76657678870697,3.28423273362296,3.44369378709871,3.57934600075532,4.84604576141851,2.960041032032,4.60190633607363,2.8850947711901,4.68993962236482,2.17666551574871,4.26941838334892,4.47890565198531,3.77306773160353,4.75486442139913,3.74839781658784,3.64497835141901,3.5341123865162,4.14087724175329,3.60348565011623,3.38859195225359,4.29528829649757,4.23235045065508
3.19190016861558,3.27899588961213,2.24373823439373,3.11849556984544,4.60054724284441,2.79299930233356,3.89383785740711,2.45934316244598,4.32925109712664,3.28423273362296,3.44369378709871,2.44739046858899,4.84604576141851,2.93359359981037,4.5301107706,2.8850947711901,4.34567710365104,1.12259045299834,2.02755490088634,3.95239590400752,3.77306773160353,2.63956063030309,3.68753781097666,3.64497835141901,3.5341123865162,3.51078063373825,3.60348565011623,3.38859195225359,2.19312143440425,4.2018918734168
3.19190016861558,3.27899588961213,2.24373823439373,1.98359573551465,3.82358222054631,2.79299930233356,2.74546779571165,2.32993618625687,3.73102497778996,0.835818677473981,2.95414158423455,2.44739046858899,4.52059739329843,2.93359359981037,3.84586214022943,2.8850947711901,4.25596967651609,0.861118031393289,2.02755490088634,3.21844867100049,3.77306773160353,2.63956063030309,3.68753781097666,2.9812014778779,3.5341123865162,3.51078063373825,2.42858419757067,3.38859195225359,2.19312143440425,4.1517804686473
2.36914053441569,2.77600645015718,2.24373823439373,1.98359573551465,3.02621936175387,2.3064780656714,1.63279455228871,2.32993618625687,1.35659798473534,0.82191246093339,2.95414158423455,2.44739046858899,4.00213446600856,2.62682213332118,3.84586214022943,2.8850947711901,3.40311721085254,0.859543841829691,1.67228793034064,3.21844867100049,1.49314659901484,2.63956063030309,3.31679030690043,2.9812014778779,2.84140382642818,3.51078063373825,2.42858419757067,2.53720206737466,2.19312143440425,3.5515873694992
2.36914053441569,2.60471436309967,2.24373823439373,1.98359573551465,3.02621936175387,2.3064780656714,1.63279455228871,2.32993618625687,1.35659798473534,0.821912454034873,2.14554163147159,2.44739046858899,4.00213446600856,2.62682213332118,2.45175474776079,2.8850947711901,3.40311721085254,0.859543841626873,1.16600863125018,3.21844867100049,1.24964945670627,2.63956063030309,2.95018019561553,2.9812014778779,2.84140382642818,2.19753377441066,2.42858419757067,2.53720206737466,2.19312143440425,3.08737585942868
2.36914053441569,2.60471436309967,2.24373823439373,1.98359573551465,2.90317372420532,2.3064780656714,1.63279455228871,1.89213597228354,1.35659798473534,0.821912454034873,2.14554163147159,2.21547610777975,3.80535292172863,2.35441678719849,2.45175474776079,2.8850947711901,3.18416288436674,0.859543841626873,1.16600863125018,3.13188099391937,1.24964945670627,2.63956063030309,2.95018019561553,2.9812014778779,2.7906255229841,2.19753377441066,2.42858419757067,2.53720206737466,2.19312143440425,3.08737585942868
2.22292941864748,0.839566318294374,2.24373823439373,1.98359573551465,1.95989269201255,2.3064780656714,1.63279455228871,1.73765203623793,1.35659798473534,0.821912454034873,2.14554163147159,2.21547610777975,2.22742893288569,2.35441678719849,1.36289508923369,1.43267203099185,2.70576078631211,0.859543841626873,1.16600863125018,1.11323959308584,1.24964945670627,2.62992457164773,2.18520229316255,2.88131797602114,2.7906255229841,2.19753377441066,2.42858419757067,2.06596970464875,2.19312143440425,2.68738245584382
1.78662546045484,0.839566318294374,1.58237772493567,1.98359573551465,0.91181061414818,1.52758761920427,1.63279455228871,0.368208347686732,1.35659798473534,0.821912454034873,1.83490440296441,2.21547610777975,0.759162789956463,1.78271474968869,1.36289508923369,0.794856196638648,2.61447352608411,0.859543841626873,1.16600863125018,1.11323959308584,1.24964945670627,1.4268189700349,1.4705586723876,2.50049827241833,2.7906255229841,1.26781884002935,2.42858419757067,2.06596970464875,2.19312143440425,0.490802122907326
1.10573722659115,0.839566318294374,0.676159268047513,0.88364095228394,0.584189591952736,0.911849951810837,0.82586149181634,0.368208347686732,1.35659798473534,0.643598044753617,0.540429477219959,0.712415891571936,0.536345765815668,1.30687410280757,0.616395388496812,0.794856195238708,0.564593828594752,0.859543841626873,0.85613733304649,1.11323959308584,0.54232280938686,0.726884563722024,0.393918235611864,0.800016334442034,1.50980057207539,0.699777557625794,1.09065151974823,0.964733415504725,1.08793007547956,0.490802122907326
