673.099189481272,361.715281147306,682.358459677466,863.58980624493,1044.98496869719,1136.89105854156,472.97636425358,506.672967698039,640.518994802606,672.663982432631,245.750586156938,580.376169316023,730.734400876508,1158.69212458951,1573.78550593763,852.271426170571,908.682114172372,1326.69969178558,774.695215211275,709.160673828847,528.775202302751,508.523554667205,813.510528735937,795.100023959419,2314.53453996404,1195.11588941345,502.112092483525,622.870313029656,1396.48896839734,728.712584244035
487.59161197327,294.130008102144,167.164905404698,510.535979185213,859.620548430021,664.195382951507,448.902321726061,106.1311951442,494.670047057368,672.663982432631,219.953689708868,535.518187607878,645.048348032506,933.75438744646,593.868857787212,704.649724190905,478.495290428579,742.330091329163,484.063336687031,621.591025349716,484.701014980086,164.185962258289,462.598234166098,795.100023959419,905.539528473664,353.311118085919,444.950316700489,536.723854366383,453.962215047336,599.503485377512
474.266045595106,274.109918830904,167.164905404698,499.994369768787,768.213844549149,624.976938656906,436.060277034154,62.8302329960571,470.694861273426,672.663982432631,186.572015675754,508.555995676886,637.354635282514,864.502087414528,484.635765261091,680.647278799463,424.727890270084,582.131895173036,422.861020505001,540.016584023856,456.01878430997,39.8838569890133,341.649446464585,795.100023959419,806.660798624082,297.217236485302,389.020670060236,481.22745067167,322.419828476728,449.51276321104
471.346326767392,265.481507434256,167.164905404698,472.978477774057,734.209871478154,610.833992378255,428.644648227851,52.669083293088,468.148826435389,672.663982432631,172.809397717175,504.0923580086,630.694511943578,818.955794090513,404.655284884375,670.95175233861,383.693604618016,551.640144465318,389.264569891129,514.191441309958,413.355215085498,25.414212039179,280.583458367366,795.100023959419,806.660798624082,273.014032218036,363.783927671914,435.704339888158,290.569476407247,388.92322314694
468.085646027122,231.377543247628,167.164905404698,452.380639458088,718.102883754909,588.707448131604,417.317036571641,26.0975922028567,456.046260529934,672.663982432631,134.329994552885,494.620293163137,628.984737077345,788.567822503631,373.891554402417,666.403572905351,347.379948902566,543.438871568589,363.159736638491,493.841759266408,387.358086072046,16.5450837244932,279.592333804608,795.100023959419,806.660798624082,242.259476638934,351.082337366867,427.988390733779,257.790760926005,366.788647936329
468.08357763994,230.10080877722,167.164905404698,451.769328595867,697.422366126723,585.075294817463,416.626731941698,24.152833549495,455.520154589753,672.663982432631,130.814974411485,480.675419932666,600.177061556007,773.489462985161,372.957161207164,641.212174225029,344.286597907633,525.940367353988,358.239697478455,477.755341431184,370.082937223363,13.9710279020285,247.976869554211,795.100023959419,806.660798624082,233.227801315779,350.221106725305,419.938382745548,251.304287697812,357.810306460949
468.078272052152,230.100801502578,167.164905404698,451.769291538896,457.342088957477,585.075195619738,416.626704538616,24.1527267810872,274.142662964564,645.409900983345,26.0948176211278,480.610001512069,565.980216230004,505.510548301588,372.948826153956,641.108072612858,254.897749461352,467.382321448304,358.23966199981,477.748768464221,370.082184776341,13.9709512218456,242.182900860633,342.220617888095,415.909265195788,233.227801315779,229.851990287885,377.879759716741,251.302620170718,243.946708400462
468.077384211636,230.100801502578,167.164905404698,451.769291538896,457.342088957477,585.075195619738,50.3552018548808,24.1527267810872,247.652698934639,37.3582386690168,24.0699234327228,250.096864897154,475.430985431914,358.213698415592,372.948762159186,265.763370456654,241.931115079786,438.875450516554,358.23966199981,416.260994379148,358.019388569119,13.9709512218456,241.455951500588,336.677596825934,415.843557872137,233.227801315779,229.473237471319,369.538793955055,240.530553424316,230.073123385211
356.901504239056,230.100801502578,123.287733356252,308.901739385169,457.342088957477,345.935980912098,27.6122566041221,24.1527267810872,247.627998658796,27.2572386172643,24.0179568771668,240.049514204602,475.218820135682,358.208660263329,372.948762159186,262.685379588338,222.304418444173,438.869966929471,358.23966199981,416.233286085239,358.01915662479,13.9709512218456,240.889097966916,336.677401775451,415.843536613969,233.227801315779,229.413517049493,368.940582183158,240.524092997868,230.002933135933
356.900023968284,230.100801502578,119.713429310838,308.28078601732,360.094396871312,237.578834183021,24.6001983555121,24.1527267810872,247.627998658796,24.0216755787897,24.0179480317993,240.049514204602,119.797510703424,261.880742476517,356.747532356647,262.685379588338,219.900210149539,438.869966929471,262.07413167371,415.020966270876,358.01915662479,13.9709512218456,1.79683473146142,336.677401775451,415.843536613969,233.227801315779,229.413517049493,251.059103845684,240.524092997868,52.5546703462615
356.900023968284,230.100801502578,119.713429310838,308.28078601732,232.510801948093,237.504200643698,23.7770428158743,24.1527267810872,247.627998658796,22.5854237248963,24.0179480317993,240.049514204602,119.048516378931,234.870620925689,225.460772890302,262.685379588338,218.305421923672,240.548398759847,262.069437587074,415.012784942266,239.082857351378,13.9709512218456,1.69324939499074,336.677401775451,253.128080536801,233.227801315779,229.413517049493,251.058541250658,23.8423893081636,23.6062292685591
339.998768198818,12.2805996837359,119.713429310838,241.400592653638,231.957549942867,237.504200643698,23.7770428158743,24.1527267810872,247.627998658796,22.5790986483495,24.0179480317993,240.049514204602,119.048329554814,231.656717213751,42.7381469373498,262.685379588338,218.305421923672,239.911346476235,262.069437587074,415.012784942266,238.378696299336,13.9709512218456,1.69324939499074,336.677401775451,253.128080536801,233.227801315779,229.413517049493,251.058541250658,23.8400736753595,23.6055613252106
339.997000417161,12.2525613162236,119.713429310838,238.953889879627,130.171162882227,237.504200643698,23.7770428158743,24.1527267810872,247.627998658796,22.5790986483495,24.0179480317993,240.049514204602,119.048329554814,231.651210569039,23.6997000239869,262.685379588338,218.305421923672,239.911346476235,262.069437587074,415.012784942266,238.277440810529,13.9709512218456,1.69324939499074,336.677401775451,253.128080536801,127.65154337867,229.413517049493,251.058541250658,23.8400736753595,12.5467553507261
339.633309759598,12.2525613162236,119.713429310838,119.499460320173,23.9117097552802,217.957562273781,23.7770428158743,24.1527267810872,247.627998658796,22.5790986483495,24.0179480317993,240.049514204602,119.048329554814,231.651210569039,23.6997000239869,262.685379588338,218.305421923672,239.911346476235,130.754618590563,415.012784942266,238.277440810529,13.9709512218456,1.69324939499074,249.225374263431,253.128080536801,119.148703463415,229.413517049493,251.058541250658,23.8400736753595,12.5467553507261
