1111.55995678352,1097.80500129649,923.719634566344,1257.97746914858,1201.22279256007,1154.61396058579,1076.22953929105,951.226265284448,814.403949661509,1171.31916981759,638.76292871992,1024.43734280611,752.506623819062,1173.7163877268,1171.09802957122,1225.65000609893,692.749282108827,1162.03938183113,810.799245408946,1198.71265186186,1076.62929902167,1028.27447560758,1074.75223277171,1061.01618414315,803.033434436155,951.441067327398,1264.25347158887,1081.66842481698,677.638401538302,1241.37269826808
1079.29654528428,1055.60765037342,849.667527814832,1218.81403579973,1193.46024819863,1087.44739137557,1071.48259535771,915.904512892125,718.010428760818,1148.22594411924,595.848269962655,939.137941671485,743.519844616687,1163.97931177821,1171.09802957122,1174.08648888949,616.595677724887,1146.3841689592,776.61155827133,1168.84834970989,1043.66406677476,937.68409802837,1068.71049962823,1016.44645472238,739.756590248812,902.330733909853,1254.87778716448,1081.66842481698,577.358570602143,1211.03017966139
1050.31102010116,1025.46771717435,800.88189887005,1184.16694200492,1135.51301897635,1087.41225113442,1048.40828117252,892.557597424183,652.005832406597,1141.4834355129,504.110744727142,874.568770034735,664.153579300573,1137.27001665305,1160.27752923063,1159.61317288194,553.478556896993,1090.39835284737,711.82370520776,1168.84834970989,1016.00083855738,849.016852917826,1050.93662426686,943.044916779393,698.814731626921,876.260474665413,1211.40284745468,1060.28165507322,565.738363649434,1194.89218593219
1000.3266348782,935.737709889392,663.450903071195,1098.04459017812,1128.8162261493,1028.93838307945,924.474778588752,817.981047397477,576.386830790237,1122.62447348036,351.64421782578,750.520678463434,583.772911491752,1103.69655092265,1135.56558785117,1057.48151895402,480.054500981991,1060.85548623864,679.439270988288,1163.48001620753,976.658914037701,676.638658513161,975.215833855538,861.328706235522,526.988507020482,798.420979655381,1192.17743680429,1017.76694116643,444.020317176477,1188.62678480023
879.248994640594,761.254597951364,497.073008962891,904.860003245675,1099.18263159764,891.206762936102,862.568878261805,463.764227564025,457.942031657142,1053.65432952551,208.389529753481,632.96165738073,344.441104546118,1057.93829649473,1109.36436144839,1010.2292260323,397.878127970066,938.10600550986,427.740309686326,1089.38949091009,827.931056133531,420.731898155387,830.396844230685,616.094807030107,324.540343252118,607.334225943213,1114.77738555003,922.914704886426,311.545901098743,1121.4579161887
574.484528750037,421.65240441321,257.821618169406,606.60015764697,1016.27397816835,658.814486749353,453.237259718643,118.969979803814,201.658883864626,815.171764223766,99.4494524433052,318.145296121429,154.765341073325,913.925674038835,1037.30422821595,783.695697078598,201.339107152759,579.427043945476,156.164158657318,925.949432938402,487.567444891032,192.737859920357,510.564207848837,212.109801696424,194.968611028287,281.50760249601,864.020305958163,629.470263619432,195.229716816552,1018.37746710518
123.522087215422,132.357333388814,83.6529203015989,187.930349602001,589.407281715204,183.47806864924,113.696309393234,91.2901178999482,101.559117667961,205.403485907683,70.4917921242733,93.3603827799595,90.1315716274667,302.785959959935,415.51787284781,279.196284208997,89.5657424992653,166.141909021742,89.7573900608629,476.008340012832,116.124310341997,95.8856226025875,133.812272504903,99.6202969314116,92.1599375128346,78.9644694949498,311.915234948671,160.733646785896,80.8493251051359,586.173818651274
65.998067285359,73.4475542021001,55.97444074002,69.8489627713807,93.856349401694,72.3103801159334,70.5454546330093,50.0190078167696,51.8720160150079,85.4501893913809,26.265814224047,58.9005675555425,50.7146207802707,63.7971807753159,85.4274216925494,77.8461651649913,49.5077482327823,66.8768204175921,33.1140001910309,92.1227544241383,67.7826996700504,44.5255336826923,68.2283251695671,57.9884731534128,52.7648063748141,48.5200443832233,80.7142754993706,73.0867556232097,36.539123741596,82.200565545163
22.7113910577747,20.2475236066855,20.0610341707977,23.5024297836502,36.5719209825731,24.1024499270078,23.5103819086234,18.650227432151,17.190215312581,22.7336315820116,12.3068036823736,21.7150146356287,16.83539435285,39.3898734359673,29.2546298227692,26.2234497287657,16.6121674541583,28.0432183510121,19.5441263094052,20.4742353140288,16.3457371727983,17.7010783488341,19.0314503593494,17.4264131205386,16.5611730975976,17.8481770523978,30.8237463277576,19.1929183251367,16.0693636551516,30.1472314990176
5.1507199981913,7.20783874401039,4.69372412446495,7.13538429981006,8.34537435733255,7.13177576980527,5.13048217143914,5.13752509939336,4.71833700852517,9.30587932662489,2.3773974118628,5.77097147162251,2.86331527642509,8.22194132404083,7.49005290739267,8.15838296734059,4.6765433105932,6.33747120962296,4.71849169395639,6.8409199173708,3.24956210025492,3.25383502083012,5.97090871602043,4.61221749428433,4.31772769728725,3.23204710098078,8.72623432013702,6.67963376827831,5.25816856679902,7.38051039883469
0.100322014711536,0.0779680930841221,0.0721959399898308,0.0468034714057456,0.0926381746160785,0.067704412684445,0.0712735065005174,0.0399656757531061,0.0460655833233633,0.161920278523985,0.044229684000546,0.057873832259974,0.0538013621337426,0.134904665588539,0.0791760476374966,0.0825375295081459,0.0520970934915294,0.107845720371975,0.0383387049457055,0.0669152761750033,0.0629023527076585,0.0382863793604971,0.0433182902376246,0.0523421530863823,0.0617356446003889,0.0275789163087527,0.0909417175307539,0.0569014786907508,0.0776598897178415,0.112856978309607
0.000544526086126995,0.000391631471298704,0.000579993206927313,0.000235049188711508,0.000307193278970304,0.000651408301289296,0.00031849144530528,0.000359450255849517,0.000290139187286217,0.000791817013346605,0.000196815263916796,0.000441400373340169,0.000207855504981096,0.000359300476590174,0.000443622717908342,0.000398256654246157,0.000179959846463128,0.000403765080660047,0.000308029783992042,0.000318215969450917,0.000194258695512968,0.000165455461532675,0.00019790556019171,0.000223766117475365,0.000271851409247503,0.000159495903509784,0.000352858566373598,0.000310966732196173,0.00054242536017495,0.000500430771093817
2.4758338678326e-07,2.6890344572054e-07,2.92216100110821e-07,2.61907254362546e-07,2.47218288896879e-07,3.04781556092391e-07,2.78604134084316e-07,2.44017768748679e-07,2.55035364986158e-07,2.62125076317563e-07,2.62846144807623e-07,2.27080354360359e-07,2.89763614682265e-07,2.59572846147869e-07,2.45655715461193e-07,3.02208829561435e-07,2.20551514081045e-07,3.65665418793125e-07,2.46024356976451e-07,2.33982864462609e-07,2.6364285669084e-07,3.89066961918589e-07,3.74281149592214e-07,3.12422165773451e-07,2.99031985688374e-07,1.8520687559533e-07,2.75066063528556e-07,2.7388744975153e-07,3.37841635676908e-07,3.0859077811296e-07
2.4758338678326e-07,2.6890344572054e-07,2.92216100110821e-07,2.61907254362546e-07,2.47218288896879e-07,3.04781556092391e-07,2.78604134084316e-07,2.44017768748679e-07,2.55035364986158e-07,2.62125076317563e-07,2.62846144807623e-07,2.27080354360359e-07,2.89763614682265e-07,2.59572846147869e-07,2.45655715461193e-07,3.02208829561435e-07,2.20551514081045e-07,3.65665418793125e-07,2.46024356976451e-07,2.33982864462609e-07,2.6364285669084e-07,3.89066961918589e-07,3.74281149592214e-07,3.12422165773451e-07,2.99031985688374e-07,1.8520687559533e-07,2.75066063528556e-07,2.7388744975153e-07,3.37841635676908e-07,3.0859077811296e-07
2.4758338678326e-07,2.6890344572054e-07,2.81814703109115e-07,2.29177492450956e-07,2.47218288896879e-07,2.65941269285329e-07,1.95591174181371e-07,2.41954471380416e-07,2.45659051193807e-07,2.199795746196e-07,1.90775835675227e-07,2.2625454881491e-07,2.89763614682265e-07,2.59572846147869e-07,2.45655715461193e-07,3.02208829561435e-07,2.20551514081045e-07,2.12272385522497e-07,2.46024356976451e-07,2.04182770079551e-07,2.61665204817429e-07,3.02922230969883e-07,2.3649973884744e-07,2.24505361241282e-07,2.22292708850927e-07,1.8520687559533e-07,2.70263266936532e-07,1.91918207963954e-07,2.65451103865278e-07,2.83581096253099e-07
1.52428257817961e-07,1.87515413397076e-07,1.85701639084718e-07,2.07048738364084e-07,1.77543177326062e-07,1.73917975065037e-07,1.95591174181371e-07,2.17821636659091e-07,1.53180827826654e-07,1.66052020085473e-07,1.90775835675227e-07,1.81148852916794e-07,2.14213101743399e-07,1.79306648700881e-07,1.77280211384789e-07,2.18042527541163e-07,2.02873552406841e-07,1.8711117157334e-07,1.89705611523231e-07,1.93116820649469e-07,1.52922062986499e-07,2.0870251743385e-07,1.78209093261753e-07,1.97583896842518e-07,1.75755771660155e-07,1.8520687559533e-07,1.83327607295764e-07,1.91918207963954e-07,1.17635098614337e-07,1.42202904484012e-07
