574.484528750037,421.65240441321,257.821618169406,606.60015764697,1016.27397816835,658.814486749353,453.237259718643,118.969979803814,201.658883864626,815.171764223766,99.4494524433052,318.145296121429,154.765341073325,913.925674038835,1037.30422821595,783.695697078598,201.339107152759,579.427043945476,156.164158657318,925.949432938402,487.567444891032,192.737859920357,510.564207848837,212.109801696424,194.968611028287,281.50760249601,864.020305958163,629.470263619432,195.229716816552,1018.37746710518
105.708535831523,80.6310231575065,61.608242968921,93.9893576213554,278.235527927836,106.839579729724,94.3757377990117,67.7430878805376,53.6072519378612,141.936752163071,29.9795934074538,79.9975323550429,73.563957238363,119.870557435613,196.61136477984,89.2123005652201,61.257019508817,100.801663538528,74.5808056388772,193.908704892408,96.8664704513522,65.489718568899,89.0095281108438,82.7771098136775,62.0061710813083,61.5549982192249,182.290307193136,104.544878283725,63.0505054659975,272.274044310969
41.6457997142635,44.8094115756041,29.1953654832474,50.2267109958217,70.4225974726305,48.5931900698153,40.8473128704306,31.9381057686877,32.6810267342125,76.7914610755651,21.3056447509959,45.9008812976425,29.7734634338253,63.7971807753159,73.8214893935704,49.5266540816759,37.1389907362373,53.264695371571,28.2385988375735,73.8468416830184,55.2675209677345,34.0580933709258,51.0605249551495,26.4039917806976,33.7754241222712,27.4444148292822,78.4550066854946,53.4359161880636,36.539123741596,73.9307137487012
12.9503830908583,12.6829841133344,11.512393535442,11.6569339905001,15.7366614238698,12.2746933296712,11.9762690807982,11.4853362477381,9.65206709050476,14.9043554919018,7.12413499911548,10.4409003754469,10.2346994958685,17.0086994902398,15.3217703473096,12.7265029853378,10.0719717791786,12.4184497677102,10.3077645563319,13.8449204461258,12.7168497052605,9.83290663590571,10.5318332135661,11.3610062748451,10.1965147974364,10.7501445654421,14.635950653202,12.7576521758802,10.3914295859245,15.3408819169342
0.100322014711536,0.0779680930841221,0.0721959399898308,0.0468034714057456,0.0926381746160785,0.067704412684445,0.0712735065005174,0.0399656757531061,0.0460655833233633,0.161920278523985,0.044229684000546,0.057873832259974,0.0538013621337426,0.134904665588539,0.0791760476374966,0.0825375295081459,0.0520970934915294,0.107845720371975,0.0383387049457055,0.0669152761750033,0.0629023527076585,0.0382863793604971,0.0433182902376246,0.0523421530863823,0.0617356446003889,0.0275789163087527,0.0909417175307539,0.0569014786907508,0.0776598897178415,0.112856978309607
1.14458542595006e-05,1.0410932865379e-05,1.34982574151342e-05,6.75579847514231e-06,7.72164306236403e-06,1.45224751122285e-05,6.11114483551524e-06,1.04403358658741e-05,7.27830479986029e-06,1.9479947299121e-05,4.92537457575935e-06,1.07584481333345e-05,4.13096621922092e-06,7.1845288227761e-06,1.55715274160908e-05,8.69743118078221e-06,5.6113494166218e-06,7.82133818762241e-06,7.65461772904625e-06,6.20057807707024e-06,9.70195974014896e-06,3.75782316698629e-06,4.70799844488673e-06,5.33728441350748e-06,5.76090406498717e-06,3.54152510238787e-06,8.77688884222191e-06,6.76227879197567e-06,1.40270100128983e-05,1.07174156677447e-05
2.4758338678326e-07,2.6890344572054e-07,2.92216100110821e-07,2.61907254362546e-07,2.47218288896879e-07,3.04781556092391e-07,2.78604134084316e-07,2.44017768748679e-07,2.55035364986158e-07,2.62125076317563e-07,2.62846144807623e-07,2.27080354360359e-07,2.89763614682265e-07,2.59572846147869e-07,2.45655715461193e-07,3.02208829561435e-07,2.20551514081045e-07,3.65665418793125e-07,2.46024356976451e-07,2.33982864462609e-07,2.6364285669084e-07,3.89066961918589e-07,3.74281149592214e-07,3.12422165773451e-07,2.99031985688374e-07,1.8520687559533e-07,2.75066063528556e-07,2.7388744975153e-07,3.37841635676908e-07,3.0859077811296e-07
2.4758338678326e-07,2.6890344572054e-07,2.92216100110821e-07,2.61907254362546e-07,2.47218288896879e-07,3.04781556092391e-07,2.78604134084316e-07,2.44017768748679e-07,2.55035364986158e-07,2.62125076317563e-07,2.62846144807623e-07,2.27080354360359e-07,2.89763614682265e-07,2.59572846147869e-07,2.45655715461193e-07,3.02208829561435e-07,2.20551514081045e-07,3.65665418793125e-07,2.46024356976451e-07,2.33982864462609e-07,2.6364285669084e-07,3.89066961918589e-07,3.74281149592214e-07,3.12422165773451e-07,2.99031985688374e-07,1.8520687559533e-07,2.75066063528556e-07,2.7388744975153e-07,3.37841635676908e-07,3.0859077811296e-07
2.4758338678326e-07,2.6890344572054e-07,2.92216100110821e-07,2.29177492450956e-07,2.47218288896879e-07,3.04781556092391e-07,1.95591174181371e-07,2.41954471380416e-07,2.45659051193807e-07,2.199795746196e-07,1.90775835675227e-07,2.2625454881491e-07,2.89763614682265e-07,2.59572846147869e-07,2.45655715461193e-07,3.02208829561435e-07,2.20551514081045e-07,2.12272385522497e-07,2.46024356976451e-07,2.04182770079551e-07,2.61665204817429e-07,3.02922230969883e-07,2.3649973884744e-07,2.24505361241282e-07,2.22292708850927e-07,1.8520687559533e-07,2.70263266936532e-07,1.91918207963954e-07,3.37841635676908e-07,2.83581096253099e-07
2.4758338678326e-07,2.6890344572054e-07,2.92216100110821e-07,2.29177492450956e-07,2.47218288896879e-07,3.04781556092391e-07,1.95591174181371e-07,2.41954471380416e-07,2.45659051193807e-07,2.199795746196e-07,1.90775835675227e-07,2.2625454881491e-07,2.89763614682265e-07,2.59572846147869e-07,2.45655715461193e-07,3.02208829561435e-07,2.20551514081045e-07,2.12272385522497e-07,2.46024356976451e-07,2.04182770079551e-07,2.61665204817429e-07,3.02922230969883e-07,2.3649973884744e-07,2.24505361241282e-07,2.22292708850927e-07,1.8520687559533e-07,2.70263266936532e-07,1.91918207963954e-07,3.37841635676908e-07,2.83581096253099e-07
2.4758338678326e-07,2.47026996500916e-07,2.81814703109115e-07,2.25902153581878e-07,2.47218288896879e-07,2.14117418315099e-07,1.95591174181371e-07,2.41954471380416e-07,2.11679458792122e-07,1.66052020085473e-07,1.90775835675227e-07,2.2625454881491e-07,2.67240085166092e-07,2.40421123199826e-07,2.39132100887035e-07,2.43383516078844e-07,2.20551514081045e-07,2.03531646539292e-07,1.89705611523231e-07,2.04182770079551e-07,2.52230176603702e-07,2.30926325487835e-07,1.78209093261753e-07,2.10654049003468e-07,2.22292708850927e-07,1.8520687559533e-07,2.37764828057367e-07,1.91918207963954e-07,2.65451103865278e-07,2.19002849376229e-07
2.4758338678326e-07,2.47026996500916e-07,2.81814703109115e-07,2.25902153581878e-07,2.47218288896879e-07,2.14117418315099e-07,1.95591174181371e-07,2.41954471380416e-07,2.11679458792122e-07,1.66052020085473e-07,1.90775835675227e-07,2.2625454881491e-07,2.67240085166092e-07,2.40421123199826e-07,2.39132100887035e-07,2.43383516078844e-07,2.20551514081045e-07,2.03531646539292e-07,1.89705611523231e-07,2.04182770079551e-07,2.52230176603702e-07,2.30926325487835e-07,1.78209093261753e-07,2.10654049003468e-07,2.22292708850927e-07,1.8520687559533e-07,2.37764828057367e-07,1.91918207963954e-07,2.65451103865278e-07,2.19002849376229e-07
1.52428257817961e-07,1.87515413397076e-07,2.75560268048954e-07,2.25902153581878e-07,2.17364705021291e-07,2.14117418315099e-07,1.95591174181371e-07,2.41954471380416e-07,1.53180827826654e-07,1.66052020085473e-07,1.90775835675227e-07,1.81148852916794e-07,2.60986142142158e-07,1.8783547110233e-07,1.77280211384789e-07,2.21386704643967e-07,2.15080146609435e-07,1.8711117157334e-07,1.89705611523231e-07,2.04182770079551e-07,1.52922062986499e-07,2.0870251743385e-07,1.78209093261753e-07,1.97583896842518e-07,2.21530386016859e-07,1.8520687559533e-07,1.83327607295764e-07,1.91918207963954e-07,2.65451103865278e-07,1.42202904484012e-07
1.52428257817961e-07,1.87515413397076e-07,1.85701639084718e-07,2.07048738364084e-07,1.77543177326062e-07,1.73917975065037e-07,1.95591174181371e-07,2.17821636659091e-07,1.53180827826654e-07,1.66052020085473e-07,1.90775835675227e-07,1.81148852916794e-07,2.14213101743399e-07,1.79306648700881e-07,1.77280211384789e-07,2.18042527541163e-07,2.02873552406841e-07,1.8711117157334e-07,1.89705611523231e-07,1.93116820649469e-07,1.52922062986499e-07,2.0870251743385e-07,1.78209093261753e-07,1.97583896842518e-07,1.75755771660155e-07,1.8520687559533e-07,1.83327607295764e-07,1.91918207963954e-07,1.17635098614337e-07,1.42202904484012e-07
