471.255455749303,466.807531793454,486.884101786939,538.195720694845,490.036697298546,471.103132833987,473.721836344404,557.207895990392,492.106314757643,471.850071581015,467.037717336373,474.131608373998,521.870425033588,445.317635701625,467.516946914891,522.346274882401,464.419529449837,523.982863038299,554.264656633123,464.260945342766,413.39663735603,455.832866257133,490.250306925568,452.427572587626,885.78316793953,438.105743442945,434.495723238392,513.22895221353,373.882263829866,481.014925795076
418.090828320075,421.575667181742,484.96913709788,410.537941558368,425.471220863379,423.719944490519,378.908599814365,423.727776073748,466.765412670817,425.680018345292,396.743377901529,428.67907118631,433.853924750908,434.849984952741,467.516946914891,522.346274882401,403.80440422149,453.969830776724,453.829149443059,441.591087507772,381.575358756505,455.832866257133,446.049986337427,430.838090527656,550.073352452026,438.105743442945,408.392315399151,419.33476318355,373.882263829866,414.339520140063
364.739861926883,401.715370874642,441.28884434812,410.537941558368,408.267038798107,423.719944490519,378.908599814365,423.727776073748,444.694314878284,425.680018345292,396.743377901529,401.19473209509,366.49400053617,325.326328012182,467.516946914891,431.927490686283,403.80440422149,423.483797502998,410.712852719423,424.014386348397,381.575358756505,430.74221422141,409.795107376468,411.899988687478,251.243214439618,438.105743442945,391.329497992266,419.33476318355,373.882263829866,410.66677626926
364.739861926883,401.715370874642,387.24838321725,402.893127811527,408.267038798107,394.343388115419,378.908599814365,394.684766235039,385.655552299237,425.680018345292,381.204360081316,401.19473209509,366.49400053617,325.326328012182,467.516946914891,386.718040545482,403.80440422149,366.66044714661,406.619565181271,397.388387269856,370.930507097691,430.74221422141,395.595181711085,392.552991684262,213.421881288808,383.383915486227,391.329497992266,419.33476318355,373.882263829866,381.596678290856
364.739861926883,388.900116363822,370.852557552448,397.748322653728,408.267038798107,387.175210427916,363.418050174503,370.643063532098,381.839370942329,382.090470838739,376.456004167784,285.502100830146,366.49400053617,325.326328012182,408.181468591598,381.861958162775,397.740611345901,366.66044714661,370.044033051457,396.610872177443,370.930507097691,401.552820195872,390.966119078397,375.503336140655,200.447216612195,381.578136188404,388.932001763696,385.74936262889,373.882263829866,372.877014022995
350.652505936365,371.128372555553,370.852557552448,379.406715998056,369.506408395871,364.255599792728,338.399761742887,366.927606983587,371.292531221094,365.595746949209,376.456004167784,285.502100830146,366.49400053617,325.326328012182,344.867033355885,360.764603564422,375.224336918137,366.66044714661,370.044033051457,383.616443659515,357.230392931017,373.774402224666,382.130338565197,369.467898927067,200.000009664878,367.769248544781,361.944596438057,350.342209587919,373.882263829866,372.877014022995
350.652505936365,319.929866877136,370.852557552448,379.406715998056,369.506408395871,364.255599792728,338.399761742887,366.927606983587,371.292531221094,365.595746949209,376.456004167784,241.581547208511,366.49400053617,325.326328012182,344.867033355885,360.764603564422,366.540476750085,366.66044714661,367.737393839691,378.239011743087,357.230392931017,372.272544059143,382.130338565197,369.467898927067,200.000000108636,367.769248544781,361.944596438057,350.342209587919,373.882263829866,372.877014022995
350.652505936365,319.929866877136,370.852557552448,350.549211879527,324.612915476442,364.255599792728,338.399761742887,366.927606983587,371.292531221094,365.595746949209,364.517394884251,241.581547208511,366.49400053617,325.326328012182,344.867033355885,360.764603564422,366.540476750085,366.66044714661,367.737393839691,328.318830076249,357.230392931017,335.563500166009,380.083701286836,369.467898927067,200.000000108636,367.362636535278,361.944596438057,350.342209587919,373.882263829866,231.133985968189
350.652505936365,319.929866877136,316.728257760895,350.549211879527,324.612915476442,364.255599792728,338.399761742887,366.927606983587,371.292531221094,365.595746949209,319.248239443637,241.581547208511,366.49400053617,325.326328012182,344.867033355885,360.764603564422,366.540476750085,366.66044714661,367.07211406316,328.318830076249,357.230392931017,335.563234965423,380.083701286836,369.388839305372,200.000000105021,367.362636535278,361.944596438057,350.342209587919,372.459497347748,231.133985968189
325.307520452843,319.929866877136,316.728257760895,350.549211879527,324.612915476442,333.997550603507,328.588540025044,366.927606983587,371.292531221094,354.325645406665,319.248239443637,241.581547208511,329.826024194695,325.326328012182,344.867033355885,360.764603564422,327.919982268287,366.66044714661,351.952069884304,328.318830076249,328.588540025044,335.563234965423,365.88948344558,369.388839305372,200.000000093032,328.588835291062,361.944596438057,350.342209587919,367.210302048347,231.133985968189
325.307520452843,319.929866877136,316.728257760895,328.324614943872,324.612915476442,333.997550603507,328.588540025044,366.927606983587,370.451070760239,328.588540025044,319.248239443637,241.581547208511,329.82602419469,325.326328012182,344.867033355885,360.764603564422,327.919976769824,366.66044714661,351.952069884304,328.318830076249,328.588540025044,335.563234965423,365.88948344558,334.449044163717,200.000000093032,328.588540025044,357.014373838522,328.588540025044,367.210302048347,231.133985968189
325.307520452843,319.929866877136,316.728257760895,328.318830076249,324.612915476442,333.997550603507,328.588540025044,366.927606983587,363.517578359258,328.588540025044,319.248239443637,241.581547208511,329.82602419469,325.326328012182,344.867033355885,360.764603564422,327.919976769823,366.66044714661,351.952069884304,328.318830076249,328.588540025044,335.563234965423,362.209061660125,334.449044163717,200.000000093032,328.588540025044,328.588540025044,328.588540025044,367.210302048347,231.133985968189
325.307520452843,319.929866877136,316.728257760895,328.318830076249,324.612915476442,333.997550603507,328.588540025044,332.611591446353,332.11650657189,328.588540025044,319.248239443637,241.581547208511,329.82602419469,325.326328012182,344.867033355885,332.611591446353,327.919976769823,331.056776071348,349.197903785222,328.318830076249,328.588540025044,335.563234965423,330.820579566206,334.449044163717,200.00000007624,328.588540025044,328.588540025044,328.588540025044,350.980028099594,231.133985968189
325.307520452843,319.929866877136,316.728257760895,328.318830076249,324.612915476442,333.997550603507,328.588540025044,332.611591446353,332.11650657189,328.588540025044,319.248239443637,241.581547208511,329.826024194689,325.326328012182,344.867033355885,332.611591446353,327.919976769823,331.056776071348,349.197903785222,328.318830076249,328.588540025044,335.563234965423,330.820579566206,334.449044163716,200.000000059075,328.588540025044,328.588540025044,328.588540025044,350.980028099594,231.133985968189
