1681.62001140498,1484.35405656034,2443.96486104539,1765.1317839845,2393.66669221303,1475.28879824571,1638.57782488946,1768.74761730709,1924.30217851976,1543.88243804258,1930.15079128004,1309.78520054358,1725.47507992866,1521.68779406963,1783.0893643219,2375.62616204058,1596.10351904277,2164.41158069389,1533.62843989452,2372.53719648195,1943.29419771884,2518.27905981607,2105.82062889136,1902.69748733887,1268.6945582751,1659.41518602895,1633.45343895359,1284.48910132305,2368.62660348143,2405.98143502024
799.127187199195,692.908570186894,1311.04114185289,813.100850557642,1166.35017201803,841.034558927508,1002.37613981924,721.762412677198,1099.06555075144,825.415332586348,1053.81327642348,878.141561384156,926.924945504423,713.644463546061,863.00722759466,977.898002008801,853.713836310638,968.054226312228,937.150774261418,1112.02644828669,979.867535792845,1026.01095166433,1023.87660999965,927.854869941817,672.403852296198,882.420600874435,781.23771477631,707.705610592319,1190.70178301911,940.957605120034
496.961483232094,569.28885841303,781.050943605549,593.135847056506,709.125965578559,513.78670658392,529.221550583465,513.355776530727,708.727120320827,556.422925790117,562.713508724099,577.289187027462,646.267896989995,485.982559096603,498.082058599125,528.980817610993,596.106596457861,572.110026961275,549.997379274907,580.3074834685,578.568743941664,634.206131963826,642.699661327336,608.17980029904,580.311048749634,546.451369366143,504.545380257394,539.728048118823,630.270722698282,561.446104552765
406.455687346481,492.369683335454,452.316657910952,392.542645453334,450.78042942975,387.094203555734,479.813696287702,446.250811962246,478.996628837352,423.208872035181,420.714655551856,441.14220351877,408.802527982287,460.665962918776,409.792269460698,502.576947960735,474.034293290811,451.77680019002,481.649285692198,444.525388947492,477.449706064781,404.429867581159,460.060449411532,452.824879669875,425.437295141568,444.7663493342,433.29129391912,473.468706394811,424.097419392629,469.774182847111
162.88226084177,210.813739385203,226.730812014624,183.969322035558,323.644537388221,187.422553699608,403.917739148894,397.054457835465,265.705984709382,169.807420254109,253.804297046029,339.881379064924,190.081061863505,217.246571381523,346.113620924418,170.277433565731,301.236702266608,146.85966178224,280.177464674626,375.192436991709,391.991085866148,397.256488098832,180.323563479075,375.279631191056,142.348700167397,387.625169496545,73.3436912381549,181.709245561065,210.559691896186,427.581849532372
77.7173401783377,80.8890856468511,171.026630259327,154.735071258097,112.252400100017,158.920037099058,77.8944385554396,29.9019157718419,93.5299864806868,146.923137927555,88.3616879710642,161.042859447256,160.63481358747,125.833515414681,50.8850755132119,120.891503986003,146.321137008407,102.42035982839,67.4556768319553,98.3296857210692,46.0187734602448,66.2159632623589,129.955456406935,97.0532395453261,90.2756253054922,61.1386422189073,63.2327318181572,129.967287035392,177.921353135759,104.900343250789
77.7171118742378,80.8825094269857,170.246154738079,154.735069271711,112.00023901523,158.911184562141,69.6794032442099,27.4858663007772,93.5288325591866,146.90367868403,88.3592876384459,161.036363243992,157.540440597895,125.821541987896,50.8819531467541,120.891466112822,146.321109387558,102.398985197308,67.4241798889921,98.3279784192125,45.9776929604675,65.4525996292139,129.955453497282,74.0904097897499,90.2742310897279,58.2029919102861,63.2327008833379,129.964960344478,177.89978002624,104.547136069583
77.7171118739561,80.882509426858,170.246153883661,154.735069271711,112.000238993082,158.911184561849,69.6792655579507,27.4858656339954,93.5288325591798,146.903678682946,88.3592876383354,161.03636324393,157.540175432931,125.821541987896,50.8819531417682,120.891466112822,140.614380677313,102.398985193389,67.4241798886228,98.3279784191975,45.977692937533,65.4525973073837,115.122300078719,74.0903891598787,90.2742310897279,58.2029908374357,63.2327008833076,129.964960344191,177.899779979597,104.547131288642
63.0979700982118,72.942587773264,81.956103639219,41.6534243188487,67.6298213812129,158.911184561849,69.6792655579507,27.4858656339954,78.5592934596762,67.9153787404207,16.8524873972419,161.03636324393,157.540175432931,59.9227194156299,31.3846203822779,120.891466112822,103.306571557227,102.398985193389,52.3278411017911,65.5467140460516,22.7876182371592,65.4525973073837,96.3039493892977,74.0903891598787,90.2742310897279,58.2029908374357,63.2327008833076,66.5365588188363,31.1526070182115,47.4764234813615
63.0976006026503,72.9422177707906,13.7969768679682,41.6532518099625,67.6282059249031,158.911184561849,69.6792655579507,27.4858656339954,78.5577459226686,67.9153592376215,15.8419815985912,115.321158544642,157.540175432931,59.9225303475382,31.2179197555954,120.891466112822,103.304028709599,102.398985193389,52.3278319075066,65.5446853327167,22.3710625846002,65.4525973073837,96.3039492895132,46.1936486752147,90.2742310897279,58.2029908374357,53.6945227223816,66.5334537649114,31.121912512468,47.4655988342874
63.0976006026503,72.9422177707906,13.7969665979192,41.6532518099625,46.5040509258613,56.5545073590777,57.6080441201198,27.4858656339954,53.9786830760095,54.8637483924122,15.8419814466961,77.0642586847314,8.04050071524148,35.1550748640518,31.2179197552232,76.6005918091855,46.7604483070572,52.305696645833,52.3278319075066,65.5446853327167,22.3710625843794,65.4525973073837,4.10348444361239,46.1936486295394,90.2742310897279,17.6610963056853,53.6945224513056,66.5334537649114,31.1219125120317,47.4655988342865
63.0976006026503,72.9422177707906,13.7969665979192,41.6532518099625,44.7197244212209,56.5545008161403,57.5709145812532,27.4858656339954,53.7179660958168,54.4502080028494,15.8419814466961,77.0642586384365,8.03787683707287,28.9481871402045,15.0563716796025,76.6001905840858,40.3750990390731,52.2442140040566,52.3278319075066,43.6986464680724,22.3710625843794,65.4525973073837,3.97983622844868,46.1936486295394,90.2742310897279,15.1567765088989,53.6945224513056,46.8482252022766,31.1219125120317,9.11915433653462
54.706297901173,7.45439735358968,13.7969665979192,41.6532518099625,44.7197244210874,5.58333993264046,32.0822853243646,27.4858656339954,53.7179660958127,54.4502080028042,15.8419814466961,77.0642586384365,8.03787683707287,26.0401521102319,15.0563716134056,11.013907791566,40.3750990390388,51.6196824839794,42.5594975483459,43.6986464479978,22.3710625843794,16.9611532736515,3.97983622837341,46.1936486295394,24.2089811080102,15.1567765086936,53.6945224513056,46.8482202294881,31.1219125120317,9.11915172681461
52.9271140887306,6.97417992239025,13.7969665979192,19.6658277534443,44.7197244210874,5.58162874463596,31.6436043705817,27.4858656339954,53.7179660958127,54.4502080028042,15.8419814466961,77.0642586384365,8.03787683707287,6.26771417007831,15.0563716134056,11.0108924503932,40.3750990390388,49.8592255632561,2.98487717130138,43.6986464479978,22.3710625843794,16.803915177087,3.97983622837341,46.1936486295394,6.29417807242089,15.1567765086936,8.41320396243691,46.8482202294881,31.1219125120317,9.11915172681461
