10183.3980869615,9759.55532881266,9212.484260163,10308.3549534077,10663.8616828792,10084.8448296685,8531.12651389391,11788.8558603148,10420.704747572,10140.8556809343,9375.56867775272,9612.4716726376,11052.7961792387,10426.2651921329,11628.8855240991,10763.3232074495,10019.8441076208,9825.55681753387,11379.659044685,11043.8563165781,10337.6878294798,8726.93589965494,9235.37934694379,10427.5756013047,10754.1219687816,10414.2481783582,11710.5206331107,11589.2717325373,10060.1223538234,10921.2169737372
10183.3980869615,9759.55532881266,9212.484260163,10308.3549534077,10663.8616828792,10084.8448296685,8531.12651389391,11788.8558603148,10420.704747572,10140.8556809343,9375.56867775272,9612.4716726376,11052.7961792387,10426.2651921329,11628.8855240991,10763.3232074495,10019.8441076208,9825.55681753387,11379.659044685,11043.8563165781,10337.6878294798,8726.93589965494,9235.37934694379,10427.5756013047,10754.1219687816,10414.2481783582,11710.5206331107,11589.2717325373,10060.1223538234,10921.2169737372
10183.3980869615,9759.55532881266,9212.484260163,10308.3549534077,10663.8616828792,10084.8448296685,8531.12651389391,11788.8558603148,10420.704747572,10140.8556809343,9375.56867775272,9612.4716726376,11052.7961792387,10426.2651921329,11628.8855240991,10763.3232074495,10019.8441076208,9825.55681753387,11379.659044685,11043.8563165781,10337.6878294798,8726.93589965494,9235.37934694379,10427.5756013047,10754.1219687816,10414.2481783582,11710.5206331107,11589.2717325373,10060.1223538234,10921.2169737372
10183.3980869615,9759.55532881266,9212.484260163,10308.3549534077,10663.8616828792,10084.8448296685,8531.12651389391,11788.8558603148,10420.704747572,10140.8556809343,9375.56867775272,9612.4716726376,11052.7961792387,10426.2651921329,11628.8855240991,10763.3232074495,10019.8441076208,9825.55681753387,11379.659044685,11043.8563165781,10337.6878294798,8726.93589965494,9235.37934694379,10427.5756013047,10754.1219687816,10414.2481783582,11710.5206331107,11589.2717325373,10060.1223538234,10921.2169737372
10183.3980869615,9759.55532881266,9212.484260163,10308.3549534077,10663.8616828792,10084.8448296685,8531.12651389391,11788.8558603148,10420.704747572,10140.8556809343,9375.56867775272,9612.4716726376,11052.7961792387,10426.2651921329,11628.8855240991,10763.3232074495,10019.8441076208,9825.55681753387,11379.659044685,11043.8563165781,10337.6878294798,8726.93589965494,9235.37934694379,10427.5756013047,10754.1219687816,10414.2481783582,11710.5206331107,11589.2717325373,10060.1223538234,10921.2169737372
10183.3980869615,9759.55532881266,9137.89256836013,10308.3549534077,10561.371655649,10084.8448296685,8531.12651389391,11788.8558603148,9790.96049677526,10140.8556809343,9375.56867775272,9612.4716726376,11052.7961792387,10426.2651921329,11628.8855240991,10763.3232074495,10019.8441076208,9825.55681753387,11356.3442420745,11043.8563165781,10337.6878294798,8726.93589965494,9235.37934694379,10427.5756013047,10754.1219687816,10414.2481783582,11710.5206331107,10890.3934118228,10060.1223538234,10366.8505610978
9948.19220584943,8874.50106281404,9137.89256836013,10075.7952884461,10272.2818480297,9892.72189111633,7430.22669152418,9998.62771054952,9074.25379774188,9812.58259208026,9362.39468167836,8925.76326112292,10182.5406089528,10102.1252855002,10078.2016200476,10030.7578400932,9267.18394845585,9825.55681753387,9720.03207271224,10352.4615705196,10337.6878294798,8726.93589965494,9235.37934694379,10427.5756013047,10021.6398839758,10251.8903260223,9726.45612452472,9568.55119576331,9350.29759831965,9654.3205302225
9116.85164426979,8189.95852575633,8455.50505797954,9820.56010230579,9982.86350672991,9828.02009484819,7430.22669152418,9842.91677973221,8804.90960453054,9468.79608273066,9362.39468167836,8925.76326112292,9465.96063398435,9588.34001788839,8973.93448865062,9952.11622388272,9267.18394845585,9059.33892572642,9278.78799758586,9503.65604376648,9714.90705062359,8483.71236890295,9235.37934694379,9833.31246157861,9968.362454128,9265.9741708732,9453.54498586311,9568.55119576331,9350.29759831965,9368.19529931733
9116.85164426979,8121.05164075515,8231.60108873445,9119.58096184104,9630.70147938862,9337.44064512544,7430.22669152418,9216.28754000306,8804.90960453054,8761.00796015736,8743.27090370599,8336.05109752654,9344.07888757225,9403.13266902502,8973.93448865062,8561.86988233,8500.98826964486,8696.18210307543,8030.6084118642,8425.33005146869,9387.7175100415,8483.71236890295,8201.50248227378,9488.42465123397,8766.40973783752,9265.9741708732,9395.90227361732,8323.67881092153,8753.1416335261,9046.26788393691
8063.71149802371,8121.05164075515,8181.88438511528,8622.41460411657,8928.7910933397,9165.37928269356,7430.22669152418,8602.99544796666,8047.70306544014,8139.77831663608,8252.00870370694,8336.05109752654,8416.32908260732,8367.74636112744,8433.92953182784,8492.12069181168,8341.40431354551,8694.62880544104,8030.6084118642,8425.33005146869,9125.34294823124,7634.2849626765,8201.50248227378,9364.97842970649,8079.53296514035,8591.39286210011,8767.83043502017,8323.67881092153,8170.16193419745,9046.26788393691
8063.71149802371,8001.12153690561,7845.41786649296,8622.41460411657,8824.32178942292,7290.40650401493,7430.22669152418,4399.51266190349,8047.70306544014,8139.77831663608,8252.00870370694,8074.1531972336,7500.18655239918,7958.03100849786,8433.25657818594,8343.58020966898,7018.76116208361,8207.64744126397,8030.6084118642,8425.33005146869,8120.24785405134,7634.2849626765,7897.56822166649,8916.0342201487,8079.53296514035,8586.34121984065,8191.52786966734,8323.67881092153,7826.05740005784,8176.8523039768
8063.71149802371,8001.12153690561,7845.41786649296,8386.32155978671,8344.36893068314,2513.79243631236,7430.22669152418,3137.1656120259,7877.01967275103,8139.77831663608,8252.00870370694,7566.61351018092,7500.18655239918,7958.03100849786,6973.10171916909,8343.58020966898,1511.63086549149,8207.64744126397,7621.98511023436,8134.00399621387,8120.24785405134,7634.2849626765,7897.56822166649,8283.61480585358,7704.03857655878,8586.34121984065,8191.52786966734,8013.2057843684,7271.56335905685,7380.73555030148
7815.77534641452,8001.12153690561,6814.45111360216,8077.12420775156,7932.43972788919,2426.86859532534,7430.22669152418,3137.05800453352,7877.01967275103,7535.26651062727,8060.25378188593,7566.61351018092,7500.18655239918,7723.9761146658,6973.10171916909,7539.98894125909,1510.95672910113,7824.76523457844,7621.98511023436,8134.00399621387,8120.24785405134,7428.04939215856,7698.20483742642,7186.84471153661,2708.76807640408,7397.77626816891,7154.30181112108,8013.2057843684,7271.56335905685,7380.73555030148
7815.77534641452,7651.37001893446,6814.45111360216,2808.31424404926,7776.02163492119,2426.55675668117,7430.22669152418,3137.05800453352,7877.01967275103,7535.26651062727,7958.09953149688,7047.42314911475,7500.18655239918,2833.0144142224,2757.48570229569,2978.22016479145,1510.95672910113,7561.81924186659,7621.98511023436,3737.29730285916,2879.37594948802,2911.12889044858,7362.87613696373,7186.84471153661,2708.76806897636,3214.72648894398,7154.30181112108,7604.39246505331,7271.56335905685,7322.931722688
1781.90054351039,2788.77523021672,3213.67541009669,2618.46669543564,3058.56681582898,2426.55605456654,2560.36248182537,2488.97575790948,3033.96367004526,2285.26230889786,3130.80920055082,7047.42314911475,7133.17055648333,2577.96842431997,1632.96038684547,1660.65143330396,1510.95672910113,6707.97326621993,7579.0151458585,3353.43303422499,1863.77686463088,1667.54776261088,3385.39410480004,2691.54743376622,2708.76806897636,2351.0346101718,2073.70672564254,3036.36428498176,2462.1433793724,2720.23592474459
1781.90054350873,1805.15479470664,1000.48982404921,2618.46669543564,1967.51934921788,2181.87654709047,2560.36248182537,625.2232724323,2702.43444620984,1376.65499116628,2532.38280939222,2258.0860454664,1789.06044846674,2048.62653017937,1632.96038684547,1660.65143330396,1510.95672910113,2400.96661494771,2005.38602308399,1810.39020639555,1863.77686462917,1667.54150416366,1048.9057839069,1075.17274556368,274.493234291625,2035.35467256215,1450.83179226897,2148.74112468513,2217.42982943101,1335.58073277998
