1371.44165905782,193.882593072082,301.904192059751,76.1225334313658,379.901372464941,29382.6305452586,13963.7018383939,4289.02384136422,271.675011523427,55.8136721459027,704.152468868266,376.738065910988,88.4135361229801,344.630930448306,4838.47935214616,59.3662541670747,1359.15579864526,1484.88894898479,25292.5228507403,953.34443986216,278.564362866473,881.573265975903,69.9243457296593,3185.39781749033,50797.4375256157,22701.1503289201,145.989144109201,207.542698583782,555.438386104034,213.961151547647
25.1972954004186,21.5168221016891,20.5293900747283,21.9564759664938,21.2807002921031,70.183328538511,32.9170858988182,29.8324225324391,19.9344136674376,16.1852867619014,21.4311720032715,22.1052420753713,21.6320418845758,18.395271602602,22.4594758022627,17.6226814019356,25.4730178188502,20.148250191224,30.4134301093814,22.5769049984938,21.0603107215409,22.2925229172727,18.2821282602724,23.8291645732888,156.927071402389,66.3515617531457,20.9141736521897,16.427781314731,19.6128511562135,21.02393560832
20.7856809152797,19.9674721844219,19.09718204827,18.8020260198659,20.6152977960783,24.1552796133042,21.0227151300992,19.597169766231,19.6492915267881,6.06922118681018,15.3446743874806,16.8483330938527,17.6550486652636,13.8033686436945,13.3991195135286,16.0931380854704,17.8117959508145,14.1484805375712,17.4596351071632,18.8191624943183,18.7373420030972,18.6143591745147,14.056802366458,18.7658116418568,26.5470285237739,19.9458941100788,19.6840129102256,4.16704410718739,19.6128511562135,9.98561100222241
10.7778618902566,16.9800456669718,6.52011151665079,9.51532490550562,16.8692622203348,4.68711850511409,18.9454445426086,16.8650326910565,3.56779410262061,5.45583730139447,4.37626307687424,16.8483330938527,3.69535770126822,2.66504974550935,5.85332757491642,16.0931380854704,6.08206896266188,3.43079818293972,17.4448522604935,15.5644372214142,6.13991963050603,6.58429446163427,8.01094267176609,3.51583858099161,19.3745574583852,6.81008839815195,18.3661300902645,3.20049120700605,5.20585938429485,3.67367037135227
3.01247916807051,15.931132850736,5.67424674777999,3.37961288369888,16.8692622203348,3.40046037903585,3.36641900892619,2.89222173910207,3.04205995813868,5.22391975159394,3.22913257462369,3.72288791317806,3.3871216824391,1.77932814532164,4.66827336156393,13.7188085390189,5.30251118156184,3.1367792945814,3.58705412618929,2.99978138095958,4.30161244332749,4.99208906523086,5.59083765242826,2.9737280197287,14.818632770493,6.07206079510638,5.03104480012462,3.09017963126735,4.98017371082096,3.07023342488264
2.93502064893687,4.07298441898911,5.67367414762703,3.36876892936425,3.60800034253998,3.34568826318309,3.04045627917526,2.65921976735854,2.95671515058052,5.20741379406741,3.03424330029816,3.57939332924161,3.38588795196938,1.74819356599983,4.64284065321453,3.21563447720109,5.29015040547824,3.08567404732571,3.36047514177517,2.95581348171913,4.29491780167768,4.99194625331847,5.58855023057913,2.89288810116,3.78773509100529,5.88670609117639,1.7370175578792,3.02200881610361,4.979174881174,3.04407739144426
2.93502056269108,4.07280618748041,5.67367414762703,2.32620041530981,3.36886863482277,3.34563691169296,3.04035306134256,2.6592193627896,2.74959191104563,3.92835353433293,3.03424319745272,3.57939332882552,3.38588795196938,1.74809938333419,2.80360687805137,3.20808397970177,5.29015038280727,3.08562226099366,3.36033907246497,2.95581340190256,4.29491780167768,4.99194625331847,5.58855023057913,2.89283529923182,3.78284727797177,5.86807309531764,1.73691482588083,3.01493771007267,4.979174881174,3.04395603335638
2.93502056269108,4.063434888144,2.9892658684837,2.32069116839284,3.36886853298506,2.69275397865817,2.61117091131405,2.6592193627896,2.74959191104563,3.92830261500967,2.50604906030958,2.15660150087547,3.38588795196938,1.74809938333419,2.65590907623255,3.20808397970177,2.38402806924546,2.71795150425919,3.36033907246497,2.95581340190256,2.57028990007598,3.32175002362237,5.58855023057913,2.89283529923182,3.78284664683156,5.86793488198327,1.73691482588083,3.01483958329572,4.979174881174,2.5920530963615
2.93502056269108,2.89324038396489,2.98926586846255,2.32069116839284,3.36886853298506,2.66119701742377,2.31232209257701,2.63878733865863,2.74959191104563,3.92830261500967,2.50601417673874,2.15660150030408,3.38588795196938,1.74809938333419,2.65590906730267,3.20808397970177,2.3789131566125,2.58860289060021,2.54313286783349,2.95581340190256,2.57028987425133,3.32029800651867,5.58855023057913,2.89283529923182,3.78284664683156,2.00066156616026,1.73691482588083,3.01483958329572,4.979174881174,2.59204875599266
1.98208698434905,1.50859185155423,2.98926586846255,2.32069116839284,3.36886853298506,2.66119701741945,2.19308490599042,2.63878733858519,2.74959191104563,3.92830261500967,2.50601417673874,2.15660150030408,2.39513484348663,1.74809938333419,2.65590906730267,3.20808397970177,2.37891315649154,2.58806457592141,2.54297222910873,2.95581340190256,2.57028987425133,3.32029800651867,2.24892175776699,2.89283529923182,3.78284664683156,2.00008685691432,1.73691482588083,2.60947476982892,4.5384608640079,2.59204875599266
1.97618170769806,1.50824503553531,2.98926586846255,2.32069116839284,3.36886853298506,2.66119701741945,2.19296106524553,2.63878733858519,2.74959191104563,3.92830261500967,2.20531760803919,2.01258634546639,2.39443161191048,1.74809938333419,2.65590906730267,3.20808397970177,2.37891315649154,2.2044745676485,2.54297222910873,2.95581340190256,2.57028987425133,3.32029800651867,2.24892174152887,2.89283529923182,3.78284664683156,2.00008685691432,1.73691482588083,2.60434383298275,2.26362731992322,2.59204875599266
1.97618170769806,1.50824503553531,2.77216377327454,2.32069116839284,3.36886853298506,2.66119701741945,2.19296106524553,2.63878733858519,2.74959191104563,1.4302738935296,2.20529975481895,2.01258634546639,2.39443161191048,1.74809938333419,2.65590906730267,3.20808397970177,2.37891315649154,2.2044739886278,2.54297222910873,2.95581340190256,2.57028987425133,3.32029800651867,2.24892174152887,2.89283529923182,3.78284664683156,2.00008685691432,1.73691482588083,2.60434383298275,2.25052347581595,2.59204875599266
1.97618170769806,1.50824503553531,2.77216377327454,2.32069116839284,3.36886853298506,2.66119701741945,2.19296106524553,2.63878733858519,2.74959191104563,1.43027389347867,2.20529975481895,2.01258634546639,1.89544759780301,1.45662313274033,2.65590906730267,3.20808397970177,2.37891315649154,2.2044739886278,2.47731939180926,2.95581340190256,2.57028987425133,2.46770621004794,2.24892174152887,2.29564895116187,2.04538438168129,2.00008685691432,1.73691482588083,2.60434383298275,2.0793926469189,2.59204875599266
1.97618170769806,1.50824503553531,2.77216377327454,2.32069116839284,3.36886853298506,2.66119701741945,2.19296106524553,2.63878733858519,2.74959191104563,1.43027389347867,2.20529975481895,2.01258634546639,1.89544759780301,1.44088953051573,2.65590906730267,3.20808397970177,2.37891315649154,2.2044739886278,2.47731939180926,2.95581340190256,2.57028987425133,2.46770621004794,2.24892174152887,2.29563183698269,2.04538438168129,2.00008685691432,1.73691482588083,2.60434383298275,2.07899431388569,2.59204875599266
