573340624530.692,14413.2176479974,11350.9592405005,323759157.841822,365279099.346517,13726.5822035425,27769076.674027,46649.3616445124,15734.7649761578,21388.8878599429,20870.7788517543,1978760.41455213,16507.051803108,58395153093.7178,14028.6449627608,30818298188.1389,7671679.23013807,22470.1713056134,17777.9538974747,65488.3500890509,10460.4787590199,88584773.6241039,12143.5253859574,11192.2644138108,26379.042241675,13425.6701737872,22413.3408250384,16153.5149962427,78095.9599479079,46890.1882612638
573340624530.692,14413.2176479974,11350.9592405005,323759157.841822,365279099.346517,13726.5822035425,27769076.674027,46649.3616445124,15734.7649761578,21388.8878599429,20870.7788517543,1978760.41455213,16507.051803108,58395153093.7178,14028.6449627608,30818298188.1389,7671679.23013807,22470.1713056134,17777.9538974747,65488.3500890509,10460.4787590199,88584773.6241039,12143.5253859574,11192.2644138108,26379.042241675,13425.6701737872,22413.3408250384,16153.5149962427,78095.9599479079,46890.1882612638
573340624530.692,14413.2176479974,11350.9592405005,323759157.841822,365279099.346517,13726.5822035425,27769076.674027,46649.3616445124,15734.7649761578,21388.8878599429,20870.7788517543,1978760.41455213,16507.051803108,58395153093.7178,14028.6449627608,30818298188.1389,7671679.23013807,22470.1713056134,17777.9538974747,65488.3500890509,10460.4787590199,88584773.6241039,12143.5253859574,11192.2644138108,26379.042241675,13425.6701737872,22413.3408250384,16153.5149962427,78095.9599479079,46890.1882612638
573340624530.692,14413.2176479974,11350.9592405005,323759157.841822,365279099.346517,13726.5822035425,27769076.674027,46649.3616445124,15734.7649761578,21388.8878599429,20870.7788517543,1978760.41455213,16507.051803108,58395153093.7178,14028.6449627608,30818298188.1389,7671679.23013807,22470.1713056134,17777.9538974747,65488.3500890509,10460.4787590199,88584773.6241039,12143.5253859574,11192.2644138108,26379.042241675,13425.6701737872,22413.3408250384,16153.5149962427,78095.9599479079,46890.1882612638
573340624530.692,14413.2176479974,11350.9592405005,323759157.841822,365279099.346517,13726.5822035425,27769076.674027,46649.3616445124,15734.7649761578,21388.8878599429,20870.7788517543,1978760.41455213,16507.051803108,58395153093.7178,14028.6449627608,30818298188.1389,7671679.23013807,22470.1713056134,17777.9538974747,65488.3500890509,10460.4787590199,88584773.6241039,12143.5253859574,11192.2644138108,26379.042241675,13425.6701737872,22413.3408250384,16153.5149962427,78095.9599479079,46890.1882612638
573340624530.692,14413.2176479974,11350.9592405005,323759157.841822,365279099.346517,13726.5822035425,27769076.674027,46649.3616445124,15734.7649761578,21388.8878599429,20870.7788517543,1978760.41455213,16507.051803108,58395153093.7178,14028.6449627608,30818298188.1389,7671679.23013807,22470.1713056134,17777.9538974747,65488.3500890509,10460.4787590199,88584773.6241039,12143.5253859574,11192.2644138108,26379.042241675,13425.6701737872,22413.3408250384,16153.5149962427,78095.9599479079,46890.1882612638
573340624530.692,14413.2176479974,11350.9592405005,323759157.841822,365279099.346517,13726.5822035425,27769076.674027,46649.3616445124,15734.7649761578,21388.8878599429,20870.7788517543,1978760.41455213,16507.051803108,58395153093.7178,14028.6449627608,30818298188.1389,7671679.23013807,22470.1713056134,17777.9538974747,65488.3500890509,10460.4787590199,88584773.6241039,12143.5253859574,11192.2644138108,26379.042241675,13425.6701737872,22413.3408250384,16153.5149962427,78095.9599479079,46890.1882612638
183111745.570591,14413.2176479974,11350.9592405005,77372394.5886366,120599898.25385,13726.5822035425,27769076.674027,46649.3616445124,15734.7649761578,21388.8878599429,20870.7788517543,1978760.41455213,16507.051803108,64567310.1116581,14028.6449627608,223524869.144363,7671679.23013807,22470.1713056134,17777.9538974747,65488.3500890509,10460.4787590199,88584773.6241039,12143.5253859574,11192.2644138108,26379.042241675,13425.6701737872,22413.3408250384,16153.5149962427,78095.9599479079,46890.1882612638
183111745.570591,10948.6507638363,9766.75271179564,77372394.5886366,16696218.3430723,11557.5206255627,27769076.674027,46649.3616445124,13674.1834077879,21388.8878599429,20870.7788517543,1978760.41455213,16507.051803108,64567310.1116581,14028.6449627608,83899012.815114,3805465.34283707,22470.1713056134,17777.9538974747,65488.3500890509,8944.36160241249,88584773.6241039,9119.70936033528,11192.2644138108,17101.2407375827,12776.9101246301,22413.3408250384,16153.5149962427,78095.9599479079,16360.4945153614
17711.3722106078,9041.08191735423,6828.76396489916,10007.872643807,9087.94994658677,8470.41081732037,12451.4891738259,10256.42809901,9415.29518085385,11750.1127871737,11648.6302632238,7684.35618917958,9938.73425984951,8464.20790930898,10598.9120573891,12038.0681716865,11384.9060412199,12882.4742036419,10850.8953041806,10845.9154906391,6122.7372036588,10344.4585208165,6460.56459049136,8044.97885502961,9976.93308754366,7962.54037000992,13840.6521984355,9247.44013493745,11803.2684073589,12155.6142239897
6092.66804846516,5183.60330917168,4159.47253760018,5890.60150135464,5611.03234234219,4920.77971137673,6905.62149659371,6235.63472023022,4891.12346737695,6752.42728657502,5491.93150437121,4640.10749133674,5899.81425036256,4815.08637791514,6047.0173406053,6437.60112212745,6735.6043189835,5651.60127296081,5471.11905655075,6432.12037389667,3632.41481425176,6006.92245833493,4029.53558136467,5050.10728545987,6054.94969272055,4519.06251913347,7895.80732154682,5760.22507511274,6366.12605679003,7258.00929970894
3397.02067136923,1976.16128285572,2381.96621182532,3405.51927224846,3060.43898273542,855.264170328469,3160.14926665871,2863.54631204473,1129.64920301117,2806.20801949263,2491.14490009443,2401.83455556715,1977.83933626482,3013.13937797625,2570.19224405388,1802.87954418657,3226.6367438892,3133.50097431293,2948.32683765341,2940.84467194106,929.202370330481,2822.33997392112,2737.28772548279,2260.68186331011,3017.19620413091,2944.35155008523,2343.99301826456,2478.15182582211,1821.50980198848,2221.71919747166
262.255453496911,1123.10322759949,1125.77187593922,859.051097073553,1144.18961801502,208.822711350742,234.130797486518,1129.91647851557,208.22859106682,245.693263402028,1123.6595402503,1127.11246291787,837.129344619627,1131.37867582777,839.086094838491,837.947308813607,851.949375202347,1529.69589013704,1127.18116695366,1148.03846360125,208.611969976547,841.033952700839,1132.23278095209,1127.72355779953,849.148041714428,1128.8383601519,227.409779322015,1124.62813169281,837.379668893545,838.945170810581
200.003518600486,1122.18576431774,1122.18576469987,836.442492989016,1122.35367929745,200.00118917279,200.004693092813,1122.18576611389,200.000644082862,200.003113562212,1122.18576448084,1122.35367879352,836.44248788853,1122.35367994994,836.442488063313,836.442487857653,836.44248952387,1122.35380326657,1122.18577123135,1122.18576941559,200.001118697684,836.442487992541,1122.18576540461,1122.18576481713,836.442488737327,1122.18576588874,200.003558242556,1122.1857646522,836.442487902842,836.442487867135
200.000009480786,200.001973042741,200.007998405913,836.442487821681,1122.18576516611,200.000009055984,200.000011229213,200.024266535816,200.000007403819,200.000009822934,836.442487893034,836.442489629893,836.44248782167,1122.35367520196,836.442487821676,836.442487821667,836.442487821816,200.199000632346,836.442503218314,1122.18576384209,200.000006948215,836.442487821681,200.007422531364,836.442502156733,836.442487821742,1122.18576384212,200.000008436982,836.44250347722,836.442487821666,836.44248782176
200.000006553632,200.000007068074,200.000006110667,221.949865746182,205.427464964037,200.000009055984,200.000006215497,200.000009623243,200.000007403819,200.000007632407,200.000006207152,836.442487821683,836.442487821663,200.000007031472,200.497342658993,200.00001072921,836.442487821663,200.000010299734,836.442487821663,205.131606712847,200.000006948215,200.00000777782,200.000007492655,836.442487821667,200.000009024487,200.000006325677,200.000008436982,836.442487821663,206.442150580791,215.871054453691
