484.135161044152,372.856771925062,388.905826750362,426.291319140795,515.302397918386,470.349926963595,431.820337804628,506.855195064717,442.527790500945,414.959009722448,418.164872378055,428.410276479867,424.007797005839,372.332710986971,433.048906066353,426.481330348278,395.393235330626,461.10344510598,433.804476363953,440.709129037486,457.208892035041,440.337004098135,427.445319102025,495.807646717732,438.261246338789,478.916345857725,473.069098195007,488.34901657094,425.590342591637,522.893561629391
392.101692877357,343.632199403632,359.489983514998,351.504210780354,377.086451651975,390.979854161964,367.018175605985,382.471414102048,378.3884941651,371.83025601516,375.813479639653,368.636572007191,378.656714139259,366.639283206434,394.774241146863,360.39292766568,342.410166790334,402.177097583359,379.409784367747,366.493608228699,377.667892645308,382.955150408923,371.056293445994,410.452467114741,390.397036970851,407.828687759822,378.79822521467,394.163407864655,374.35880710858,375.840316815922
337.325897848657,295.212725236182,357.88815222986,332.205460789056,332.167404757447,346.701217614632,362.410824718246,318.619135162194,320.28248657102,316.651922448909,321.849749649365,339.503662332485,347.668479161023,336.006831412151,342.337528511353,323.818783809274,325.069056687859,379.743714471278,362.577073175251,341.815386011761,326.471767371623,367.792620987891,365.145237337319,371.400260467322,323.608852749622,353.358025481672,376.904493446846,364.911315933047,290.858438992108,338.885678024184
278.639261478913,269.697389832357,304.6165497302,302.384669621484,289.330477406173,311.286502852962,295.685180208794,278.470129672465,278.538281990548,275.745499489241,275.165636316393,287.778218132346,318.083568257725,282.958331500638,289.273341333279,291.571799022003,288.594991818562,348.494455062352,293.166907986851,341.815386011761,257.866809922928,303.451285625838,359.261415093041,261.776526567021,265.674314899861,289.868628422507,376.904493446846,291.291374016047,260.080937667416,272.573841855293
255.95458702432,262.784877255376,256.315996591017,298.400970554624,247.353847739627,277.784214295041,238.386440343126,243.408615582872,270.930765398911,268.235777177677,260.507800052103,284.699780487427,256.589873744797,263.464930295278,277.885280420524,280.668457324939,274.621519097124,345.251751817098,252.55932041656,319.124439145411,242.382330819471,269.802322716127,255.629063081515,222.108106687369,235.469834963784,272.335456421068,356.101933558044,251.995095203147,254.862675971659,256.462511481017
255.351208889276,262.684491906729,256.104217739646,268.469317302328,244.824487937482,276.769341201861,237.888710292935,243.262359598416,270.747710978016,268.183493289193,260.467538265948,272.032549408209,255.959627673129,263.161043583055,277.645708490061,280.483418750132,274.500575941602,287.798012519496,252.110556441472,308.575406715188,242.354306153585,269.737824320626,251.659693850338,219.501374204642,235.203126159023,272.124679056503,336.472641247733,251.171789780029,254.825181335369,256.006461067891
247.578960148711,262.684491906729,252.443856086885,268.002043416753,228.066345940189,257.278081438012,237.888710292935,243.262359598416,244.758313812049,215.221108851571,217.182195811611,269.786403361464,255.959627673129,244.396366715149,267.788330602339,233.757218652716,272.078181478259,287.783753362227,248.307911745576,251.583488736808,242.354306153585,269.737824320626,232.949273947523,219.501374204642,235.203126159023,230.520170443289,227.080226373866,251.171789780029,254.825181335369,256.006461067891
247.515353721247,245.274289793175,252.443856086885,214.488640333429,227.975450812572,257.226519121657,237.888710292935,243.262359598416,227.727023826094,215.213743096834,208.216279394375,269.784205900247,255.959627673129,244.386940304254,267.787492596957,233.520162167476,265.520315823009,287.783753362227,244.174143486738,227.910741907005,223.518427805158,269.737824320626,232.564555127109,219.501374204642,235.203126159023,217.578882508406,226.915480545369,251.171789780029,254.825181335369,256.006461067891
232.185786610708,213.748134501131,252.443856086885,214.488640333429,227.975450812572,257.226519121657,215.565410120115,243.262359598416,214.850421969493,215.213743096834,207.504004642611,269.784205900247,255.959627673129,244.386940304254,267.787492596957,211.654185128609,246.13020047326,219.352262877682,212.543240340416,213.703083103617,221.763595339389,269.737824320626,217.64591863947,219.501374204642,235.203126159023,210.332344514797,226.915480545369,251.171789780029,233.630762866882,256.006461067891
232.182451805747,213.74494684914,252.443856086885,214.488640333429,204.540683898598,208.377692450759,215.32699574947,203.990009849747,214.850177169588,215.213743096834,207.504004642611,269.784205900247,200.495602416685,244.386940304254,212.805640288584,208.908707537222,245.07542828372,218.849619872668,212.540685804679,213.703083103617,221.763595339389,231.210889133016,201.981125700157,219.501374204642,219.84605742425,207.806502943973,226.915480545369,202.175938001645,226.560250318785,208.798986178539
232.182451805747,208.092633105849,221.505720371847,214.488640333429,204.389082535128,208.319908351036,215.32699574947,203.679289397577,214.850177169588,215.213743096834,200.582553842058,269.784205900247,200.469689500228,244.386940304254,212.805277706224,205.197091924197,245.07542828372,212.180600124682,212.540685804679,203.732399896137,207.141003833138,231.20921340462,201.711603156999,200.368998600391,202.739789023289,207.551469742114,226.915480545369,202.127567495005,201.572351955559,206.018433026742
200.556051297276,200.582627859362,201.311246925969,208.496082687333,200.362382601766,208.319908351036,215.32699574947,203.679289397577,200.585707583185,215.213743096834,200.425330412298,269.784205900247,200.469689500228,244.386940304254,212.805277706224,200.199945611889,245.07542828372,201.074878378138,200.014920318249,202.415383515189,205.60068425983,220.216439088626,201.711603156999,200.353675466137,202.739789023289,200.801305805412,226.915480545369,202.127567495005,201.516245985215,203.814365261307
200.525550913696,200.319741904911,200.785022006813,207.22788239498,200.01274424752,201.946538077364,201.083947614488,200.069106128647,200.069634117773,201.925240002881,200.12127169747,269.784205900247,200.469689500228,236.615649240274,212.805277706224,200.044594945973,245.07542828372,200.090578671095,200.000565675047,202.415383515189,200.131534958395,200.426023399853,201.711603156999,200.353675466137,202.739789023289,200.571032562321,200.25520590785,200.369310178936,200.200453725449,203.666103872122
200.525550913696,200.100664668776,200.239694900032,207.22788239498,200.01274424752,200.27711627656,201.077130097767,200.067083013444,200.069634117773,201.683790533233,200.108675236389,201.190131852286,200.084964340719,200.021617350932,200.408781518588,200.044594945973,202.943812861946,200.090578671095,200.000565675047,202.415383515189,200.128680861661,200.326472632431,201.711603156999,200.001559112377,200.3440600288,200.000263814057,200.252015098068,200.369182927383,200.199038587239,200.000503844609
