224.354176824422,139.852171621793,177.499063280581,814.05674797805,168.671824830412,143.010669975486,141.883482909466,136.484716373944,201.499618179127,174.053104668453,159.516480590848,163.686196921166,169.211138086316,105.784999685584,161.030924262333,139.236728653683,489.083066429064,201.349877953029,161.814066233521,197.066145691513,226.171957236904,172.309329396057,489.560294826744,157.846851266971,157.456926167499,209.983006006093,230.478766908366,192.357317629341,208.174503401247,373.789639743705
154.857033967005,81.2280016879652,69.6822920854659,131.62422478537,130.209465753717,99.2696497419405,74.6140890460506,92.9174968262485,126.25048425127,100.004768600294,124.312706328826,113.985340072865,85.776312189403,43.2775644350124,120.945592975022,68.1493967049065,93.6672523499448,160.045339397895,120.155175058393,122.564437670475,91.7753280053082,128.197457969486,122.12447790645,103.260122356905,85.2992463991718,96.755196055546,77.7047058469644,91.1235573361632,85.0909291774692,136.260242303648
96.003864124999,50.0792827807985,12.4958092450615,104.050656758582,118.645946250847,72.1142363497123,70.9973832682156,80.8325329587888,112.11564015056,80.2440173394308,115.134732339222,74.787181437898,73.8451802292406,31.8952603236494,104.422627229362,44.5743803662631,75.1610092446301,107.369842832465,76.7109026668252,88.1869086279992,71.7355720165442,115.654811361713,94.7520305228097,75.3113956743259,73.8271276687303,81.1532388181545,69.0367682658565,60.9821670566876,75.9263434349224,107.617617230528
78.8551172229289,18.4179382497139,9.1963839765848,72.5744921118961,21.0536678911619,22.7552835857678,43.0710662254854,76.9147933578934,78.6472784304842,76.5892799915887,57.719885635065,50.3342253851715,52.0240784639407,18.4991136307642,46.1571156394167,18.507445731957,74.0440616126585,70.7624813905365,20.8375890623681,76.5186843385228,64.5771210542499,16.9124683817486,78.5168664762226,73.0523408121444,30.601540788765,77.7826740203698,5.60861845194131,19.7346042381836,74.6897926412009,66.1293845709379
72.0578889131442,14.8265305325749,6.29422164860091,67.315070289145,14.8686029323418,14.7974485953371,16.3350790841237,23.4105828537604,19.4425414407901,73.4226930510688,20.08467905002,15.8231309588597,16.1672061110303,15.235099684027,16.3189941663569,14.9175395216251,69.0986442197958,43.2559502226156,15.1662641299719,22.2251582805649,3.45347174452229,14.4809202392822,72.9997259732211,64.1640766677706,15.0015218469127,72.2785977683702,2.31738763125861,15.4440733575568,17.6814916279659,26.4890193510115
1.70006763937636e-05,9.35781324125549,0.54009138332674,0.0574430020769796,9.58918644902053,9.40966270611852,10.4950561828596,13.7507304187017,13.8497689492228,5.1367664489776,14.0303755088208,9.98209081283062,9.72532892164236,9.65477306564094,11.7142424861889,9.596472053973,0.0500502676576389,16.2360969968867,9.41869993002695,14.1375616823116,0.113743403064063,9.53148873944644,26.4126302268555,1.12259670004278e-06,9.49705102164683,1.74044581642647,9.18337314033124e-05,9.65565525491911,12.3972587188233,26.4080166926559
1.13686837721616e-13,1.99626924693519,6.82121026329696e-13,2.61479726759717e-12,3.24251214989727,2.1431952766543,3.14488842877506,7.24142689633175,6.83761084351954,0.172127657676015,6.71505714647185,3.72079759887436,3.37696260931193,3.83980859198948,5.08195252138785,3.56885577901994,5.6843418860808e-13,11.8250800715364,2.07616613969196,8.92213075537234,2.95585778076202e-12,3.53291428568559,26.4074186402037,4.54747350886464e-13,2.7009995457887,4.95333551953081e-10,5.91171556152403e-12,3.7885081602027,5.65460053634308,26.4074204710874
1.13686837721616e-13,5.60476109967567e-11,6.82121026329696e-13,2.61479726759717e-12,0.0017500631307712,1.69393388205208e-11,1.11413100967184e-11,0.534752119294239,0.13100146811405,9.09494701772928e-13,0.126220075820015,0.00334091518584501,2.23843699131976e-08,0.0126714432631161,0.115925731901029,0.000259463844258789,5.6843418860808e-13,6.61213296306516,7.95807864051312e-13,2.1757726423931,2.95585778076202e-12,0.010478857863859,13.2919660889406,4.54747350886464e-13,3.61228558176663e-09,9.09494701772928e-13,5.91171556152403e-12,0.00804124590979427,0.174520326785455,26.4074204710874
1.13686837721616e-13,5.60476109967567e-11,6.82121026329696e-13,2.61479726759717e-12,5.04769559483975e-11,1.69393388205208e-11,1.11413100967184e-11,4.77484718430787e-12,3.41060513164848e-13,9.09494701772928e-13,3.41060513164848e-13,6.82121026329696e-13,1.02318153949454e-12,1.20394361147191e-10,2.89901436190121e-11,2.38742359215394e-12,5.6843418860808e-13,0.725831001113988,7.95807864051312e-13,1.93713276530616e-08,2.95585778076202e-12,2.27373675443232e-13,6.12571935086225,4.54747350886464e-13,1.35287336888723e-11,9.09494701772928e-13,5.91171556152403e-12,1.36424205265939e-11,1.38697942020372e-11,0.0195582720369885
1.13686837721616e-13,5.60476109967567e-11,6.82121026329696e-13,2.61479726759717e-12,5.04769559483975e-11,1.69393388205208e-11,1.11413100967184e-11,4.77484718430787e-12,3.41060513164848e-13,9.09494701772928e-13,3.41060513164848e-13,6.82121026329696e-13,1.02318153949454e-12,4.54747350886464e-13,2.89901436190121e-11,2.38742359215394e-12,1.13686837721616e-13,1.55750967678614e-11,7.95807864051312e-13,2.50111042987555e-12,2.95585778076202e-12,2.27373675443232e-13,0.129527991419877,1.13686837721616e-13,1.35287336888723e-11,9.09494701772928e-13,1.13686837721616e-13,1.36424205265939e-11,1.38697942020372e-11,6.70752342557535e-12
1.13686837721616e-13,1.13686837721616e-13,6.82121026329696e-13,1.13686837721616e-13,5.04769559483975e-11,3.41060513164848e-12,1.11413100967184e-11,4.77484718430787e-12,3.41060513164848e-13,9.09494701772928e-13,3.41060513164848e-13,1.13686837721616e-13,2.27373675443232e-13,1.13686837721616e-13,2.89901436190121e-11,2.38742359215394e-12,1.13686837721616e-13,1.55750967678614e-11,7.95807864051312e-13,4.54747350886464e-13,2.95585778076202e-12,2.27373675443232e-13,2.72848410531878e-12,1.13686837721616e-13,1.13686837721616e-13,1.13686837721616e-13,1.13686837721616e-13,1.36424205265939e-11,1.38697942020372e-11,1.13686837721616e-13
1.13686837721616e-13,1.13686837721616e-13,6.82121026329696e-13,1.13686837721616e-13,2.04636307898909e-12,3.41060513164848e-12,1.13686837721616e-13,1.13686837721616e-13,3.41060513164848e-13,9.09494701772928e-13,1.13686837721616e-13,1.13686837721616e-13,2.27373675443232e-13,1.13686837721616e-13,8.29913915367797e-12,2.38742359215394e-12,1.13686837721616e-13,9.09494701772928e-13,1.13686837721616e-13,4.54747350886464e-13,1.02318153949454e-12,2.27373675443232e-13,0,1.13686837721616e-13,1.13686837721616e-13,1.13686837721616e-13,1.13686837721616e-13,1.36424205265939e-11,1.13686837721616e-13,1.13686837721616e-13
1.13686837721616e-13,1.13686837721616e-13,1.13686837721616e-13,0,0,0,1.13686837721616e-13,0,3.41060513164848e-13,2.27373675443232e-13,1.13686837721616e-13,1.13686837721616e-13,2.27373675443232e-13,0,1.13686837721616e-13,1.13686837721616e-13,1.13686837721616e-13,0,1.13686837721616e-13,1.13686837721616e-13,1.02318153949454e-12,1.13686837721616e-13,0,1.13686837721616e-13,1.13686837721616e-13,0,1.13686837721616e-13,1.13686837721616e-13,0,1.13686837721616e-13
0,0,0,0,0,0,1.13686837721616e-13,0,3.41060513164848e-13,0,0,0,0,0,0,1.13686837721616e-13,0,0,1.13686837721616e-13,0,0,0,0,0,0,0,0,0,0,0
