864.606831813837,432.234238559605,370.425796771436,514.953034653466,539.055264253277,638.634101338182,1124.54354052407,646.749617654416,679.97633252087,969.388873706871,351.422340377175,943.413200394558,600.074923193868,629.42561333478,286.80607281638,296.487595573538,668.325271071634,1084.23317051318,858.880010507689,269.968487245555,598.361898228581,542.32312458554,357.201824799739,574.94654625254,756.594726104417,860.151904980235,1157.54540927877,1032.5264154186,707.900201827689,864.711185306157
273.327377405587,230.375498991149,146.624305681971,208.614419020757,287.050884826541,282.389176436227,338.552436011161,168.159257837377,141.139383116896,399.945414576344,227.419405966018,500.310187153157,246.329553666175,201.650428172825,170.184276901579,277.130605817974,181.944421331662,522.163409168875,346.798440978462,134.565593203959,153.136529998182,391.849936888177,129.483353994254,222.747556837854,397.19414888342,415.153284290652,535.525115147832,254.989796135332,266.221378624688,327.175072167872
171.1256975428,77.0972347911093,80.7597987872205,85.3539359466026,94.4241018942648,85.3935613506633,284.79611229536,134.663284440642,106.460637583747,89.579339103097,90.822252830123,112.328361921161,104.473262227556,102.330431333232,75.379806568968,108.915956577735,106.223505021912,107.908911517353,176.877164002246,72.6836810771224,61.9573044562085,115.141643673135,80.8440191238856,102.966577717654,90.5798805654672,138.653836711295,164.224714587617,104.728343143463,109.727689794102,171.046891709255
58.3165000403537,22.5913658007489,20.5262380046333,30.8808207626789,30.6697246139688,35.2011670853381,47.1824076368994,55.4046939627688,55.2067724554654,51.3631435675661,29.8213854876235,33.5466503167072,42.7512588292711,30.3070238793393,21.1528901976476,28.9816464071123,26.5118737197377,38.0968118953515,45.0980539317329,23.2531558086903,20.4905578001326,26.3283669233074,18.7829014159229,30.7890876550564,31.3579104009355,36.7084888942441,53.3700601534429,52.7202978813484,36.7289017437633,31.3040083076125
3.26667421758202,0.326856717641022,0.609661470600258,0.658601145491957,0.66641820571067,0.483546279025632,1.62699821133947,1.12991954910831,2.63629441801368,2.56596801230171,0.441616994169181,2.33742444541895,1.66092156334162,0.722027281532974,0.347740409897142,0.70373380581259,0.329534472350133,1.3641410298178,1.87879281135565,0.291742318341676,0.357926534814851,0.802629632428761,0.320101899432302,0.447624095442734,1.12656015648554,0.568976165976892,1.33475253136612,1.87292483088731,1.18126508988144,2.07212969626062
0.00014376404669747,2.80759277302423e-05,6.69673768243229e-05,6.31257375971472e-05,7.66325051699823e-05,4.27577660957468e-05,0.000129390930851514,0.000110426768515026,0.000142316868277703,0.000106155254343321,0.000114382643459976,0.000154834264776582,7.56662793719443e-05,7.03993864590302e-05,5.39643010597501e-05,7.09014266249142e-05,4.07300440201652e-05,7.09528512743418e-05,9.76622018242779e-05,4.19115954173321e-05,3.03832107420021e-05,6.10898359809653e-05,3.53666159753629e-05,6.75345809213468e-05,0.000136265054152318,4.40365533904696e-05,0.000108826421183039,0.000117175135983416,0.000103221322660829,0.000116493432869902
1.09464917841251e-06,1.03170623333426e-06,7.93877006799448e-07,6.80703578836983e-07,1.21331595437368e-06,7.92981154518202e-07,7.08902462065453e-07,1.34533956952509e-06,6.84067799738841e-07,1.00078295872663e-06,6.40343841951108e-07,9.10899871087167e-07,8.14248323877109e-07,1.17535319077433e-06,1.18918160296744e-06,1.03290813058265e-06,1.06400102595217e-06,1.3635253708344e-06,7.96349922893569e-07,1.12227553472621e-06,7.39387360226829e-07,8.49862317409134e-07,9.09828486328479e-07,1.12570751298335e-06,1.10273003883776e-06,8.97826339496532e-07,1.14407475848566e-06,8.56805399962468e-07,1.07501182355918e-06,7.8018638305366e-07
1.09464917841251e-06,1.03170623333426e-06,7.93877006799448e-07,6.80703578836983e-07,1.21331595437368e-06,7.92981154518202e-07,7.08902462065453e-07,1.34533956952509e-06,6.84067799738841e-07,1.00078295872663e-06,6.40343841951108e-07,9.10899871087167e-07,8.14248323877109e-07,1.17535319077433e-06,1.18918160296744e-06,1.03290813058265e-06,1.06400102595217e-06,1.3635253708344e-06,7.96349922893569e-07,1.12227553472621e-06,7.39387360226829e-07,8.49862317409134e-07,9.09828486328479e-07,1.12570751298335e-06,1.10273003883776e-06,8.97826339496532e-07,1.14407475848566e-06,8.56805399962468e-07,1.07501182355918e-06,7.8018638305366e-07
6.94653863320127e-07,9.54349616222316e-07,7.13220742909471e-07,6.80703578836983e-07,8.79349045135314e-07,7.55335349822417e-07,7.08902462065453e-07,8.39875156088965e-07,6.11560153629398e-07,9.33461251406698e-07,6.40343841951108e-07,7.88008946983609e-07,8.14248323877109e-07,1.00820034276694e-06,8.1122743722517e-07,8.82574568095151e-07,1.06400102595217e-06,1.0024618859461e-06,7.96349922893569e-07,8.18013631942449e-07,7.39387360226829e-07,7.93403160059825e-07,6.56159500067588e-07,7.36999027139973e-07,9.53521976043703e-07,8.68907136464259e-07,7.24371602700558e-07,8.56805399962468e-07,9.18984824238578e-07,7.8018638305366e-07
6.94653863320127e-07,7.85751581133809e-07,5.92668584431522e-07,6.80703578836983e-07,7.9488336268696e-07,7.29145085642813e-07,7.08902462065453e-07,8.39875156088965e-07,6.11560153629398e-07,6.89614807924954e-07,6.40343841951108e-07,7.88008946983609e-07,7.95906998973805e-07,7.84140866016969e-07,7.32928128854837e-07,8.82574568095151e-07,8.16492956801085e-07,4.55415829492267e-07,7.00140390108572e-07,8.18013631942449e-07,7.39387360226829e-07,5.35012077307329e-07,6.56159500067588e-07,6.46087755740155e-07,9.53521976043703e-07,6.52904873277294e-07,7.24371602700558e-07,7.00978034728905e-07,8.17431100585964e-07,7.8018638305366e-07
6.94653863320127e-07,7.85751581133809e-07,5.92668584431522e-07,6.80703578836983e-07,5.77081664232537e-07,7.29145085642813e-07,7.08902462065453e-07,6.60792011331068e-07,6.11560153629398e-07,6.89614807924954e-07,6.40343841951108e-07,4.68543021270307e-07,6.11431005381746e-07,7.32222815713612e-07,6.4494633988943e-07,7.5934349297313e-07,8.16492956801085e-07,4.55415829492267e-07,5.47609943168936e-07,8.18013631942449e-07,6.74502643960295e-07,5.35012077307329e-07,6.56159500067588e-07,5.12343376612989e-07,5.7634451877675e-07,6.52904873277294e-07,7.24371602700558e-07,7.00978034728905e-07,7.82727511250414e-07,7.8018638305366e-07
6.94653863320127e-07,7.85751581133809e-07,5.92668584431522e-07,6.80703578836983e-07,5.77081664232537e-07,7.29145085642813e-07,7.08902462065453e-07,6.60792011331068e-07,3.989266588178e-07,6.89614807924954e-07,6.40343841951108e-07,4.68543021270307e-07,6.11431005381746e-07,7.32222815713612e-07,6.4494633988943e-07,7.5934349297313e-07,8.16492956801085e-07,4.55415829492267e-07,5.47609943168936e-07,8.18013631942449e-07,6.74502643960295e-07,5.35012077307329e-07,6.56159500067588e-07,5.12343376612989e-07,5.7634451877675e-07,6.52904873277294e-07,7.24371602700558e-07,7.00978034728905e-07,7.82727511250414e-07,7.8018638305366e-07
6.94653863320127e-07,7.55553173803492e-07,5.92668584431522e-07,4.55352164863143e-07,5.77081664232537e-07,7.29145085642813e-07,7.08902462065453e-07,6.23176674707793e-07,3.989266588178e-07,6.67570930090733e-07,6.40343841951108e-07,4.68543021270307e-07,6.11431005381746e-07,7.32222815713612e-07,6.4494633988943e-07,7.5934349297313e-07,8.16492956801085e-07,4.55415829492267e-07,5.47609943168936e-07,8.18013631942449e-07,6.50617948849685e-07,5.35012077307329e-07,5.43984242540319e-07,5.12343376612989e-07,5.7634451877675e-07,6.52904873277294e-07,6.68395841785241e-07,4.83340045320801e-07,7.82727511250414e-07,7.30346528143855e-07
6.06002231506864e-07,5.83426754019456e-07,4.39547420683084e-07,4.55352164863143e-07,4.14938767789863e-07,6.42642135062488e-07,3.8848747863085e-07,6.23176674707793e-07,3.989266588178e-07,3.27496763929958e-07,2.94402070721844e-07,4.68543021270307e-07,6.11431005381746e-07,6.79733602737542e-07,5.02512648381526e-07,6.46538410364883e-07,3.61474121746141e-07,4.55415829492267e-07,3.91841695090989e-07,5.92322976444848e-07,3.53510586137418e-07,5.05034677189542e-07,4.6444574763882e-07,5.12343376612989e-07,5.7634451877675e-07,6.52904873277294e-07,5.56790382688632e-07,4.08817868446931e-07,6.41600308881607e-07,4.39529230789049e-07
