5841.21112776798,6943.45469344363,6371.12282796237,6501.79182426708,5962.04971000867,6472.91735289006,6940.12508969223,6840.81155029621,6515.00148823285,6679.13645257976,6235.06046358662,7274.90060009377,5837.17770841638,6390.15715110333,6433.13555177261,6511.12129876111,5741.04564877532,6009.80699784153,5836.62686660486,6495.99117487403,5447.89321519571,6614.29339930164,5726.34814617137,5823.72969100071,5788.06001251457,5820.24281512864,6571.86222720558,7587.39477452975,5834.14157764073,5692.66517895726
5841.21112776798,6943.45469344363,6371.12282796237,6501.79182426708,5962.04971000867,6472.91735289006,6940.12508969223,6840.81155029621,6515.00148823285,6679.13645257976,6235.06046358662,7274.90060009377,5837.17770841638,6390.15715110333,6433.13555177261,6511.12129876111,5741.04564877532,6009.80699784153,5836.62686660486,6495.99117487403,5447.89321519571,6614.29339930164,5726.34814617137,5823.72969100071,5788.06001251457,5820.24281512864,6571.86222720558,7587.39477452975,5834.14157764073,5692.66517895726
5841.21112776798,6943.45469344363,6371.12282796237,6501.79182426708,5962.04971000867,6472.91735289006,6940.12508969223,6840.81155029621,6515.00148823285,6679.13645257976,6235.06046358662,7274.90060009377,5837.17770841638,6390.15715110333,6433.13555177261,6511.12129876111,5741.04564877532,6009.80699784153,5836.62686660486,6495.99117487403,5447.89321519571,6614.29339930164,5726.34814617137,5823.72969100071,5788.06001251457,5820.24281512864,6571.86222720558,7587.39477452975,5834.14157764073,5692.66517895726
5841.21112776798,6943.45469344363,6371.12282796237,6501.79182426708,5962.04971000867,6472.91735289006,6940.12508969223,6840.81155029621,6515.00148823285,6679.13645257976,6235.06046358662,7274.90060009377,5837.17770841638,6390.15715110333,6433.13555177261,6511.12129876111,5741.04564877532,6009.80699784153,5836.62686660486,6495.99117487403,5447.89321519571,6614.29339930164,5726.34814617137,5823.72969100071,5788.06001251457,5820.24281512864,6571.86222720558,7587.39477452975,5834.14157764073,5692.66517895726
5841.21112776798,6943.45469344363,6371.12282796237,5850.11176766785,5962.04971000867,6472.91735289006,6709.34604738129,6840.81155029621,6505.00474096776,6679.13645257976,6235.06046358662,5795.81368172168,5837.17770841638,6390.15715110333,6433.13555177261,6511.12129876111,5741.04564877532,6009.80699784153,5836.62686660486,6495.99117487403,5447.89321519571,6614.29339930164,5726.34814617137,5823.72969100071,5788.06001251457,5820.24281512864,6571.86222720558,7163.39735725042,5834.14157764073,5692.66517895726
5803.87716797055,6936.49271133241,6371.12282796237,5850.11176766785,5291.62522371241,6472.91735289006,6709.34604738129,5815.18941714269,6145.08864057114,5906.97556324457,6067.86550629796,5795.81368172168,5730.87708258232,5764.11240912277,6248.77942609343,6037.64566660922,5037.73849148411,5697.26933121551,5836.62686660486,6310.41040373168,5447.89321519571,6614.29339930164,5726.34814617137,4955.43240899639,5774.88696473725,5661.44517771632,5694.99553021275,7163.39735725042,5834.14157764073,5692.66517895726
5351.24802694385,5649.14886378991,5815.73185217228,5672.15459244138,5057.6133553887,5936.79239003375,5934.23169302094,5815.18941714269,5949.18140730566,5673.70396510888,5201.97013350284,5566.87401746367,5148.45060588085,5492.79306522874,5037.96586419656,4520.0406149448,4622.00770058976,5380.23214714538,5347.09072280853,6055.0038858452,4809.92223028257,6192.35781205327,5498.81255860597,4955.43240899639,5359.31628302715,5058.5849900825,5694.99553021275,6525.89727896183,5834.14157764073,4931.40093971429
4669.09441160938,5493.81947708655,4573.42011686072,5249.69894686764,4743.38590288127,5433.34459330774,5806.71806000768,5508.58292887472,5715.00882540485,4971.46252927258,4121.59415792916,5304.23384871131,4888.48892525334,5033.27260821099,4502.43052868123,4520.0406149448,4622.00770058976,5066.13488516783,4819.03900340485,5331.46054055426,3544.82031524365,5139.43018592893,4793.95726478187,4368.47176648286,4295.87465706017,4956.30709384059,4429.18281655274,5523.63986502045,5834.14157764073,4931.40093971429
3184.81573788364,4727.28437382236,4007.71068310407,4121.06094634648,3348.80517194345,4411.13321166952,4188.2572294679,4152.32521508307,4453.26120537183,4218.29356095462,3875.18290448492,4490.57964388793,3904.44676051439,4122.39885565454,3851.70238565253,3831.13291764381,3751.11306498757,4248.67494883905,3634.82222431003,4415.153802414,3069.43663625734,4273.72567456405,3881.75566723402,3843.73974150649,3943.54357513223,4149.74103158175,3846.93561229975,5214.68004623251,4058.00686620085,3639.36336660182
2859.52119809383,3332.56824038871,3446.97467561943,3441.23390723027,2957.62410021099,4029.73242776634,3481.92016206506,3363.37850839953,4036.24093698467,3453.54005966918,3309.94111772456,3629.63002691055,3298.00520353643,3030.45938821891,3069.03665931965,3230.94819374533,3215.08588528102,3168.68739397526,2493.82723766848,3937.54958498657,2446.11078946719,3688.74952421212,3218.73834010495,3334.71379137297,3086.31264957087,3478.30957940277,3518.87545889429,4353.53564562824,2992.05887226263,2914.31114277565
2619.295915231,2762.94950678534,3238.2019364897,3221.82703311521,2558.82092815265,3667.17783954678,3133.75554299307,3059.78153000037,3755.46579023722,3165.98933808903,3102.0585179151,3197.51296715512,3015.38474443362,2552.48979070299,2578.6549938679,2861.18238315932,3004.756295913,2805.28797283036,2147.14363980339,3762.41891433919,2170.22727166246,3366.26792793462,2679.84411029545,3143.06319221004,2880.27417955615,3280.59055322593,3144.99239914779,4016.79030791458,2523.11271940735,2317.83785486927
2593.66848023505,2613.26105667116,3224.00916182399,3201.62297577463,2501.32172108406,3625.89771219784,3099.785821561,3036.81081136032,3727.89371740947,3120.70894401956,3078.27620285588,3169.40464739382,2990.91350825475,2505.25372230433,2521.06998110862,2781.56888903319,2953.78168631637,2756.65450861942,2066.54904759949,3740.6755199635,2129.17769057187,3338.1538446942,2585.59702638756,3132.00980429095,2835.1668301756,3239.45536064556,3090.49926320289,3978.86399933814,2368.76536318982,2191.83036123175
2593.03516232698,2610.24888308315,3223.87642835267,3201.26905814178,2499.36557046167,3625.4470657331,3099.22115076799,3036.71246242112,3727.35226489174,3120.03221909886,3077.89013077834,3169.14022424473,2990.48552674769,2504.77297969145,2519.89210016142,2780.17982254154,2953.18828603173,2756.18637615503,2064.93853233615,3740.55019542902,2128.44662549887,3337.42330937113,2583.70209978494,3131.93104386773,2833.8937345418,3239.26126648842,3090.04845394219,3977.64671310083,2361.98056362959,2189.82847998408
2593.03443421871,2610.14194804754,3223.80793178732,3201.11821916382,2499.36373110255,3625.39362022587,3099.11228667175,3036.70402703517,3727.2019239628,3120.03144791038,3077.88998612464,3169.11408638805,2990.48519692717,2504.7725365307,2519.88807991895,2780.17691751396,2953.18781603508,2756.0878877064,2064.80001490356,3415.19705688867,2128.44563564817,3337.30266503899,2583.68356060276,2969.87351924933,2833.89259702722,3239.24709785851,3090.03791734729,3977.47296541814,2361.95855781127,2189.67237676251
2581.50748584664,2610.10701790836,2762.06284822699,3153.3241283906,2499.36373108004,2551.2650906563,2581.10586595526,2610.80084544384,3489.33376750041,2153.30450831438,2494.93653580049,2380.57453173902,2949.80033024165,2478.35456048651,2519.88807988267,1944.66046446619,2820.12489699087,2756.08458111119,2064.79114189397,2504.04902190678,1826.96430616822,2105.30417874893,2583.6824515558,2434.7293328429,1920.75399647329,1989.68841525588,1792.76753439665,2543.12412892296,2361.95541894078,2189.65784429458
1461.53356376731,1471.21981822985,2305.95507988149,1693.14278474621,2027.45352641718,2047.57990973619,1809.80071562052,1889.65684117488,1889.74354249569,1510.93167853954,2115.67271568982,1931.43467576373,1380.55982966805,1681.50853431484,1235.52007186969,1772.62000879097,1845.01917333827,2142.22094931983,1676.48569980934,1651.47175763777,1454.12864692044,1785.19401441754,2354.73900025803,1904.84153868127,1920.14641433295,1872.26576701554,1792.76602356481,2341.18356285477,1868.88096916502,2186.44211720706
