564.251528050901,992.896957469695,889.271340044315,1033.68291237023,712.053784639233,915.960760189658,471.685290094704,1209.74752201116,810.030016921897,1206.47680311275,242.692150683871,387.340571462426,528.733705121166,882.985199558221,524.891713415312,645.299432687227,909.094426978985,947.573039754842,1011.37783854231,900.976835994728,557.917140099309,1088.78531996692,783.291364948263,358.148650562163,945.528857849752,1094.78656368789,1181.71397150216,480.987573104562,665.359977311535,967.485876666457
283.923646513855,457.221476341472,413.293017694328,876.711637366492,365.26229702122,432.563134137119,189.904217775372,1183.01329445058,330.227201990871,1174.21286261273,94.406301276273,172.941048918725,126.890212132227,323.721644640558,237.881749322696,222.161741415259,440.830479433057,510.844292255112,591.302476050389,261.390764255666,255.209836360022,693.290702661111,322.549839921851,161.612003170261,615.481873813541,850.54778107714,1176.2737700423,156.850486095876,337.180329426079,535.376149568854
131.935522420339,152.178238226884,132.541697275266,339.756597671771,152.951393340775,144.197415533755,101.572748099847,1180.44723904404,118.811871052636,1167.62366538752,71.044323746414,72.9658685280655,84.4612806648416,103.490430246124,97.8051678252325,123.269524138077,185.194677863028,120.861449027606,187.315005846357,82.8560023026746,97.6223149238246,244.940818590117,156.245524290579,80.4418569160668,237.601785600638,471.885487774532,1137.30742409861,71.4850681474613,140.301760538974,221.018774518023
61.6648749650483,90.1954991028927,67.4741310526362,82.3126483604822,71.3880901540708,75.3493110154726,42.3598656149507,1177.45498306181,73.5153141094754,1164.26171415821,40.3881483974638,51.5243561738479,44.2953439735105,72.8759601246853,31.0846285467608,59.9783777928417,71.3624009755422,74.1650823440295,88.2581633750044,63.4426984940451,63.6306208301157,74.7502260124272,74.8584188993618,53.8501240927119,70.1524922210955,84.5263819964778,1105.84275496434,54.0993145595501,66.5647652025653,73.8360973197251
12.5548619327232,14.9280529540323,12.0872591442275,17.8346582823818,11.3460634633927,14.0680703607168,11.8077371883099,1177.18021494652,9.92347057830986,1162.91397771604,7.9392836342073,11.6670322793683,9.98775444547128,13.5918450725692,10.9370149733144,11.0395749622466,11.2063415620778,9.79507404459873,18.0837284783636,11.9833401217441,14.0757687408072,13.6927138270522,12.4315299383685,10.4403420601666,10.4798236523708,16.4742933641432,252.595713025164,8.43662494737091,13.1342801241377,13.9156524329178
0.0635461218468138,0.083639126287568,0.0875483708930319,0.22236560494373,0.0553554381416033,0.151869853970957,0.0910625805003446,1177.17887507698,0.0644349618477139,1162.67487003738,0.0399081354719051,0.0478639095466345,0.0666774646044328,0.134103678051676,0.061232850541016,0.0554126352795658,0.102834696159126,0.0649274486171464,0.163490956100529,0.0755374437467988,0.1011720317372,0.131333684028695,0.077603291262871,0.0621468326026425,0.123446694362811,0.0852692787459779,10.575555222001,0.0369860442909945,0.107378027523935,0.167533629384659
0.000690881298784042,0.000876809118671552,0.000842035684301611,0.00199119696603119,0.000628014125482266,0.00139942490580711,0.00110961458723755,40.6291665903874,0.000923566893570394,1162.6748675269,0.000569520629498655,0.000618375097931614,0.000727224989584671,0.00160011293349499,0.000612923329211336,0.000711204411601604,0.0011587263152634,0.000891855985733012,0.00196670951504671,0.000973300292091997,0.00129724050623285,0.00136510831298169,0.00133168719087673,0.000969886640311556,0.00127945022664887,0.00098175296951199,0.0251615469276509,0.000600217558661359,0.000994873795569989,0.00146442769438792
8.26805792354054e-06,7.56216612665551e-06,1.75141560797457e-05,1.63116239665464e-05,1.35412769113417e-05,2.85670927384506e-05,1.89785131159145e-05,0.253112861890775,8.75972999981027e-06,9.2036490944712,1.1121353046903e-05,7.45358778862362e-06,1.43617661058011e-05,1.48450172835488e-05,7.3979398744056e-06,1.06355255056532e-05,1.61230373113156e-05,1.23319317635264e-05,4.3554306966566e-05,1.39755475111121e-05,1.2987990058489e-05,2.40629463290704e-05,1.57874845759778e-05,1.25142500824654e-05,2.05899833194976e-05,1.71474596215082e-05,0.000213530548962192,8.48985395127034e-06,1.88780291917253e-05,2.91890839523094e-05
3.84338846040243e-07,3.70136534944926e-07,2.8120132942505e-07,2.46950477853846e-07,2.90608946556623e-07,3.07310485480932e-07,2.29262612729762e-07,0.000555654433402153,2.9529806734325e-07,0.00893935498979363,2.18251208234531e-07,4.10204706491389e-07,2.86231875765527e-07,3.03547735283372e-07,3.10300126780964e-07,3.13275426542823e-07,2.89601742801191e-07,2.82047657418191e-07,4.55964164586001e-07,3.24379710190052e-07,3.39061611374896e-07,2.38801443079819e-07,2.82135826323182e-07,2.6106739087667e-07,2.46014672393574e-07,3.74680643549822e-07,2.98315342968875e-06,2.35080852173871e-07,2.26098094363503e-07,4.19152946376691e-07
3.84338846040243e-07,3.70136534944926e-07,2.8120132942505e-07,2.46950477853846e-07,2.90608946556623e-07,2.00252934878483e-07,2.29262612729762e-07,2.73614236796717e-06,2.9529806734325e-07,3.53992659444231e-05,2.18251208234531e-07,4.10204706491389e-07,2.86231875765527e-07,3.03547735283372e-07,3.10300126780964e-07,3.13275426542823e-07,2.89601742801191e-07,2.82047657418191e-07,2.49863355084333e-07,3.24379710190052e-07,3.39061611374896e-07,2.38801443079819e-07,2.82135826323182e-07,2.6106739087667e-07,2.43835849074215e-07,3.74680643549822e-07,3.13840656922256e-07,2.35080852173871e-07,2.26098094363503e-07,2.04701779012454e-07
3.84338846040243e-07,3.70136534944926e-07,2.8120132942505e-07,2.46950477853846e-07,2.90608946556623e-07,2.00252934878483e-07,2.29262612729762e-07,1.85853364531778e-07,2.9529806734325e-07,3.24046464415858e-07,2.18251208234531e-07,4.10204706491389e-07,2.86231875765527e-07,3.03547735283372e-07,3.10300126780964e-07,3.13275426542823e-07,2.89601742801191e-07,2.82047657418191e-07,2.49863355084333e-07,3.24379710190052e-07,3.39061611374896e-07,2.38801443079819e-07,2.82135826323182e-07,2.6106739087667e-07,2.43835849074215e-07,3.74680643549822e-07,3.13840656922256e-07,2.35080852173871e-07,2.26098094363503e-07,2.04701779012454e-07
3.84338846040243e-07,3.70136534944926e-07,2.8120132942505e-07,2.46950477853846e-07,2.90608946556623e-07,2.00252934878483e-07,2.29262612729762e-07,1.85853364531778e-07,2.9529806734325e-07,3.24046464415858e-07,2.18251208234531e-07,4.10204706491389e-07,2.86231875765527e-07,3.03547735283372e-07,3.10300126780964e-07,3.13275426542823e-07,2.89601742801191e-07,2.82047657418191e-07,2.49863355084333e-07,3.24379710190052e-07,3.39061611374896e-07,2.38801443079819e-07,2.82135826323182e-07,2.6106739087667e-07,2.43835849074215e-07,3.74680643549822e-07,3.13840656922256e-07,2.35080852173871e-07,2.26098094363503e-07,2.04701779012454e-07
3.84338846040243e-07,3.70136534944926e-07,2.8120132942505e-07,2.46950477853846e-07,2.90608946556623e-07,2.00252934878483e-07,2.29262612729762e-07,1.85853364531778e-07,2.9529806734325e-07,3.24046464415858e-07,2.18251208234531e-07,4.10204706491389e-07,2.86231875765527e-07,3.03547735283372e-07,3.10300126780964e-07,3.13275426542823e-07,2.89601742801191e-07,2.82047657418191e-07,2.49863355084333e-07,3.24379710190052e-07,3.39061611374896e-07,2.38801443079819e-07,2.82135826323182e-07,2.6106739087667e-07,2.43835849074215e-07,3.74680643549822e-07,3.13840656922256e-07,2.35080852173871e-07,2.26098094363503e-07,2.04701779012454e-07
3.84338846040243e-07,3.70136534944926e-07,2.8120132942505e-07,2.46950477853846e-07,2.90608946556623e-07,2.00252934878483e-07,2.29262612729762e-07,1.85853364531778e-07,2.9529806734325e-07,3.24046464415858e-07,2.18251208234531e-07,4.10204706491389e-07,2.86231875765527e-07,3.03547735283372e-07,3.10300126780964e-07,3.13275426542823e-07,2.89601742801191e-07,2.82047657418191e-07,2.49863355084333e-07,3.24379710190052e-07,3.39061611374896e-07,2.38801443079819e-07,2.82135826323182e-07,2.6106739087667e-07,2.43835849074215e-07,3.74680643549822e-07,3.13840656922256e-07,2.35080852173871e-07,2.26098094363503e-07,2.04701779012454e-07
