8718.13755876324,3717.19614915178,6640.64729697267,4403.62653365926,5886.51793478643,3151.55788120129,4437.54028547278,6333.21858456939,4979.95158197014,6326.67543833789,5815.79097022779,6650.35907724533,6289.97863132284,3838.67204422746,3095.31291190392,6253.34606634039,4639.31208316298,4012.36422966514,4050.06884490293,7521.59880495879,2836.06176845284,4812.79959419214,4308.8906508518,3723.70754268207,4338.36679304533,3870.43212569456,5428.74157608636,4775.92380460051,4878.2734932171,5290.31522563783
8718.13755876324,3717.19614915178,6640.64729697267,4403.62653365926,5886.51793478643,3151.55788120129,4437.54028547278,6333.21858456939,4979.95158197014,6326.67543833789,5815.79097022779,6650.35907724533,6289.97863132284,3838.67204422746,3095.31291190392,6253.34606634039,4639.31208316298,4012.36422966514,4050.06884490293,7521.59880495879,2836.06176845284,4812.79959419214,4308.8906508518,3723.70754268207,4338.36679304533,3870.43212569456,5428.74157608636,4775.92380460051,4878.2734932171,5290.31522563783
8718.13755876324,3717.19614915178,6640.64729697267,4403.62653365926,5886.51793478643,3151.55788120129,4437.54028547278,6333.21858456939,4979.95158197014,6326.67543833789,5815.79097022779,6650.35907724533,6289.97863132284,3838.67204422746,3095.31291190392,6253.34606634039,4639.31208316298,4012.36422966514,4050.06884490293,7521.59880495879,2836.06176845284,4812.79959419214,4308.8906508518,3723.70754268207,4338.36679304533,3870.43212569456,5428.74157608636,4775.92380460051,4878.2734932171,5290.31522563783
8718.13755876324,3717.19614915178,6640.64729697267,4403.62653365926,5886.51793478643,3151.55788120129,4437.54028547278,6333.21858456939,4979.95158197014,6326.67543833789,5815.79097022779,6650.35907724533,6289.97863132284,3838.67204422746,3095.31291190392,6253.34606634039,4639.31208316298,4012.36422966514,4050.06884490293,7521.59880495879,2836.06176845284,4812.79959419214,4308.8906508518,3723.70754268207,4338.36679304533,3870.43212569456,5428.74157608636,4775.92380460051,4878.2734932171,5290.31522563783
8718.13755876324,3717.19614915178,6640.64729697267,4403.62653365926,5886.51793478643,3151.55788120129,4437.54028547278,6333.21858456939,4979.95158197014,6326.67543833789,5815.79097022779,6650.35907724533,6289.97863132284,3838.67204422746,3095.31291190392,6253.34606634039,4639.31208316298,4012.36422966514,4050.06884490293,7521.59880495879,2836.06176845284,4812.79959419214,4308.8906508518,3723.70754268207,4338.36679304533,3870.43212569456,5428.74157608636,4775.92380460051,4878.2734932171,5290.31522563783
8718.13755876324,3717.19614915178,6640.64729697267,4403.62653365926,5886.51793478643,3151.55788120129,4437.54028547278,6333.21858456939,4979.95158197014,6326.67543833789,5815.79097022779,6650.35907724533,6289.97863132284,3838.67204422746,3095.31291190392,6253.34606634039,4639.31208316298,4012.36422966514,4050.06884490293,7521.59880495879,2836.06176845284,4812.79959419214,4308.8906508518,3723.70754268207,4338.36679304533,3870.43212569456,5428.74157608636,4775.92380460051,4878.2734932171,5290.31522563783
8718.13755876324,3717.19614915178,6640.64729697267,4403.62653365926,5886.51793478643,3151.55788120129,4437.54028547278,6333.21858456939,4979.95158197014,6326.67543833789,5815.79097022779,6650.35907724533,6289.97863132284,3838.67204422746,3095.31291190392,6253.34606634039,4639.31208316298,4012.36422966514,4050.06884490293,7521.59880495879,2836.06176845284,4812.79959419214,4308.8906508518,3723.70754268207,4338.36679304533,3870.43212569456,5428.74157608636,4775.92380460051,4878.2734932171,5290.31522563783
8718.13755876324,3717.19614915178,6640.64729697267,4403.62653365926,5886.51793478643,3151.55788120129,4437.54028547278,6333.21858456939,4979.95158197014,6326.67543833789,5815.79097022779,6650.35907724533,6289.97863132284,3838.67204422746,3095.31291190392,6253.34606634039,4639.31208316298,4012.36422966514,4050.06884490293,7521.59880495879,2836.06176845284,4812.79959419214,4308.8906508518,3723.70754268207,4338.36679304533,3870.43212569456,5428.74157608636,4775.92380460051,4878.2734932171,5290.31522563783
8718.13755876324,3331.46545402763,6640.64729697267,4403.62653365926,4820.85434295799,3151.55788120129,4437.54028547278,6333.21858456939,4979.95158197014,5263.26592869742,5815.79097022779,6650.35907724533,6289.97863132284,3838.67204422746,3095.31291190392,5959.46546529111,4639.31208316298,3760.08821196974,4050.06884490293,5130.56365523297,2836.06176845284,4151.09745892516,4308.8906508518,3426.64321458659,4338.36679304533,3870.43212569456,5428.74157608636,4775.92380460051,4878.2734932171,5290.31522563783
8718.13755876324,2807.00278207474,5597.4777057343,4403.62653365926,3851.24688296454,3151.55788120129,3515.06079611306,5269.64942948395,4104.43737747019,3803.99570332536,4705.52997091777,5253.09791944498,4860.55595832596,3838.67204422746,2707.17477593287,3878.39198539696,4639.31208316298,3081.57196360302,4050.06884490293,4838.27643531765,2512.30853537341,3260.96264169209,3921.17970484177,3090.30577637213,3324.19616444288,3393.41290259645,3882.29827729797,3186.99564713953,4878.2734932171,4468.24052845943
7071.24127513818,1809.1746154038,3914.48434644534,3604.6036181175,2600.88934915323,2707.1529812692,2697.74535183006,3392.54795045445,3525.89368488984,2158.74056638533,2740.96509904121,4177.74585793914,3360.48493723847,3118.84253358957,2239.68032308005,2790.5717248045,3918.04264641558,2085.1449875052,3167.64077882402,3088.49995148449,2071.09523527141,2579.37357050135,3500.76161708493,2112.18671392993,2463.04783884339,2478.818181152,2788.34486902155,2134.62456526624,3416.64767222664,3841.9281053127
5187.21440432657,1138.9022093439,2416.44990607809,2618.3523480907,1575.91102936883,2248.38120503937,1631.64589097656,1918.1791249519,2685.10359856447,1320.53392357379,1748.63036070227,2582.68618415042,1938.12529289262,2143.18704566177,1645.72136141412,1415.8745712788,2582.65849340518,1168.13045276025,2321.23905156091,1697.20948123361,1413.01073421366,1377.46623365867,2283.04661286088,1452.40009493336,1424.95559264769,1355.97103066652,1465.98992418983,1361.4687582801,2535.02325191522,2407.63281412914
1502.37220065733,517.70153634512,1603.43769235684,1237.05824425095,646.688960952884,1378.63527519254,1217.16415562978,1410.33422873011,1115.60696053197,597.906412347374,1230.22032426176,1362.88141762695,1121.57119387642,1439.69742873804,1067.49866721053,938.007989399143,1445.91571981301,860.064526411545,1339.47858697315,1268.06074461222,891.95931765224,1061.33864667679,1416.79177789513,1191.34445059478,884.76001295502,663.469179879268,1012.65427504607,767.746550961011,1290.07344139013,1331.3989561476
1332.19219090807,475.613495623817,1043.3055274246,1190.2538426772,501.374312641197,838.541312965434,1136.80218219934,915.649376014515,1014.79122072428,550.093188105646,1207.34145895666,1076.27654813982,498.077180449287,979.210340461487,476.767773650412,518.21431857164,1082.40503086378,510.284024321593,942.604692164393,1058.36741830871,520.938108778917,915.824333650825,1117.61453377616,962.111525316453,557.272778804201,480.585312479091,859.139038881029,496.844304916945,1049.88315411387,1044.46226694645
1117.51041690213,475.357787606987,961.660701344907,1093.59537724449,501.167201056795,838.541312965434,1136.80218219934,473.679771958629,490.572221828221,549.425209343306,599.112865421661,1015.00323599591,491.09945019755,979.210340461487,471.428645936835,518.205608136225,1082.40503086378,508.567255899949,941.692267594137,520.400993184283,509.194257760579,571.930619037242,1117.61453377616,504.34093536977,556.35954516077,480.103577515576,474.920838914768,496.798217667352,1030.409548501,1044.46226694645
1017.13249896826,475.357614691848,961.660701344907,899.94128697048,501.166183442446,838.541312965434,541.857285038599,473.532696388833,490.519423231692,549.425143409728,480.372509053551,470.409527339864,491.098846333845,979.210340461487,471.42716926968,518.205538335047,1047.69017203301,508.566998920294,941.692267594137,520.398656545396,509.168543807939,571.928768474182,950.551999353036,488.713062423474,556.359526138873,480.103537420689,471.558638770706,496.798095802363,1030.409548501,964.494495002589
