38819.9284314772,16372.8191305369,31194.2291908377,17114.0412956414,16837.5072783726,25884.5996825751,11826.4936303764,36900.8293942602,27965.4949979502,9541.37523114249,26802.4588841113,5857.37566108034,22400.0026867605,17405.5638459088,22827.7503417312,7172.58141460577,20673.3140846213,9713.33664258334,25867.9721844505,29563.9667063699,8125.02564275937,30941.870478061,25745.3070672294,21212.6005645911,33657.569789234,15558.183645635,34367.8524257217,29676.6243831513,11375.3457306164,14555.4131956816
9469.92067139961,2633.76009927574,3783.7977296903,2102.16442490178,3244.34412205985,6449.33761596244,3578.01837051396,4857.94291211325,5322.91147721579,2148.21746440068,4979.86827874627,924.782049087633,6906.55208399541,2663.28358429159,4892.71254560258,1327.93540339961,3726.80994968786,1767.49038215091,4524.01768998325,7130.85945408159,1861.31237574734,5539.34989706001,4341.59087080802,4457.77945680459,7872.32124488761,5504.41878372937,6555.31418407925,6364.60600424289,2213.10412933866,2396.30488266597
1862.16248132782,1351.15483844837,1183.46643156381,1052.66102900858,1352.94384316292,2134.17380248531,1510.42933396862,1667.1600582612,2048.73521644065,1153.39791279594,2164.38791562679,686.292732727789,2077.62500761307,1186.07614768496,1426.48304809482,871.867781337775,1577.45714358265,984.907394679136,1662.47812707942,2806.84288817926,973.972671601988,1759.08905934418,1542.37517665684,1489.07034807551,1745.49643866756,3307.3388009596,1999.14895065273,1843.70758345413,1186.03307401276,944.118976703339
907.231521542282,836.015320649806,759.213260542033,780.855013348053,853.925252440376,804.827787468278,931.116387707003,827.035066897893,911.353378945573,813.085652391627,992.972860882873,639.691794546689,1083.40871305033,799.908047368317,785.126616876682,673.74555486989,795.98545506408,747.095735824061,803.407926333447,959.608970200825,695.376976742693,879.674326464069,829.311491478092,909.232476200017,858.281421669354,1313.00687182393,863.335422078007,762.175264769246,765.298048849958,667.59595868567
666.692635328283,647.155045834009,613.242502807325,629.114720568877,670.020277087755,601.787611069765,639.93441662861,649.344403808817,708.763676819065,598.949919321202,702.143305528492,595.021385148076,740.96218720868,657.677733861653,647.719305058704,629.575877563093,691.287004422777,632.515367580709,637.45014611716,695.870299554936,625.737184051844,680.879753352604,656.275751183984,663.143235558176,684.685560385769,730.128855744856,689.817952142493,618.405956712936,657.557754534128,600.43542283111
612.909669184034,595.179752654866,588.241150468919,576.602718873881,585.733618580553,568.930428239066,607.932292157432,568.193786622508,609.751184595956,573.867416460166,591.712283514828,571.035378539104,595.684847055006,586.648304258803,626.165189374111,613.715781942649,593.225516279202,596.581043484036,584.376981270241,590.517717298613,532.342168972521,614.003568684916,605.200669993554,582.630033229677,589.697690628531,590.501440795437,631.886400822689,577.587917569419,604.663504735411,560.801740805091
610.767487691844,594.332802275582,581.646779447346,571.519456198669,567.481973218267,555.33954343296,575.17250758467,557.358856617874,574.013589441675,562.606839162159,583.934624724086,540.452247529578,586.179534721741,576.3050216526,620.943056534362,532.146137673243,572.383576454639,582.730596296558,576.184023111397,587.5463783819,526.052330991375,611.656995085416,573.492420176729,559.517083483647,560.547636024628,587.49666897281,573.507914225895,560.028840039507,580.236779680957,540.823293822929
609.998754956208,593.076773896819,569.01180215132,570.352187098412,564.934690804608,553.997622827409,574.18903981961,554.960909916804,570.05135444745,531.067933967684,583.11224960924,471.432222872208,585.031178099547,565.714227337151,620.502659746949,461.763665776015,562.196327577274,570.482904567159,569.521801770277,587.163255304503,481.354757702054,611.391668416293,569.9110249732,534.167292367151,553.913239104203,587.053326167202,571.445637507138,533.632403179877,570.92184577196,527.287281560014
609.872075003643,592.75544158404,567.623582608494,570.151344710171,564.072024301408,553.949817875965,574.030744752955,554.895531851958,569.400313251074,523.519411541191,583.018660832717,471.318613711476,584.625491366276,563.461662342854,620.440527855957,461.652965341919,559.802182756695,561.253533640612,568.905183834817,587.086754658746,480.370052926618,611.382160990978,569.60108841683,529.915256796203,553.685895246968,586.992607991814,568.44787503455,533.27207944703,561.682957135033,523.438541775459
609.821709512754,592.752461943103,567.407174625688,570.146569422282,562.951477880465,553.886115785938,573.970557172613,554.894813467684,569.1929617569,523.340545751025,582.83537920262,471.304752687488,584.3797031895,563.168349470411,620.439718533208,461.652675435025,559.763622194378,560.895687634449,568.886575425447,587.085767907391,480.342270719699,611.351353510774,569.51185614564,529.814850980209,553.669615747152,586.972273611172,568.135207333358,533.235784726813,560.458996973286,523.406138247607
609.820331965728,592.752253388823,567.388745797219,570.146101094073,562.92647087566,553.884443082133,573.960957552668,554.89469420956,569.191239626392,523.301294586007,582.83499228926,471.29880819018,584.378657586497,563.128372175577,620.439693611146,461.6378586557,559.762414623241,560.772423771935,568.88537633037,587.085722635816,480.305846269503,611.350889854583,569.503712929771,529.813864467817,553.668659359158,586.971617839648,568.129392688854,533.233933855981,560.340476885727,523.387640833663
609.820326265905,592.752253388823,567.383316213171,570.146042994706,562.921740085433,553.884354988578,573.960239214503,554.894680655965,569.191213684113,523.289624743857,582.834990429299,471.179037581931,584.378644923665,563.127115774853,620.439693611146,461.634499166559,559.762344502308,560.724769925346,568.885246725781,587.085721628073,480.304825823083,611.350886446541,569.50365076063,529.813863756479,553.668641677378,586.971617839648,568.12917389806,533.233919282129,560.209390122869,523.387287081959
609.820326265905,529.910595285915,567.383313539174,570.14603622184,562.921728453115,553.884354988578,573.960236911805,554.894680642519,569.191213684113,523.289537753104,582.834990429299,471.17895107561,584.378644923665,563.127107664903,614.980865342558,461.634399854008,559.762344496124,560.724602621278,568.885246725781,587.085721628073,480.304814100589,611.350886446541,569.50365076063,529.813863756479,553.668641677378,529.08392621935,568.12917257032,533.233919282129,560.209271536673,523.387285936949
602.906243895722,529.883948371988,567.383313539174,570.14603622184,562.921728453115,553.884354988578,573.960236911805,554.894680642519,569.191213684113,523.289537753104,582.834990429299,471.17895107561,584.378644923665,563.127107664903,562.757702378675,461.634399854008,559.762344496124,560.724602621278,568.885246725781,587.085721628073,480.304814100589,563.71350781001,569.50365076063,529.813863756479,553.668641677378,529.071063030487,568.12917257032,533.233919282129,560.209271536673,523.387285936949
