30972.576111079,106276.696021827,56414.5311283882,41078.4383347819,44103.4887983007,58325.2467314469,46728.4655017648,74940.6639002646,71193.6797276723,61082.0240468159,73379.0511072957,42942.2965281027,34371.5748302249,63701.5785578433,44471.984365416,31743.12984428,45676.0818566277,66805.7912982338,51847.9021165569,86731.1051557486,58477.480267537,89690.3454410557,34210.8521536395,53241.9378396193,80441.4466637493,48126.6933344525,31539.7392663127,68920.3809133707,45022.9131501415,86441.058071564
30972.576111079,106276.696021827,56414.5311283882,41078.4383347819,44103.4887983007,58325.2467314469,46728.4655017648,74940.6639002646,71193.6797276723,61082.0240468159,73379.0511072957,42942.2965281027,34371.5748302249,63701.5785578433,44471.984365416,31743.12984428,45676.0818566277,66805.7912982338,51847.9021165569,86731.1051557486,58477.480267537,89690.3454410557,34210.8521536395,53241.9378396193,80441.4466637493,48126.6933344525,31539.7392663127,68920.3809133707,45022.9131501415,86441.058071564
30972.576111079,106276.696021827,56414.5311283882,41078.4383347819,44103.4887983007,58325.2467314469,46728.4655017648,74940.6639002646,71193.6797276723,61082.0240468159,73379.0511072957,42942.2965281027,34371.5748302249,63701.5785578433,44471.984365416,31743.12984428,45676.0818566277,66805.7912982338,51847.9021165569,86731.1051557486,58477.480267537,89690.3454410557,34210.8521536395,53241.9378396193,80441.4466637493,48126.6933344525,31539.7392663127,68920.3809133707,45022.9131501415,86441.058071564
30972.576111079,106276.696021827,56414.5311283882,41078.4383347819,44103.4887983007,58325.2467314469,46728.4655017648,74940.6639002646,71193.6797276723,61082.0240468159,73379.0511072957,42942.2965281027,34371.5748302249,63701.5785578433,44471.984365416,31743.12984428,45676.0818566277,66805.7912982338,51847.9021165569,86731.1051557486,58477.480267537,89690.3454410557,34210.8521536395,53241.9378396193,80441.4466637493,48126.6933344525,31539.7392663127,68920.3809133707,45022.9131501415,86441.058071564
30972.576111079,106276.696021827,56414.5311283882,41078.4383347819,44103.4887983007,58325.2467314469,46728.4655017648,74940.6639002646,71193.6797276723,61082.0240468159,73379.0511072957,42942.2965281027,34371.5748302249,63701.5785578433,44471.984365416,31743.12984428,45676.0818566277,66805.7912982338,51847.9021165569,86731.1051557486,58477.480267537,89690.3454410557,34210.8521536395,53241.9378396193,80441.4466637493,48126.6933344525,31539.7392663127,68920.3809133707,45022.9131501415,86441.058071564
30972.576111079,106276.696021827,56414.5311283882,41078.4383347819,44103.4887983007,58325.2467314469,46728.4655017648,74940.6639002646,71193.6797276723,61082.0240468159,73379.0511072957,42942.2965281027,34371.5748302249,63701.5785578433,44471.984365416,31743.12984428,45676.0818566277,66805.7912982338,51847.9021165569,86731.1051557486,58477.480267537,89690.3454410557,34210.8521536395,53241.9378396193,80441.4466637493,48126.6933344525,31539.7392663127,68920.3809133707,45022.9131501415,86441.058071564
30972.576111079,106276.696021827,56414.5311283882,41078.4383347819,44103.4887983007,58325.2467314469,46728.4655017648,74940.6639002646,71193.6797276723,61082.0240468159,73379.0511072957,42942.2965281027,34371.5748302249,63701.5785578433,44471.984365416,31743.12984428,45676.0818566277,66805.7912982338,51847.9021165569,86731.1051557486,58477.480267537,89690.3454410557,34210.8521536395,53241.9378396193,80441.4466637493,48126.6933344525,31539.7392663127,68920.3809133707,45022.9131501415,86441.058071564
30972.576111079,106276.696021827,56414.5311283882,41078.4383347819,44103.4887983007,58325.2467314469,46728.4655017648,74940.6639002646,71193.6797276723,61082.0240468159,73379.0511072957,42942.2965281027,34371.5748302249,63701.5785578433,44471.984365416,31743.12984428,45676.0818566277,66805.7912982338,51847.9021165569,86731.1051557486,58477.480267537,89690.3454410557,34210.8521536395,53241.9378396193,80441.4466637493,48126.6933344525,31539.7392663127,68920.3809133707,45022.9131501415,86441.058071564
30972.576111079,93383.4555951983,38119.6400046383,30779.0066377455,28437.4524413537,37023.3804363504,45768.0762725737,38049.4930593326,71193.6797276723,55632.9844435891,52676.517511423,42942.2965281027,34371.5748302249,38521.320081859,39216.7751099619,22536.8853788786,45676.0818566277,39143.2999323082,34281.5499772324,54691.8535979781,42195.5742978759,89690.3454410557,34210.8521536395,44832.0190694968,61579.0700280439,46920.238705383,31326.7880974911,68920.3809133707,26717.8524008974,47434.1028307969
19110.2098832288,30593.041882412,27215.5804986286,25306.9044965517,17592.6035952625,25099.5752193201,24337.3183797674,21523.0496508436,41317.0054098669,24907.4783319407,32132.7628075769,30471.4338404876,21611.5535224902,30550.9251026492,24152.492914175,17976.4478557959,25848.3177490122,28720.3182568726,27601.7776461031,32059.4308605745,29535.4943125074,36795.0837936393,23091.7977412781,30034.0415864442,37997.7752343518,26190.8845237661,20883.0583529502,32749.4280260119,18284.817389926,29494.8003753314
13182.9661966154,16416.8512119552,13685.6546144397,13232.1936181556,9433.01837665806,11383.3289814029,13034.7735167336,8648.1888022872,26137.8057187629,14555.7449098411,17414.7058868204,17773.7648297652,13096.997548396,15170.2100013271,15317.8707345623,10388.419304568,16565.3064004499,14296.6307536439,15123.2883091717,15000.1224765524,16953.2407499393,21289.8026358955,16235.4048516716,14827.2705287635,21262.9230689074,14743.7886823212,10991.4347382838,18991.577539514,9530.17782492429,18379.7595085253
6907.58447383416,8604.75508957477,8126.08240015072,7769.26550964283,5479.87412941837,6393.06324105233,7269.07783788441,4368.84868036329,8888.01462534007,7699.85979540129,7441.80423013343,10345.5658624069,6768.36143446711,7611.70237115992,7103.46329973901,6035.99585138575,8808.69654242387,6758.49827781471,7983.04529750526,7293.89653325524,7824.73630523747,8056.46025322728,9087.78844591344,7939.01028539242,8580.12372663072,7107.33042986411,7722.66295361615,8892.88934525488,6912.77711732208,8629.51250950952
5247.35377820437,3575.51482069957,2673.49915735629,2578.11663266174,2011.89921910089,3082.27496807623,2574.79476873853,3985.92500474703,1744.24551971276,3162.7582366032,2724.58332565856,1911.51265194341,3268.250870742,4318.12936645471,3243.14099639788,2057.79639688867,2225.06947744999,4888.2378980926,2582.11477871598,4757.23233672025,2482.94192659525,3050.62242239891,4236.52699038548,2562.22474284404,3003.49468701247,2204.22646104674,2836.33956505206,4936.22726460059,3761.30173424977,4558.90567190062
1608.07766925567,1964.29601539012,2307.2067945483,1742.81208175088,2010.6971965714,3016.21837172717,2531.67899136221,3943.24865292083,493.495299980756,3118.08186384001,2315.83922287455,496.899187375757,3152.38052753922,4306.71396370527,2787.52436990393,1893.78370814107,839.024396264946,4768.53432625707,2547.88771874166,1569.87335009094,1975.44736526993,2163.17212215657,1527.82525658001,2284.10395652654,2329.50829635066,1955.42650279512,2489.40068236287,1817.7803716556,3760.19042036087,4479.992374267
1594.41425911369,1964.10730418803,2292.75125849664,1741.63282221871,2010.37341988793,3015.77851593739,2517.76816812548,3933.70536098602,300.001606532204,3110.92283776601,2302.38829828141,300.00099112665,3144.15842419618,4306.67054765553,2768.90042164818,1893.65585058708,300.006852635601,4766.42136494238,2546.47941908572,1568.32717513839,1972.42420020245,2163.08044928854,1514.83715123423,2283.30318296599,2323.91243784779,1950.38495860711,2487.37962754561,1815.92201691464,3759.4567822204,4464.36679854374
300.000003814793,300.00000171086,2292.68360509627,300.000066925829,300.000003207075,300.000001924886,300.000002699379,2033.50804361491,300.000003482033,300.000003300838,2301.32168952458,300.000003493441,2358.87719768731,1908.83833660916,2768.87623682695,1893.65260479134,300.000003035218,300.000002784761,2546.37183097639,1568.13229359155,1972.27723982455,2163.05359737751,1513.27971872335,2283.13259452352,300.000007915186,300.000003262471,1832.00594110362,1815.62140427857,300.000002965834,300.000002929668
