66275116.6138759,8512.44987770837,30519.9935865421,1605980.12637604,10048.6333762782,753000.019025588,5311.77333977836,5932721.62422967,7601.8786072853,116261.881305339,6175.0033251505,704264.895104041,2127650.72362328,107124.18764982,28305.8210380315,712054.848450717,58966591.9074325,20396.3768304319,8476.37934380914,26527.9246820081,18034.3625045639,10388.5092046482,2387325.05147173,6803.41102459033,7291.21492442145,87788.6170915747,93169.8899382496,36090.16897143,11935.0290343561,4247.76069417085
2325483.26313832,3935.01735609679,10549.8850716676,13370.2207393299,4642.57067499588,36384.9096938402,3389.17340140599,59754.5394612381,4914.45022402364,7555.27211170314,3433.64873565804,8337.69629077067,73707.5087904565,11044.4821692837,10482.5691482814,46956.0379879571,7128222.96552822,12192.6453739019,4963.91607900991,6022.83857063955,5100.33717304323,4097.49035406595,21278.1245416275,3955.22150790824,3444.12981479756,14552.1011937367,5522.64968204065,10647.014611166,4911.16624317388,2998.09587753277
63732.9504298938,2525.91678337873,6546.57783940148,6732.4294261765,3946.11734330365,10185.7194964537,1851.64346056817,27412.7597395033,4334.93399671303,4803.24135762077,2953.14576335125,5307.42985477565,14151.2940415421,6694.10473279765,6272.63825876217,29196.4523356654,100276.46572443,9294.28197664579,4239.54232456992,4271.14071260165,3589.86472255233,3396.16239920235,15748.9680161775,3262.39373003223,2784.10151140763,8575.84479542564,3627.62721945899,5491.60099757903,4352.72140175814,2303.38958029462
17469.4231188093,2042.63865451982,2984.35517731244,3648.72827811819,2324.4679216928,4284.07572101336,1732.97432038919,13496.8622292295,4109.31567603636,2133.49403309423,2367.51018020045,3845.86555300733,6142.91192764879,3647.49445855792,4036.04488653263,9489.71213727866,6727.6815706522,5637.31546375787,2887.93759578204,2520.76043380663,2983.47343502163,3146.54024468757,11216.1938061575,3041.91869889294,1742.8961072984,4120.22235648543,2505.46241342892,2691.07161384934,3572.75263392403,2219.21986047245
5957.73680376255,1911.55897915105,1661.4335039444,2403.32795027105,1982.00678645059,1911.45883882577,1459.12377265228,5471.79710045343,3896.87831170761,1889.2675953981,2237.66116209051,2597.11377824445,2103.3689533822,1807.01212461661,2618.54856481777,3496.76602199441,3632.336385188,2766.38613522181,2472.44130248411,2346.74872548749,2695.05402199944,2708.03052235395,4656.06299929078,2616.01984408867,1406.75358361027,3386.00254759431,2251.15716750891,1800.20753382539,2403.10031603725,2118.59097428573
2340.22452510622,1826.05417279155,1535.761408157,2166.8834415281,1948.68794649561,1248.3531923858,1277.95206913926,2695.78090320091,3834.28977434094,1720.5228194941,2173.34196208828,1383.72771087447,1693.44936686111,1565.67018624551,1750.24195293715,1929.27125611208,2716.53374992795,2355.04924420455,2400.1074508585,2257.21463029798,2630.59697055315,2081.71099262618,2523.40009149336,2433.91308473202,1336.95531916195,2147.70119198407,2161.45258625011,1743.31459494908,2278.14203356452,1839.27152043246
2340.22452510622,1785.77890670682,1453.99939880593,2159.87432837535,1914.89134681907,1132.68152744986,1233.81390054403,2160.03043210589,3273.87371956894,1681.46659061501,2154.29481638641,1323.63687787442,1603.24378584797,1539.01148149199,1667.97079629617,1230.62836934576,2131.52919507724,2320.0043367829,2385.75500051238,2241.38680303607,2534.43140885692,2054.28562043769,2523.40009149336,2321.00370872736,1299.19715208729,2058.06862074234,2035.36624263873,1680.70285458056,2263.50083149785,1781.78928836056
2340.22452510622,1755.38007641326,1381.43866135183,2159.51241727302,1894.92623147563,1118.96511044813,1229.30200880009,2160.03043210589,3136.82427760218,1678.27938759312,2144.81147744958,1276.1879556892,1553.93604196109,1513.90447566921,1652.60609812077,1122.93301495472,1817.78594476273,2241.06402634721,2382.72603294399,2204.86156749354,2389.17480211457,1986.26184528328,2523.40009149336,2253.17157028589,1298.22011174675,2034.27642634414,1998.15277196275,1594.88545855939,2240.35214412121,1733.96469779444
2340.22452510622,1735.90186936463,1282.37993959746,1504.11015864525,1891.6352088334,1110.56711879482,1228.86773216418,2160.03043210589,3044.42155168899,1676.6742626328,2135.50141051381,1243.6930392108,1538.15521212245,1488.46029139803,1652.10475532032,1121.3183112828,1817.78594476273,2222.34245326517,2382.09050540312,2192.13603930436,2023.12986285906,1941.95226403858,2523.40009149336,2244.90993803781,1297.63195278977,2016.38260185214,1968.1377237495,1564.07247662952,2228.84370093226,1719.25761528224
2340.22452510622,1730.31354413073,1249.47752212228,1405.32603156509,1881.80950709377,1106.20898767702,1228.63794451395,2160.03043210589,2913.27132177883,1666.31244028202,1707.77694284825,1239.82787161064,1538.06848887369,1483.56101049831,1645.66902411801,1121.31813596832,1817.78594476273,2221.87980281372,1736.66619068273,2179.72048309165,2007.83030976367,1554.36769927371,2523.40009149336,2181.01331814977,1297.59456613576,2007.43713841893,1964.00737432004,1548.92576047612,2221.7311220201,1715.1172378886
2340.22452510622,1727.47199294206,1193.79204528176,1402.59563996403,1881.54953766778,1105.27300130307,1228.57404774032,2160.03043210589,2908.93349187351,1665.61553752502,1470.9958614173,1238.39685783976,1538.06841456648,1480.59124934723,1643.94927303608,1121.31813596832,1817.78594476273,2221.87979544211,1703.3243538714,2179.31579584096,1984.91924287106,1469.46397389317,1777.2835636719,2170.30126783567,1297.56890890624,2005.97703253677,1959.62370997423,1547.26516511929,2215.79063743482,1712.50507312302
2126.55771080104,1719.95111700262,1191.90807617976,1402.12768192306,1874.17326904677,1105.27299159078,1228.56182058883,2160.03043210589,2112.01664955287,1665.52724481793,1467.7823700338,1238.39685783976,1538.06841456648,1480.58876887845,1643.94926739151,1121.31813596832,1817.78594476273,2221.87979544211,1702.60177249565,2179.31576801194,1981.0868897064,1356.2956774508,1777.2835636719,2167.96880966343,1297.56526311581,2005.51686217956,1959.15699080732,1546.09232930487,2215.62408894236,1712.43769105682
1841.31410427566,1719.78427988647,1191.90807617976,1402.082626968,1874.16960027805,1105.27299159078,1228.55998554278,2160.03043210589,1581.90375116518,1665.52724481793,1467.35855304443,1238.39685783976,1538.06841456648,1480.58876887845,1643.94926739151,1121.31813596832,1817.78594476273,2221.87979544211,1702.5596197727,1131.268420768,1981.08688288487,1355.72106467489,1777.2835636719,2167.88613067835,1297.56484437552,2005.51686217956,1959.15692961579,1546.09232930487,2215.62408894236,1712.43436416439
1841.31410427566,1719.78427988647,1191.90807617976,1402.08108537524,1756.9096637517,1105.27299159078,1228.55986055402,1952.74442302782,1581.90375116518,1665.52724481793,1467.26299385004,1238.39685783976,1538.06841456648,1480.58876887845,1643.94926739151,1121.31813596832,1817.78594476273,2221.87979544211,1702.55734743205,1114.70329421509,1981.08688288487,1355.69127966086,1777.2835636719,2167.88613067835,1297.56484437552,2005.51686217956,1959.15692961579,1546.09232930487,2098.69373324347,1712.43428624283
