7991.91444385706,9153.15191392869,7812.25372067471,9097.51155085304,6942.20391933621,5933.79176552688,6948.57892752182,7998.21511021649,6748.75906581703,7305.74920045541,8081.29283284425,7220.47376863884,7614.64342004867,6688.41925968713,7980.05169794692,7193.03054014916,7354.67514426789,7169.28879179724,7061.44635583541,6938.35945608842,8695.74364226512,7223.36434110324,8440.94782581359,7175.47874284861,6785.0592607083,6731.54458506052,6827.36446087107,8417.55732859616,8646.3284381378,8648.37263067109
7991.91444385706,9153.15191392869,7812.25372067471,9097.51155085304,6942.20391933621,5933.79176552688,6948.57892752182,7998.21511021649,6748.75906581703,7305.74920045541,8081.29283284425,7220.47376863884,7614.64342004867,6688.41925968713,7980.05169794692,7193.03054014916,7354.67514426789,7169.28879179724,7061.44635583541,6938.35945608842,8695.74364226512,7223.36434110324,8440.94782581359,7175.47874284861,6785.0592607083,6731.54458506052,6827.36446087107,8417.55732859616,8646.3284381378,8648.37263067109
7991.91444385706,9153.15191392869,7812.25372067471,9097.51155085304,6942.20391933621,5933.79176552688,6948.57892752182,7998.21511021649,6748.75906581703,7305.74920045541,8081.29283284425,7220.47376863884,7614.64342004867,6688.41925968713,7980.05169794692,7193.03054014916,7354.67514426789,7169.28879179724,7061.44635583541,6938.35945608842,8695.74364226512,7223.36434110324,8440.94782581359,7175.47874284861,6785.0592607083,6731.54458506052,6827.36446087107,8417.55732859616,8646.3284381378,8648.37263067109
7991.91444385706,9153.15191392869,7812.25372067471,9097.51155085304,6942.20391933621,5933.79176552688,6948.57892752182,7998.21511021649,6748.75906581703,7305.74920045541,8081.29283284425,7220.47376863884,7614.64342004867,6688.41925968713,7980.05169794692,7193.03054014916,7354.67514426789,7169.28879179724,7061.44635583541,6938.35945608842,6401.3129014881,7223.36434110324,6793.32510999162,7175.47874284861,6785.0592607083,6731.54458506052,6827.36446087107,8417.55732859616,8646.3284381378,8648.37263067109
7991.91444385706,9153.15191392869,6794.06464065849,9097.51155085304,6942.20391933621,5933.79176552688,6948.57892752182,7998.21511021649,6748.75906581703,7305.74920045541,8081.29283284425,7220.47376863884,6190.64457994852,6688.41925968713,7980.05169794692,6986.16339043162,7354.67514426789,7169.28879179724,7061.44635583541,6938.35945608842,6401.3129014881,7223.36434110324,6793.32510999162,7175.47874284861,6785.0592607083,6731.54458506052,6827.36446087107,8417.55732859616,8646.3284381378,8648.37263067109
7149.8903212152,7384.91820575678,6794.06464065849,6821.55502016405,5978.78280006444,5592.43602162696,6838.83251710432,6854.13954121287,5762.78904279785,5510.04107616108,6255.176973373,5284.40425998311,5435.04940209196,5629.35583014885,5848.71759140326,6986.16339043162,5699.53130134019,6294.48096430521,6928.06620182285,6714.89527555892,5355.55083947945,6845.15709551972,6260.42160989166,6335.69841841475,6536.9329760445,5371.51893256884,6827.36446087107,6031.85382539683,6942.07957762734,6872.01300134737
6886.36376765429,6919.45082852403,6794.06464065849,6629.63558583802,5352.83645686491,5151.01731031443,6545.95969876553,6283.38604382326,5495.48350982324,5510.04107616108,6255.176973373,5284.40425998311,5087.38851262759,5629.35583014885,5848.71759140326,6267.81548468577,5699.53130134019,5996.42572350879,6292.10969637346,6562.7363771618,5027.52697598445,6845.15709551972,5824.52390997196,6335.69841841475,6493.30188238227,5371.51893256884,6165.59709393612,5585.94382784655,6069.57594496378,6872.01300134737
5996.39487381136,5382.09381945699,5682.51760754043,6358.44995186649,5352.83645686491,5151.01731031443,5645.64596942118,6283.38604382326,4154.27900227116,4996.90775650815,6255.176973373,4659.24447780377,4679.39561136739,5195.54885345857,5848.71759140326,4986.11267217654,5699.53130134019,5431.44345323333,5814.33861094078,6151.09542664159,2361.31672630636,6295.5158257782,4865.46161881251,5430.52378848762,6329.34969979173,5010.60684925855,6165.59709393612,5156.0014761996,6033.8532719132,5821.67373394228
5996.39487381136,5382.09381945699,5682.51760754043,4591.51347888687,5352.83645686491,4540.85083840909,5360.22102068275,5394.34720222438,4154.27900227116,4566.80982626896,4896.4424666344,3144.40347296261,1524.94146496099,4355.8370094288,4114.9695368611,4211.64014391587,4957.96953994477,3550.09790541305,4509.25395924287,6151.09542664159,733.323578168366,6022.86323422948,1691.52243755703,4348.56037789549,5672.74425062006,4614.36339784632,5359.32313322278,5156.0014761996,4853.1792390044,5821.67373394228
3946.13883292073,4099.18426840639,2082.58648608294,2356.69891070771,1838.20512378929,3798.12357409454,4114.86140755609,3178.08240466603,1865.2295363378,2899.57886180513,2232.7258233377,1879.13067471836,1021.97657855395,3490.40503729343,1355.985488505,3863.5963568191,3783.31431216526,1502.83746696842,4123.8579727727,4624.69813098901,11.142011521732,4972.80685840529,436.132979255702,3818.23570743614,4685.50952189904,1593.92946168441,4334.71179349838,3630.81758205877,2489.98831356859,3016.53560534254
731.609281524446,1032.83251825783,1119.44887002483,1018.72095921825,864.012035766553,3419.26331214108,3999.83712867805,1080.98941126331,979.790314177768,1026.67435684729,1101.28625494099,1180.55944809578,888.695145936638,1241.77993528667,828.935883963426,3834.91112610885,917.596224295304,1136.83620209297,4012.39346693572,3776.03230452843,11.0572732570981,1549.06754573441,11.6483778923598,3758.54174573981,4127.08345688817,795.275695856829,4255.17477596249,1067.82491205215,1252.3157033042,1325.5306681718
24.9995426818815,334.468516470374,126.006808433822,35.3940712157518,864.012035766553,3411.19704258724,3995.55836260258,44.513419216172,15.972013964352,23.7953461206832,973.950383459617,1067.89574695295,11.1645958099199,30.4271790105982,744.792562039735,3832.22882689182,1.20860755898332,124.55782784465,4010.80541749223,3685.41129260153,11.0572732569129,938.873981501832,11.6332865683555,3756.79419186669,4062.42748893076,25.6118373557187,4253.87824610208,121.495215800311,154.673559065069,215.088592545454
20.8896859739634,11.8002251286392,11.9177915975538,8.66746483558578e-05,864.012035766553,3411.19520276853,3994.97606543433,32.0374229564791,3.99979150878745e-05,11.6530741301385,854.983658145611,21.028563740973,11.1264538557089,10.2286905363968,181.613718488132,3831.27740124662,1.19827041104475e-07,31.6251638627776,4010.71752082955,3685.37648671656,11.0572732569129,10.8816580357648,11.6295328181905,3756.20629996371,4062.41278592075,22.4649896865317,4253.36327746654,11.2471366940008,10.9723561981261,11.2912841194366
20.8896765008148,11.7998325001015,11.9141138949665,2.91440945450934e-12,41.0991090099386,3357.06379735034,3994.90896712476,32.0374058160543,4.97143067453483e-12,11.6530583992694,22.0392072713737,20.9953135829616,11.1226395717677,10.2286639919478,1.19169267046952e-10,3831.22633552596,3.33932881346755e-12,31.6250769185671,4010.70794620592,3630.56511854239,11.0572732569129,9.89611325336161,11.6295328181905,3756.15950481652,3988.06707509646,22.4649884469205,4253.29654146652,10.8326826146523,10.9703263780034,11.2910406767887
20.8896765008136,11.7998325000961,11.9141138949665,1.75578070601053e-12,40.9710599180311,3339.34458595534,3994.90831665697,32.0374058160534,1.22109729735106e-12,11.6530583992651,22.0392072706888,20.995313582949,11.1226395717677,10.2286639919378,3.32526598848896e-12,3812.12330905958,1.48125955945488e-12,31.6250769185648,3691.88286517499,3573.89988934807,11.0572732569069,9.89611325334465,11.6295328181905,3358.13872672735,3988.06707381472,22.4649884469195,4197.80024157714,10.7700144195993,10.9703263779978,11.2910406767887
20.8896765008134,11.7998325000954,11.9141138949665,1.6348404111947e-12,40.971059918029,3339.34458595534,3994.90826097444,32.0374058160525,1.22109729735106e-12,11.6530583992612,22.0392072706806,20.9953135829474,11.1226395717677,10.2286639919364,1.47348799828251e-12,3477.35680299862,1.29814677526004e-12,31.6250769185643,3287.68117269018,2969.5133458362,11.0572732569069,9.8961132533425,11.6295328181905,3358.13865191796,3836.7132540924,21.609088947756,4197.80014795135,10.7700144195966,10.9703263779965,11.2910406767871
