420716135104.892,425212479957.441,447573626402.399,339679056935.904,416421176914.632,373144943924.863,373446111627.085,404865328727.351,436460869018.153,407047207149.191,283872423133.887,387286591310.402,453074694885.058,307089478334.629,367225421078.649,448830559925.764,335199099429.929,263917390051.399,374790685125.488,265547831087.088,349845552665.869,371805559346.661,350024029224.535,355017667476.62,359705583274.86,249652235305.281,334207059887.797,377911089510.642,422270762375.132,330873208645.355
420716135104.892,425212479957.441,447573626402.399,339679056935.904,416421176914.632,373144943924.863,373446111627.085,404865328727.351,436460869018.153,407047207149.191,283872423133.887,387286591310.402,453074694885.058,307089478334.629,367225421078.649,448830559925.764,335199099429.929,263917390051.399,374790685125.488,265547831087.088,349845552665.869,371805559346.661,350024029224.535,355017667476.62,359705583274.86,249652235305.281,334207059887.797,377911089510.642,422270762375.132,330873208645.355
420716135104.892,425212479957.441,447573626402.399,339679056935.904,416421176914.632,373144943924.863,373446111627.085,404865328727.351,436460869018.153,407047207149.191,283872423133.887,387286591310.402,453074694885.058,307089478334.629,367225421078.649,448830559925.764,335199099429.929,263917390051.399,374790685125.488,265547831087.088,349845552665.869,371805559346.661,350024029224.535,355017667476.62,359705583274.86,249652235305.281,334207059887.797,377911089510.642,422270762375.132,330873208645.355
420716135104.892,425212479957.441,447573626402.399,339679056935.904,416421176914.632,373144943924.863,373446111627.085,404865328727.351,436460869018.153,407047207149.191,283872423133.887,387286591310.402,453074694885.058,307089478334.629,367225421078.649,448830559925.764,335199099429.929,263917390051.399,374790685125.488,265547831087.088,349845552665.869,371805559346.661,350024029224.535,355017667476.62,359705583274.86,249652235305.281,334207059887.797,377911089510.642,422270762375.132,330873208645.355
420716135104.892,425212479957.441,447573626402.399,339679056935.904,416421176914.632,373144943924.863,373446111627.085,404865328727.351,436460869018.153,407047207149.191,283872423133.887,387286591310.402,453074694885.058,307089478334.629,367225421078.649,448830559925.764,335199099429.929,263917390051.399,374790685125.488,265547831087.088,349845552665.869,371805559346.661,350024029224.535,355017667476.62,359705583274.86,249652235305.281,334207059887.797,377911089510.642,422270762375.132,330873208645.355
420716135104.892,425212479957.441,447573626402.399,339679056935.904,416421176914.632,373144943924.863,373446111627.085,404865328727.351,436460869018.153,407047207149.191,283872423133.887,387286591310.402,453074694885.058,307089478334.629,367225421078.649,448830559925.764,335199099429.929,263917390051.399,374790685125.488,265547831087.088,349845552665.869,371805559346.661,350024029224.535,355017667476.62,359705583274.86,249652235305.281,334207059887.797,377911089510.642,422270762375.132,330873208645.355
420716135104.892,425212479957.441,447573626402.399,339679056935.904,416421176914.632,373144943924.863,373446111627.085,404865328727.351,436460869018.153,407047207149.191,283872423133.887,387286591310.402,453074694885.058,307089478334.629,367225421078.649,448830559925.764,335199099429.929,263917390051.399,374790685125.488,265547831087.088,349845552665.869,371805559346.661,350024029224.535,355017667476.62,359705583274.86,249652235305.281,334207059887.797,377911089510.642,422270762375.132,330873208645.355
420716135104.892,425212479957.441,447573626402.399,339679056935.904,416421176914.632,373144943924.863,373446111627.085,404865328727.351,436460869018.153,407047207149.191,283872423133.887,387286591310.402,453074694885.058,307089478334.629,367225421078.649,448830559925.764,335199099429.929,263917390051.399,374790685125.488,265547831087.088,349845552665.869,371805559346.661,350024029224.535,355017667476.62,359705583274.86,249652235305.281,334207059887.797,377911089510.642,422270762375.132,330873208645.355
261268523603.911,278407430992.154,330008501896.816,208902433833.424,290688134448.029,275338655293.679,285418330557.46,293659118018.426,279648674518.312,293357423587.213,203595329595.362,256632658442.342,308013030895.385,201513639878.047,254489054409.875,298632618273.364,238530232254.69,182892519666.293,290624418265.395,177178469417.217,233003106572.677,279240511646.537,232203156942.73,242086637439.003,259428039310.142,143065633038.311,228113612370.521,261407760519.392,283689118508.53,231481822777.963
195625331290.467,237930268260.396,251011921434.569,155737085231.653,225769390973.426,211080541779.881,190801112344.275,202491465531.135,188661129496.046,225111535606.93,158692932054.45,197653560133.971,226340509905.571,148624693421.757,189271536834.132,225535923695.056,171214871230.844,148857628818.976,216769794598.749,118440197869.66,181117624169.866,200323447194.039,155020458385.343,172242680546.639,176697884947.096,115821806048.249,167283398879.558,204347746810.212,189907018910.325,151871567218.711
67449407414.8781,73748952492.878,78800305706.7312,33193203713.4009,66449081487.5007,68867940142.1492,60858177115.6633,69407761074.1584,69764167940.6328,70362092782.969,43744217985.8589,67455056922.0958,66751898007.5524,41234571824.2224,51017293148.1781,77474689033.6525,49731286027.587,45350129989.9589,64231682004.0432,30492555978.6959,55864380813.0407,49783345440.4813,38628364421.3475,34939913136.833,41430923503.2604,31345549606.2618,30411079477.7801,56109289164.4244,50682851067.4902,45784544178.132
1169662439.50893,1033615455.617,1261302168.95367,772309150.402347,1218246682.1011,1312727390.13704,1334351521.58992,800550138.319272,1580956220.99759,1682759133.70699,1071896890.82567,1653325198.76877,940430196.140104,999749638.560184,953314344.047834,1587243568.55029,945561287.457566,432922610.893045,1045647597.18487,555700980.015544,1137418717.36855,1794288048.28107,570887982.892087,741341280.676536,777965395.104955,485210173.76336,578328303.594871,1245631355.8682,1044009951.11246,794235574.030188
159950.767438907,190867.176904671,96205.1391271661,84129.3203745571,145499.916632536,117870.785687876,68032.1912977355,46583.8481827599,128836.140267228,86389.5821440864,77105.2992989744,95759.3133897526,84544.192175095,77690.9665471347,113898.066994646,100301.180102634,83220.1722609268,134843.019826917,58976.1073158652,78974.3627761143,170894.03417575,439224.801909812,169130.687767515,73407.8898271133,115259.077957234,49484.5052839011,57936.3116803274,403777.970391242,170120.123940355,79942.3432493542
6038.48649630634,2092.65273735556,3623.15182238268,11216.4905855237,4231.44960641172,3952.25283805184,1550.98966833633,9612.85987606489,1677.93192507622,798.007838535122,3912.55787878843,2440.8979409451,554.735046367479,312.816142440319,27.9712351230143,74.4211384067068,5924.35500696055,4266.71259816769,3151.93066179113,14329.6010066577,7399.75068811818,626.24946867141,733.072953732883,10.179451458568,2130.53012440246,162.894390197134,391.138268862121,1122.83084968219,876.975732577629,370.689975271651
5960.35770850918,2069.20547698339,3568.57936736606,11056.6546057359,4147.90036029713,3914.20452948734,1532.77845928913,9430.00427372009,1654.00824128074,788.618215525907,3850.84902383151,2411.92570579979,548.193678010858,310.007114860999,27.8261207382325,73.8207518262641,5815.68682386447,4191.94155200431,3102.26590006688,14013.0445187372,7296.41315748064,620.409980083226,725.781688944411,10.1195585666312,2102.6632595071,161.25064393225,388.087655457504,1114.14425477269,864.968757607425,366.928412830289
7.43155666782513e-07,6.67165068080067e-07,1.53964097648895e-06,6.42758791968845e-07,3.6627660904287e-07,6.93240139071349e-07,7.02498027749243e-07,5.02922418377239e-07,2.76689121392337e-07,8.60556539805657e-07,7.41442931939673e-07,8.33646666364984e-07,6.9450950945793e-07,4.27710972417117e-07,8.60669516100643e-07,7.25094793097014e-07,5.60749057854082e-07,4.63870293287982e-07,5.66682388125628e-07,4.64184296333769e-07,7.87530098023126e-07,3.76191252371427e-07,5.7413980414367e-07,3.9101506388306e-07,7.5363091411873e-07,3.79849623755035e-07,1.03245231741766e-06,6.72149056413218e-07,5.67571547094303e-07,4.03886843969303e-07
