17089.7397080746,16819.5505936229,16118.9529842877,15285.5396065819,15800.8602989276,16637.5043258553,17098.645255046,16004.8564781548,17776.8947195343,15284.9616230998,15954.2088201136,16135.1472135347,16350.260485711,16755.4631910251,15626.7862867908,16259.4529132429,15691.1179893022,16147.8085882717,17204.5505675863,15579.0044340548,15389.1132502594,16163.054179284,15830.5532873763,14499.3385892977,16056.8111703413,17285.7775060831,15646.2172241979,17327.570374782,16147.2145228055,16238.0632873197
15845.4916666004,16013.2283265393,14127.69599874,13706.1695247215,15800.8602989276,16041.1850370344,14897.5659721914,15815.4105110202,15935.5696673536,13924.0051565323,15954.2088201136,14855.9687873941,14883.8430855905,14886.8386874109,15626.7862867908,14513.2610809021,15606.3337161383,16147.8085882717,16597.3515719221,15579.0044340548,14460.2162668363,15776.020131344,15830.5532873763,12616.657294019,15205.9444807499,16111.5099999836,15646.2172241979,15467.4253075502,13917.439932219,14695.2721337738
15446.6526733534,15281.2533364749,13593.915578449,13706.1695247215,15800.8602989276,15432.1767072542,14801.5254496997,15148.7444781682,15184.3247088842,10088.1597959928,14686.1301342615,14855.9687873941,10883.2911890514,9998.74335644961,15381.5969200558,9903.8468257624,15191.7407321275,15493.8556813479,15406.2764582825,15421.1221799305,8910.4898778088,14838.7391931858,15830.5532873763,8595.54332276536,15205.9444807499,15993.7660133425,14775.3593174625,15467.4253075502,9920.43596541352,14695.2721337738
14578.1838847913,15158.0936224468,8600.99136967511,9946.55101464817,15752.6362288545,15432.1767072542,14801.5254496997,14155.296046401,14801.5827984443,7781.24858160747,8263.71848652254,13781.7554112706,6910.74066857714,6865.21791550939,14676.7575426167,8448.8101216302,14874.5444025062,14814.2597606559,13095.6094755283,14644.8147610133,7285.42165240711,14838.7391931858,14667.6864058318,6419.52456302151,14901.1065256534,14923.6516387906,14775.3593174625,15467.4253075502,6884.04272431497,14245.1556669324
14578.1838847913,14301.1794300099,6439.33731823435,6757.06245216365,14807.1593344921,13673.8271248306,6974.94858886639,5633.14158973182,14352.1820077168,7389.84324398695,7119.44039201648,6300.27749670064,6483.75971405206,6395.66860501872,11278.2394626614,8162.61591775442,13830.2640747054,14563.9187557242,5561.17786137964,14598.6529633532,6985.99935751976,14838.7391931858,14667.6864058318,6223.46658467579,14109.4172393418,12725.8088196564,14287.4635357414,14011.5800595919,6632.24311702174,14245.1556669324
6131.76206929086,11448.907920963,6404.15540163114,6453.22402597789,6337.39800235259,13673.8271248306,4366.0533652588,4690.53272025661,14352.1820077168,7380.69730383206,7090.3653657502,6207.14498425997,6465.94602870104,6384.2571045117,4804.51630615561,8080.34661608043,5045.84652980142,7958.64461439744,5287.6937921884,6843.68818474074,6949.46747993697,14241.2311277431,8326.78924548107,6215.33004687201,5419.98436030806,4867.84527435472,7177.64166905943,5646.1700966121,6619.43446059245,12786.721831879
4108.48789452056,6937.81962476702,6404.15192680272,6453.13913266246,5859.43414892833,5412.437977203,4353.9504732666,4677.68695271292,10663.8396745315,7380.32838449083,7089.3934144119,6205.8560689522,6465.24372356404,6383.62586419275,4741.31619487308,8076.08449335416,4771.4798544039,6507.17203849918,5287.63708548114,6706.46453191435,6945.46668325234,7238.84666877527,7125.34258113355,6214.75817717351,5030.0613782591,4852.72362120398,6980.0274130485,5464.25012467169,6618.58580087344,6912.1275145991
4107.96720198854,6874.2856121004,6404.15192667005,6453.13911375809,5859.34673292785,5388.7112425795,4353.94266050419,4676.89468499578,6695.69048417891,7380.22420889872,7089.25882731741,6205.74233567941,6465.14870900484,6383.56384633519,4741.29527892073,8075.10737893304,4771.39482046214,6498.84293128815,5287.6370483247,6703.259020389,6944.91330547301,7170.50451268293,7125.1048549,6214.68944588168,5029.87041088274,4852.71778219124,6972.87968114569,5464.16502512245,6618.48815875074,4427.10168454733
4107.967088919,6873.40687098686,6404.15192667005,6453.13911375597,5859.34671025628,5388.70367523427,4353.94265768764,4676.79224937255,6693.1311628954,7380.20757060738,7089.24088991016,6205.71954321057,6465.13127456664,6383.55432690247,4741.29527354971,8074.96014222354,4771.3948034938,6497.88665834172,5287.63704830164,6702.89448260973,6944.78881599188,7169.08363809413,7125.1048524708,6214.68235569646,5029.87035425256,4852.71777998666,6971.98149187914,5464.16499890512,6618.47439153481,4426.6986428525
4107.96708889714,6873.35293205639,6404.15192667005,6453.13911375597,5859.34671025419,5388.70367388313,4353.94265768634,4676.77707545571,6693.13114861562,7380.20539639231,7089.23858718615,6205.71681524696,6465.12882996498,6383.55304267175,4741.29527354762,8074.93502649787,4771.39480348639,6497.81151211462,5287.63704830164,6702.85702848084,6944.77186458864,7168.96896613959,7125.1048524708,6214.68054098914,5029.87035423848,4852.71777998607,6971.88401456268,5464.16499889268,6618.47132962057,4426.69855411345
4107.96708889714,6873.34689384111,6150.33403714582,6388.60796136422,5859.34671025419,5388.70367388307,4353.94265768634,4676.77493349831,6693.13114861549,7380.20500882393,7089.23824373392,6205.71661339428,6465.12854761964,6383.55295069335,4741.29527354762,8074.93175689006,4771.39480348639,6497.80607046267,5287.63704830164,6702.85100249436,6944.76939890641,7168.96376378443,6158.77305752375,6214.6803344034,5029.87035423848,4852.71777998607,6971.87457032299,5464.16499889268,6618.47099826489,4426.69855411094
4107.96708889714,6873.34645820473,6148.24377572078,6382.00604972666,5859.34671025419,5388.70367388307,4353.94265768634,4676.77468394477,6693.13114861549,7380.20496994296,7089.23821496844,5176.00421112688,6465.12853118781,6056.6836734382,4741.29527354762,8074.93107508141,4771.39480348639,6497.80538652512,5287.63704830164,6702.85019713336,6944.76885278337,7168.96348970947,6152.73325496798,6214.68030590044,5029.87035423848,4852.71777998607,6971.8728829339,5464.16499889268,6618.47097575594,4426.69855411094
4107.96708889714,6873.34645273569,6148.23197047441,6382.00330084117,5859.34671025419,5388.70367388307,4353.94265768634,4676.77468394477,6093.55945489051,7380.20496994296,7089.23821496844,5176.00199562801,5961.91757726307,6056.67718817153,4741.29527354762,8074.93107508141,4771.39480348639,6497.80538217148,5287.63704830164,6702.85017322536,6944.76885278337,7168.96348970947,6152.68289692322,6214.68030590044,5029.87035423848,4852.71777998607,6971.8728518475,5464.16499889268,6613.36839589719,4426.69855411094
4107.96708889714,6873.34645273569,6148.23192188659,6382.00330084117,5859.34671025419,5388.70367388307,4353.94265768634,4676.77468394477,6093.46258716982,7380.20496994296,4627.21174557236,5176.00199562801,5181.713330475,6056.67718817153,4741.29527354762,8074.93107508141,4771.39480348639,5970.80991300481,5287.63704830164,6702.85017322536,6944.76885278337,7168.96348970947,6152.68265981627,6214.68030590044,5029.87035423848,4852.71777998607,6971.8728518475,5464.16499889268,5775.11649677118,4426.69855411094
