5.82193036135277,8.6017641585313,10.555387919894,7.74243619625258,7.75461224603464,7.66047416702372,6.92633706960805,7.63417723389057,6.05349654229258,9.26945103700473,5.16825742932474,6.7173474021231,7.22099677249776,8.4909104960775,6.20257530002095,6.86783769135377,7.54992998713578,7.82092142803276,6.47766516526553,6.27062639195537,5.59661651985584,3.16838541177799,6.6801031618802,8.5173593677448,6.68329612980187,6.66594382181916,9.84396288524226,7.98743851497943,5.94229243850918,6.75428323809683
5.82193036135277,8.6017641585313,10.555387919894,7.74243619625258,7.75461224603464,7.66047416702372,6.92633706960805,7.63417723389057,6.05349654229258,9.26945103700473,5.16825742932474,6.7173474021231,7.22099677249776,8.4909104960775,6.20257530002095,6.86783769135377,7.54992998713578,7.82092142803276,6.47766516526553,6.27062639195537,5.59661651985584,3.16838541177799,6.6801031618802,8.5173593677448,6.68329612980187,6.66594382181916,9.84396288524226,7.98743851497943,5.94229243850918,6.75428323809683
5.82193036135277,8.6017641585313,10.555387919894,7.74243619625258,7.75461224603464,7.66047416702372,6.92633706960805,7.63417723389057,6.05349654229258,9.26945103700473,5.16825742932474,6.7173474021231,7.22099677249776,8.4909104960775,6.20257530002095,6.86783769135377,7.54992998713578,7.82092142803276,6.47766516526553,6.27062639195537,5.59661651985584,3.16838541177799,6.6801031618802,8.5173593677448,6.68329612980187,6.66594382181916,9.84396288524226,7.98743851497943,5.94229243850918,6.75428323809683
5.82193036135277,8.6017641585313,10.555387919894,7.74243619625258,7.75461224603464,7.66047416702372,6.92633706960805,7.63417723389057,6.05349654229258,9.26945103700473,5.16825742932474,6.7173474021231,7.22099677249776,8.4909104960775,6.20257530002095,6.86783769135377,7.54992998713578,7.82092142803276,6.47766516526553,6.27062639195537,5.59661651985584,3.16838541177799,6.6801031618802,8.5173593677448,6.68329612980187,6.66594382181916,9.84396288524226,7.98743851497943,5.94229243850918,6.75428323809683
5.82193036135277,8.6017641585313,10.555387919894,7.74243619625258,7.75461224603464,7.66047416702372,6.92633706960805,7.63417723389057,6.05349654229258,9.26945103700473,5.16825742932474,6.7173474021231,7.22099677249776,8.4909104960775,6.20257530002095,6.86783769135377,7.54992998713578,7.82092142803276,6.47766516526553,6.27062639195537,5.59661651985584,3.16838541177799,6.6801031618802,8.5173593677448,6.68329612980187,6.66594382181916,9.84396288524226,7.98743851497943,5.94229243850918,6.75428323809683
5.82193036135277,8.6017641585313,10.555387919894,7.74243619625258,7.75461224603464,7.66047416702372,6.92633706960805,7.63417723389057,6.05349654229258,9.26945103700473,5.16825742932474,6.7173474021231,7.22099677249776,8.4909104960775,6.20257530002095,6.86783769135377,7.54992998713578,7.82092142803276,6.47766516526553,6.27062639195537,5.59661651985584,3.16838541177799,6.6801031618802,8.5173593677448,6.68329612980187,6.66594382181916,9.84396288524226,7.98743851497943,5.94229243850918,6.75428323809683
5.82193036135277,8.6017641585313,10.555387919894,7.74243619625258,7.75461224603464,7.66047416702372,6.92633706960805,7.63417723389057,6.05349654229258,9.26945103700473,5.16825742932474,6.7173474021231,7.22099677249776,8.4909104960775,6.20257530002095,6.86783769135377,7.54992998713578,7.82092142803276,6.47766516526553,6.27062639195537,5.59661651985584,3.16838541177799,6.6801031618802,8.5173593677448,6.68329612980187,6.66594382181916,9.84396288524226,7.98743851497943,5.94229243850918,6.75428323809683
5.32338486564481,8.34430247402952,7.21754648503315,5.14403423785188,7.75461224603464,5.31322801294277,3.78659959276683,6.33460488183027,6.05349654229258,7.50951607073671,5.16825742932474,6.12557459971549,7.22099677249776,6.7543491097606,5.40801393590164,6.86783769135377,7.54992998713578,6.33748565699329,6.47766516526553,5.94521566497156,5.59661651985584,3.16838541177799,5.65688743132932,5.04754902857508,5.86662505989057,6.27023378887588,7.15017353921803,5.54223241354816,5.94229243850918,6.75428323809683
4.77767271446396,8.34430247402952,6.14464202437762,5.14403423785188,5.96084101302836,5.31322801294277,3.78659959276683,6.33460488183027,5.73700500730001,7.50951607073671,5.16825742932474,6.12557459971549,6.20351695369436,6.74101537107208,5.40801393590164,5.14961138250806,4.27804720082941,5.95219720735099,4.11804202021881,5.66704930886954,4.91128909698455,3.16838541177799,5.65688743132932,5.04754902857508,4.76344159852033,3.95747775752238,5.14617965402545,4.57846305709427,5.94229243850918,5.50785632383167
4.53505293395983,5.90936867358027,4.86207056207377,5.14403423785188,4.59986231466041,5.0666689970742,3.78659959276683,6.33460488183027,5.73332313089213,7.01085977172988,3.99942981206618,5.98064465283369,6.20351695369436,6.34178894560091,5.40801393590164,5.14961138250806,4.16811474639462,4.08398766951041,4.11804202021881,5.66704930886954,4.91128909698455,3.16838541177799,4.21577113770331,5.04754902857508,4.76344159852033,3.95747775752238,5.14617965402545,4.57846305709427,4.53518729101256,5.1065214194623
4.53505293395983,5.90936867358027,4.65591627936419,4.46452807491187,3.68638144695001,3.87242125103649,3.78659959276683,6.33460488183027,4.39452996222053,4.97806062826112,3.99942981206618,4.68159537031306,5.98493612389234,4.24838507610411,4.58987390819493,4.05316254491936,4.16811474639462,4.08398766951041,4.11804202021881,5.10735252472841,4.91128909698455,3.16838541177799,2.75053709581448,5.04754902857508,4.76344159852033,3.95747775752238,5.14617965402545,4.57846305709427,4.53518729101256,5.05787930941574
3.68998634762738,4.58308455171277,4.65591627936419,4.46452807491187,3.20735992369896,3.38569431000292,3.58640697569581,5.25311833453657,4.39452996222053,4.1764583875688,3.99942981206618,3.70401402453854,3.92732671327644,4.24838507610411,4.47582398960139,4.05316254491936,4.16811474639462,4.08398766951041,4.11804202021881,5.10735252472841,4.91128909698455,3.16838541177799,2.75053709581448,3.89078037101558,4.66181018714747,3.89128309139005,3.55279437072204,3.58611149785747,3.72853842284576,4.8723883964542
3.53718503645018,4.41296747407159,4.51618641659661,4.46452807491187,3.20735992369896,3.38569431000292,3.58640697569581,2.8048934969413,4.12891310910936,4.1764583875688,3.99942981206618,3.70401402453854,3.92732671327644,3.82138617481314,3.72709891099134,3.29949526023256,4.16811474639462,4.08398766951041,3.82142874825854,2.73174484417882,4.89581439225026,3.16838541177799,2.75053709581448,3.53913809645633,4.5279642850744,3.89128309139005,3.27227684315426,3.58611149785747,3.72853842284576,3.48590743685963
3.50534571859498,3.50831032265319,3.3533570891459,3.39146554887202,3.20735992369896,3.38569431000292,3.58640697569581,2.8048934969413,2.77767061562508,3.52926150895178,2.30609365991768,3.12715747715379,3.12921619388726,3.30239708887939,3.72709891099134,3.29949526023256,3.19079929428017,3.29000258753968,3.82142874825854,2.73174484417882,2.17145539101011,3.16838541177799,2.75053709581448,3.53913809645633,3.41438352022465,3.85035623562908,3.27227684315426,3.58611149785747,3.72853842284576,3.48590743685963
2.78734099038502,2.49021561785571,3.31909719418445,3.04305876311673,2.9369485359523,2.90141134743112,2.84804953336129,2.8048934969413,2.77767061562508,2.85565983337915,2.30609365991768,3.10247093346311,2.95039247951286,3.19699034868813,2.66378546045348,3.09686216781711,3.00717270181281,2.65723414113472,3.24094457611864,2.73174484417882,2.17145539101011,3.16838541177799,2.74490548811627,2.86936240237537,3.19325334012547,3.35818313614072,3.17875261839754,2.64864573705745,2.45468941676518,2.43945222744946
2.1562478537885,2.20399490609839,2.74113886644977,2.36103345517427,2.35633363749275,2.31951540840578,2.16864572032318,2.41649140032678,2.54340010545843,1.94352622020915,2.30609365991768,2.11734245962612,1.96953398068786,2.5829891728265,2.05879808531267,2.10382232529651,2.59833264538565,2.19082544731486,1.86673783545507,2.30918030024168,2.17145539101011,2.47253182204963,2.3212601090429,2.49271394286916,1.88246814405625,2.14308592425596,2.29870632227085,2.34212991776099,1.71492863272874,2.38557797674525
