8520.0305566985,6527.65580759751,7624.28219941688,6715.05027993491,6002.55349082166,6881.23158211045,8545.24578180688,6630.8101765962,7087.3743356194,4153.35032204144,8115.37498661165,6226.24028752529,6693.1251504933,8233.49547656115,7433.06424418247,7867.20218305803,8043.75796744495,8849.09354399168,7089.33207167223,7623.14131810671,7797.64876719185,7640.62514966296,5751.19221401922,8575.80395658643,8223.37310014204,7617.47480774581,5894.15451161813,6038.7489618741,8376.28398362649,7778.13789695849
8520.0305566985,6527.65580759751,7624.28219941688,6715.05027993491,6002.55349082166,6881.23158211045,8545.24578180688,6630.8101765962,7087.3743356194,4153.35032204144,8115.37498661165,6226.24028752529,6693.1251504933,8233.49547656115,7433.06424418247,7867.20218305803,8043.75796744495,8849.09354399168,7089.33207167223,7623.14131810671,7797.64876719185,7640.62514966296,5751.19221401922,8575.80395658643,8223.37310014204,7617.47480774581,5894.15451161813,6038.7489618741,8376.28398362649,7778.13789695849
8520.0305566985,6527.65580759751,7624.28219941688,6715.05027993491,6002.55349082166,6881.23158211045,8545.24578180688,6630.8101765962,7087.3743356194,4153.35032204144,8115.37498661165,6226.24028752529,6693.1251504933,8233.49547656115,7433.06424418247,7867.20218305803,8043.75796744495,8849.09354399168,7089.33207167223,7623.14131810671,7797.64876719185,7640.62514966296,5751.19221401922,8575.80395658643,8223.37310014204,7617.47480774581,5894.15451161813,6038.7489618741,8376.28398362649,7778.13789695849
8520.0305566985,6527.65580759751,7624.28219941688,6715.05027993491,6002.55349082166,6881.23158211045,8545.24578180688,6630.8101765962,7087.3743356194,4153.35032204144,8115.37498661165,6226.24028752529,6693.1251504933,8233.49547656115,7433.06424418247,7867.20218305803,8043.75796744495,8849.09354399168,7089.33207167223,7623.14131810671,7797.64876719185,7640.62514966296,5751.19221401922,8575.80395658643,8223.37310014204,7617.47480774581,5894.15451161813,6038.7489618741,8376.28398362649,7778.13789695849
8520.0305566985,6527.65580759751,7624.28219941688,6715.05027993491,6002.55349082166,6881.23158211045,8545.24578180688,6630.8101765962,7087.3743356194,4153.35032204144,8115.37498661165,6226.24028752529,6693.1251504933,8233.49547656115,7433.06424418247,7867.20218305803,8043.75796744495,8849.09354399168,7089.33207167223,7623.14131810671,7797.64876719185,7640.62514966296,5751.19221401922,8575.80395658643,8223.37310014204,7617.47480774581,5894.15451161813,6038.7489618741,8376.28398362649,7778.13789695849
8520.0305566985,6527.65580759751,7624.28219941688,6715.05027993491,6002.55349082166,6881.23158211045,8545.24578180688,6630.8101765962,7087.3743356194,4153.35032204144,8115.37498661165,6226.24028752529,6693.1251504933,8233.49547656115,7433.06424418247,7867.20218305803,8043.75796744495,8849.09354399168,7089.33207167223,7623.14131810671,7797.64876719185,7640.62514966296,5751.19221401922,8575.80395658643,8223.37310014204,7617.47480774581,5894.15451161813,6038.7489618741,8376.28398362649,7778.13789695849
8520.0305566985,6527.65580759751,7624.28219941688,6715.05027993491,6002.55349082166,6881.23158211045,8545.24578180688,6630.8101765962,7087.3743356194,4153.35032204144,8115.37498661165,6226.24028752529,6693.1251504933,8233.49547656115,7433.06424418247,7867.20218305803,8043.75796744495,8849.09354399168,7089.33207167223,7623.14131810671,7797.64876719185,7640.62514966296,5751.19221401922,8575.80395658643,8223.37310014204,7617.47480774581,5894.15451161813,6038.7489618741,8376.28398362649,7778.13789695849
8520.0305566985,6527.65580759751,7624.28219941688,6715.05027993491,6002.55349082166,6881.23158211045,8545.24578180688,6630.8101765962,7087.3743356194,4153.35032204144,8115.37498661165,6226.24028752529,6693.1251504933,8233.49547656115,7433.06424418247,7867.20218305803,8043.75796744495,8849.09354399168,7089.33207167223,7623.14131810671,7797.64876719185,7640.62514966296,5751.19221401922,8575.80395658643,8223.37310014204,7617.47480774581,5894.15451161813,6038.7489618741,8376.28398362649,7778.13789695849
8181.67050104144,6279.96323909219,7483.00749851819,6677.04343474735,5575.76278652732,6507.01175289883,8343.94254645371,6610.86576587643,6760.17710729332,3898.34986054196,7804.31084995206,5739.75423646674,6693.1251504933,8058.43567758768,7341.38448293065,7809.35704749726,7712.17033371078,8725.17466146263,6925.87992665481,7623.14131810671,7559.26986193017,7257.54870590786,5504.16552298782,8530.89002821835,7959.15416434879,7411.65364167128,5643.7914172685,5974.06456942165,8376.28398362649,7533.11122463847
8149.51182765329,6056.02103175228,7101.72040203044,6550.69380826075,5424.26535134846,5966.70171169856,8077.01273407225,5788.49362590416,6585.62093026075,3655.36302542124,7311.91603274566,5733.56664940979,5886.24067976896,7967.64373877192,7117.97650219896,7318.2805969526,7252.66646060908,8078.19133121355,6776.77098329844,7322.4820640369,6949.82130481043,6908.77360715894,5307.67429949752,8128.23846381808,7713.09147972678,7077.07252426566,4975.8988274338,5343.32128629831,7975.93857011821,7209.68877274153
7013.01098648865,5401.05273717414,5807.71836181994,5234.24523305634,3960.30602040757,5052.69105677975,6423.17535792824,5174.14612294712,5322.68965710293,2459.96903396413,5572.88228344978,4904.17134089082,5079.03144898841,6624.97432034057,5744.87483552049,5995.7572878246,6248.85362491314,7411.60410233775,5920.47230529051,6608.77692407387,5926.5986451997,4226.24097492038,3988.05363781603,6640.13905407356,5641.06907463618,5462.87548575341,4374.46809927105,4349.05485187146,6977.22069755695,6213.51586671509
4470.97294218963,2605.40969965251,2599.41788516244,2080.22484953428,1969.90928460496,2284.58344616755,2770.83022664241,1846.76301029226,2363.37254160937,1273.25540369088,2847.54184957329,1739.59073132088,2052.03154528746,2962.17069118227,3111.36576743195,2716.9126143509,2492.70522309023,3750.26355001232,3578.63071446641,3072.91117093789,2231.63125446694,1529.61794399815,1932.09095189659,2965.13714258551,3002.29455586522,2522.50475438872,1381.40813784712,1522.82829159485,3091.35141133559,3647.5765218763
823.364091338133,804.53342438247,870.018177745739,713.380357063429,1005.80880823162,656.642125021113,864.034830466113,1080.65712775576,772.604095859396,790.958753683612,786.42816109208,645.365379392187,740.854617772421,901.473949008309,951.714973228288,890.829418729262,793.250526782999,616.817453783646,778.399641368479,821.942308807462,728.28673942848,924.564200753593,924.477823208328,979.228029046697,903.151469725065,826.619196294737,800.444554541731,770.035742907612,917.046003484062,864.296373084572
471.620975804904,486.502781966844,521.845263181686,438.520234531989,496.56507503495,468.964977659286,458.21948888936,479.473753642952,458.076238094176,443.59455056058,482.714009200153,432.403214511306,466.67094808042,494.594819057003,516.748655587632,456.090430814811,484.695296882967,490.785301510482,478.890683834001,485.319014518594,417.236292540874,848.260053611768,489.762889961431,508.0168706808,461.41584675969,450.37389487779,412.783449085497,449.929437373226,477.71412937194,556.667033499631
426.172477000195,384.47363290894,408.645554221343,378.345428317332,393.077633432851,422.875237918817,396.628878981829,371.881912388135,380.206483324468,384.909377122841,416.314892159734,371.58407811616,396.497591745295,403.459035258382,401.887889349728,393.001595678797,397.476581764631,405.83066878573,424.812132569414,390.559823580933,384.036428984532,402.845114479025,391.571369956759,397.181171310517,386.291368079635,407.106205968994,381.346099385328,368.538448769672,415.328821361697,413.93967859122
426.172477000195,384.47363290894,408.645554221343,378.345428317332,393.077633432851,422.875237918817,396.628878981829,371.881912388135,380.206483324468,384.909377122841,416.314892159734,371.58407811616,396.497591745295,403.459035258382,401.887889349728,393.001595678797,397.476581764631,405.83066878573,424.812132569414,390.559823580933,375.37654762101,397.267111812886,391.571369956759,397.181171310517,386.291368079635,407.106205968994,381.346099385328,368.538448769672,415.328821361697,413.93967859122
