3719.46812971667,4859.03481037288,4318.17244278635,4559.60592147986,3741.41744880585,3921.89577478028,3936.52483973221,4211.71205542262,4177.95687204583,3261.95036303448,4224.20943994617,3491.36332295381,5609.24454656221,4178.93993860299,2332.10269598303,4003.22544418944,4289.18447480095,5395.61211847433,3863.79379386934,3246.33177979465,3410.22992162204,2654.41550174297,3343.22103319978,5012.00717446077,4825.83647111844,4203.86674818375,3866.62363820711,5489.62883739687,4579.48334432907,5019.04401418223
3719.46812971667,4859.03481037288,4318.17244278635,4559.60592147986,3741.41744880585,3921.89577478028,3936.52483973221,4211.71205542262,4177.95687204583,3261.95036303448,4224.20943994617,3491.36332295381,5609.24454656221,4178.93993860299,2332.10269598303,4003.22544418944,4289.18447480095,5395.61211847433,3863.79379386934,3246.33177979465,3410.22992162204,2654.41550174297,3343.22103319978,5012.00717446077,4825.83647111844,4203.86674818375,3866.62363820711,5489.62883739687,4579.48334432907,5019.04401418223
3719.46812971667,4859.03481037288,4318.17244278635,4559.60592147986,3741.41744880585,3921.89577478028,3936.52483973221,4211.71205542262,4177.95687204583,3261.95036303448,4224.20943994617,3491.36332295381,5609.24454656221,4178.93993860299,2332.10269598303,4003.22544418944,4289.18447480095,5395.61211847433,3863.79379386934,3246.33177979465,3410.22992162204,2654.41550174297,3343.22103319978,5012.00717446077,4825.83647111844,4203.86674818375,3866.62363820711,5489.62883739687,4579.48334432907,5019.04401418223
3719.46812971667,4859.03481037288,4318.17244278635,4559.60592147986,3741.41744880585,3921.89577478028,3936.52483973221,4211.71205542262,4177.95687204583,3261.95036303448,4224.20943994617,3491.36332295381,5609.24454656221,4178.93993860299,2332.10269598303,4003.22544418944,4289.18447480095,5395.61211847433,3863.79379386934,3246.33177979465,3410.22992162204,2654.41550174297,3343.22103319978,5012.00717446077,4825.83647111844,4203.86674818375,3866.62363820711,5489.62883739687,4579.48334432907,5019.04401418223
3719.46812971667,4859.03481037288,4318.17244278635,4559.60592147986,3741.41744880585,3921.89577478028,3936.52483973221,4211.71205542262,4177.95687204583,3261.95036303448,4224.20943994617,3491.36332295381,5609.24454656221,4178.93993860299,2332.10269598303,4003.22544418944,4289.18447480095,5395.61211847433,3863.79379386934,3246.33177979465,3410.22992162204,2654.41550174297,3343.22103319978,5012.00717446077,4825.83647111844,4203.86674818375,3866.62363820711,5489.62883739687,4579.48334432907,5019.04401418223
3719.46812971667,4859.03481037288,4318.17244278635,4559.60592147986,3741.41744880585,3921.89577478028,3936.52483973221,4211.71205542262,4177.95687204583,3261.95036303448,4224.20943994617,3491.36332295381,5609.24454656221,4178.93993860299,2332.10269598303,4003.22544418944,4289.18447480095,5395.61211847433,3863.79379386934,3246.33177979465,3410.22992162204,2654.41550174297,3343.22103319978,5012.00717446077,4825.83647111844,4203.86674818375,3866.62363820711,5489.62883739687,4579.48334432907,5019.04401418223
3719.46812971667,4859.03481037288,4318.17244278635,4559.60592147986,3741.41744880585,3921.89577478028,3936.52483973221,4211.71205542262,4177.95687204583,3261.95036303448,4224.20943994617,3491.36332295381,5609.24454656221,4178.93993860299,2332.10269598303,4003.22544418944,4289.18447480095,5395.61211847433,3863.79379386934,3246.33177979465,3410.22992162204,2654.41550174297,3343.22103319978,5012.00717446077,4825.83647111844,4203.86674818375,3866.62363820711,5489.62883739687,4579.48334432907,5019.04401418223
3542.68730384321,4806.04453119259,4145.55865859412,4447.74747495417,3506.03943119592,3669.29648980035,3823.82519174443,3977.78828883302,3860.16138640046,3095.77726132583,4208.90168448126,3248.65413641082,5354.61214387677,3699.47548769586,2164.74324437601,3911.41464003747,3786.66685550405,5159.14409979415,3732.19337525705,3033.6887238812,3307.58923212247,2492.470187126,3207.67558094006,4875.15391314385,4601.38153563586,4030.65246316886,3640.70849408524,5264.58427564896,4220.30338084576,4894.70452924431
3137.82449858255,4024.7992845271,3790.10750750799,3861.38997566537,2884.94784227137,2650.23765910085,3104.10952701459,2864.22477006604,2997.43649898421,2686.50064791292,3773.84502772333,2913.86744285474,4920.28462069861,3389.28589541098,1756.29265407294,3369.37881783022,3677.39255209366,4489.41864944359,2829.34870640574,2560.73616279463,2557.11716262381,1940.15740427362,2771.54284443984,4190.3121801397,3553.57532758797,3524.56396814782,3155.82561488833,4531.74568242478,3661.72976991872,4174.40510080636
1916.06769541327,2693.93734908384,2233.09861285468,2341.43196696363,2418.49207838992,1792.52014001864,2315.56947964646,1674.0865644034,1966.33336412195,1923.37590386726,2785.56782557781,1770.78283244544,3740.32922464135,2550.59136459774,954.557539555915,2083.52662458213,2623.59028879557,2908.30942841841,1812.40460326309,2078.20749401087,2074.98069886715,1135.54510618896,2170.97550293025,2694.05431243655,2749.16756273737,2347.66401033723,2036.75797531456,3154.32654940333,2263.3647988274,3344.68618986213
663.735707289246,1129.62091117976,984.454362946844,1196.22734141252,867.478331818065,721.73006567128,777.384255412971,726.002696660883,547.851303105293,617.94806001662,999.522436895566,632.83037178616,1702.47270476149,795.170938160233,420.20237557257,824.278192080202,1363.29954775304,1072.41863589135,630.522428022009,696.724685624895,705.11657383486,512.521940287636,748.499114861285,792.927110391628,957.695544032182,907.867504255812,877.422307218219,1314.99963175636,979.975782166216,1241.90954499505
354.537169101009,515.709997275716,507.273115824038,588.153516052699,361.251317012841,498.629470500185,386.77454250709,403.584921675771,513.224488997831,459.980574631805,486.958854534768,357.016733335374,614.100386470044,391.947712716719,405.949890423774,485.228311008566,377.031396676141,442.135216088511,471.366094967091,367.49569827793,388.479160875206,481.151407150618,432.201499554446,438.409912510661,327.32425446519,406.463625323267,401.135126380082,518.943702722473,429.150667863352,521.208243652511
240.837415382238,258.979734994782,219.184240617064,266.666179583301,250.528875416107,272.181114500152,244.189747763591,254.413312331346,259.558917871205,286.618753066952,247.593070506025,266.527734234729,273.416897425066,268.312192233986,238.316172352227,264.327128096134,274.742419206509,270.098050075589,272.907317357457,249.925388125705,252.576830514571,250.560704609624,229.751141954387,232.074217456855,250.3571498312,253.254225229096,247.693695551342,262.152018273617,237.417095274323,252.829605390896
215.799170731974,216.373066217357,219.184240617064,217.052029648568,217.010175622018,201.522480178042,244.189747763591,217.788351257578,211.901402336933,209.126386669528,220.858632477925,212.217295459281,227.679536222332,201.276552584339,238.316172352227,214.183715325545,208.128152396449,207.554962058834,222.178516427442,165.668995859725,209.72450460142,222.229416348129,200.708939350472,222.304487767989,197.491794075577,208.609192062919,247.693695551342,199.034627590457,203.375992439319,230.142920103024
215.799170731974,216.373066217357,219.184240617064,207.885057988221,217.010175622018,201.522480178042,202.106962054149,217.788351257578,211.901402336933,209.126386669528,220.858632477925,212.217295459281,227.679536222332,201.276552584339,212.783754617393,214.183715325545,208.128152396449,207.554962058834,186.230692035849,165.668995859725,187.330379243349,222.229416348129,200.708939350472,222.304487767989,197.491794075577,204.197926504108,228.189996129363,199.034627590457,195.156442156861,194.258203413971
182.5599539204,174.384277508057,165.868570644911,207.885057988221,161.100519985082,167.458932372283,182.711614864341,189.102362199745,181.007922438111,185.887898351252,181.628252169937,177.762694239582,141.956102024022,201.276552584339,182.048874001116,179.459544731691,191.700041703557,162.449193172235,186.230692035849,165.668995859725,187.330379243349,158.63535989845,149.797469291161,176.873467061454,197.491794075577,171.561673445758,186.184480675635,166.64033226419,195.156442156861,194.258203413971
