103314098.590712,50754048.9985095,40406433.5452151,24734922.817831,255273364.358768,23932095.7743222,61392420.6171689,127047472.39493,149789610.36143,70049693.6881747,60316649.3295768,44283985.7799722,11816729.1868486,69209362.335038,26564506.2215167,17980494.7038622,65826365.5688023,40059423.2049659,38719712.3397031,94421255.6476735,17758440.0067691,20024548.6121864,31959600.3859915,21942306.2834514,89834357.1767376,9620680.30490425,44495263.605926,31208072.8556818,20249894.1248001,43917999.8627335
39552377.1781269,17837139.3648826,438000.389919216,10137330.9139462,171220394.300493,5427845.72895937,30567259.1457219,70285475.2058449,94771584.4902124,18658768.9723686,25497534.226595,12438252.2628405,8559653.80706294,56944065.0665064,8234673.30440174,14040030.1265204,38186741.7595579,9914541.3157027,25226514.8033713,66719681.0336598,963056.804285843,7867476.05885761,17534683.722243,11662685.0312643,58589738.1910448,2277236.39978944,12709506.8432034,29105600.0453324,9080879.40422944,26192510.2136107
12515724.5897433,11775899.626869,28064.3756071378,3531150.03005567,54629293.6845901,2307123.06552074,9938244.62699216,23495482.3645475,26739978.7175808,9149787.35937352,7846046.17786371,6850847.52660984,2298195.42337938,7957596.8047965,1563429.73761484,3200144.34391137,12508222.7337786,3394031.57285232,4839724.68596411,19937577.0887147,94154.445986691,3121950.98210128,5042303.53688897,3207527.02035904,49089347.0994118,1051496.59150566,6011518.87875211,4169755.11593547,3625996.04465335,5908310.36772731
449436.614552665,2426137.00353103,10912.167999512,407886.602383313,5398968.38160098,40549.1383692575,811960.907191909,4205265.46884053,3257714.87538509,1191787.00674091,604774.47624713,910421.812559569,119462.754211218,939564.901211891,150604.377114176,280672.108031983,1688848.21823877,117558.417110118,630598.930471178,2063478.9320269,60378.2008638656,102213.944513858,499104.730237765,96224.0379923599,3522321.76970507,192015.08592727,434209.524026589,572850.812525343,336351.639509338,301099.040501401
20551.1187495515,13676.2172327643,39.9505280426965,23032.8561879388,17164.8731838812,15246.5724050372,3273.1756130026,29699.1165704046,17656.2794254228,6739.70527001565,4793.2644577647,6379.99101596779,19550.1858113583,62000.6356970898,13161.6460454324,24013.4573354686,243254.574934444,22431.1860448381,83384.0365619358,40599.0065093641,56.2349852596549,68946.5899955345,39671.8908813887,7366.34341452338,20244.9924759743,10747.6983302852,4007.8649888265,34962.4116828951,32377.475014421,26238.8016122858
47.5525235921241,134.086243438193,30.6092542903139,111.493866037288,203.926402108346,58.2222735824707,83.0810243883793,276.145181285303,683.305623098154,65.4421829280782,107.519129675344,58.0598058457917,182.236969020825,94.9389463138396,64.6333207384851,84.0834414538904,1271.00853816211,56.4060725680947,125.986202221214,82.4002216136405,31.1778044673711,316.775086230833,138.384909377744,89.7690762922484,131.576518508223,47.190909761292,49.8196228206257,222.818562541997,66.9699873771247,197.155948448061
33.5259882949126,36.6786550912846,20.1393518286723,36.0830627400364,37.1135273992709,36.7922918617987,35.8681349319236,41.5550581996995,34.858945199227,35.3389812472583,35.8820172674095,36.7655670056008,42.9213039847555,35.1984568345156,34.5185037795427,34.8988029859202,41.1636414362906,35.8781518853671,34.3712129374126,33.4421736368822,15.3243301813463,35.6056637358145,39.3691406418047,33.4009814843723,35.4079345335604,33.770804894265,34.1488439587952,37.1692550038476,35.5963807497087,37.4420186130692
31.7345919006063,31.7883381105553,5.61398703746454,31.7334051493781,31.886859361595,31.2557288130615,30.5265460728979,34.4477374014302,34.858945199227,31.384601555731,30.2392391563358,31.1291431589232,32.8882225699458,31.1812438510437,26.6984577950625,32.5136317914928,33.434330380753,32.7878657103965,29.9823779581661,31.5507240917646,6.0962682041777,31.9675667259819,31.8893593572218,29.0295506082693,32.3476459225228,31.5270279523443,30.1080322119428,34.1883880352052,30.6797572911103,30.9840685778452
28.9971176560907,31.7883381105553,5.11548751882106,31.7334051493781,31.886859361595,30.4931325316784,30.5265460728979,34.4477374014302,34.858945199227,31.2452525337799,30.2392391563358,29.3363205561948,32.8882225699458,31.1812438510437,26.6984577950625,32.5136317914928,33.434330380753,30.148904500219,29.9823779581661,29.5643625600276,5.75183732119012,31.9675667259819,31.8893593572218,29.0295506082693,32.3476459225228,31.1112013890026,29.8891807346195,34.1883880352052,30.6797572911103,30.9840685778452
28.9971176560907,31.7883381105553,5.08546238509598,31.7334051493781,31.886859361595,30.4931325316784,30.5265460728979,34.4477374014302,34.858945199227,31.2452525337799,30.2392391563358,29.3363205561948,32.8882225699458,31.1812438510437,26.6984577950625,32.5136317914928,33.434330380753,30.148904500219,29.9823779581661,29.5643625600276,5.72559252705787,31.9675667259819,31.8893593572218,29.0295506082693,32.3476459225228,31.1112013890026,29.8891807346195,34.1883880352052,30.6797572911103,30.9840685778452
28.9971176560907,31.7883381105553,5.08436308015689,31.7334051493781,31.886859361595,30.4931325316784,30.5265460728979,34.4477374014302,34.858945199227,31.2452525337799,30.2392391563358,29.3363205561948,32.8882225699458,31.1812438510437,26.6984577950625,32.5136317914928,33.434330380753,30.148904500219,29.9823779581661,29.5643625600276,5.72482206156815,31.9675667259819,31.8893593572218,29.0295506082693,32.3476459225228,31.1112013890026,29.8891807346195,34.1883880352052,30.6797572911103,30.9840685778452
28.9971176560907,31.7883381105553,5.08436076438193,31.7334051493781,31.886859361595,30.4931325316784,30.5265460728979,34.4477374014302,34.858945199227,31.2452525337799,30.2392391563358,29.3363205561948,32.8882225699458,31.1812438510437,26.6984577950625,32.5136317914928,33.434330380753,30.148904500219,29.9823779581661,29.5643625600276,5.72481992000166,31.9675667259819,31.8893593572218,29.0295506082693,32.3476459225228,31.1112013890026,29.8891807346195,34.1883880352052,30.6797572911103,30.9840685778452
28.9971176560907,31.7883381105553,5.08436076430326,31.7334051493781,31.886859361595,30.4931325316784,30.5265460728979,34.4477374014302,34.858945199227,31.2452525337799,30.2392391563358,29.3363205561948,32.8882225699458,31.1812438510437,26.6984577950625,32.5136317914928,33.434330380753,30.148904500219,29.9823779581661,29.5643625600276,5.72481992000166,31.9675667259819,31.8893593572218,29.0295506082693,32.3476459225228,31.1112013890026,29.8891807346195,34.1883880352052,30.6797572911103,30.9840685778452
28.9971176560907,31.7883381105553,5.08436076430326,31.7334051493781,31.886859361595,30.4931325316784,30.5265460728979,34.4477374014302,34.858945199227,31.2452525337799,30.2392391563358,29.3363205561948,32.8882225699458,31.1812438510437,26.6984577950625,32.5136317914928,33.434330380753,30.148904500219,29.9823779581661,29.5643625600276,5.72481992000166,31.9675667259819,31.8893593572218,29.0295506082693,32.3476459225228,31.1112013890026,29.8891807346195,34.1883880352052,30.6797572911103,30.9840685778452
