5706779480.64851,4699177956.89299,1736574233.40802,4766001586.2282,3310782827.42408,7485673652.16513,5278586850.85921,4795247436.2561,2324889272.47558,3791987504.69928,4059246935.07398,4651665043.0965,9675819238.74889,3217275079.8587,7971977257.53032,3332718946.73564,6113622079.91407,1600237215.08815,1477278438.81479,6949355830.10925,799370599.014473,2007970114.71421,16798567980.9992,3760674474.85919,3821642186.39519,1356889603.8514,4119118962.19451,6749529905.27494,3564359088.43971,7390937231.50826
889685223.583595,935273075.349826,593078576.389113,861894928.447005,464070247.261004,1349537659.2474,813347196.92802,522771247.320425,777524245.6992,723164850.23645,674364850.825415,1140378177.14218,1210570521.57101,488984315.240587,815155624.880889,1192785316.13412,596736908.549555,537721260.015623,223692927.346594,1313763904.09642,317342029.979377,531464936.125869,4282584989.78483,801061093.725017,835942033.373749,1070297648.21786,623792117.202528,1501370107.3532,705457421.211956,1304014162.03314
447271465.65926,341185672.678958,530606969.660753,345731089.826483,412872194.304724,725638173.0458,392994952.136091,477442224.391766,476775106.48527,617095560.21297,378592271.914132,484579825.344945,488996731.827019,468496963.997507,378393609.980019,604771902.497953,568328457.609509,327134732.985553,160347872.280022,561422584.088078,317342029.979377,314827979.953887,1511617264.89232,801061093.725017,735223068.775986,626239499.501523,376050763.868926,545715391.098949,385325242.162072,640626047.692247
195435175.894805,242655716.774292,256293956.315436,116757431.239436,214061706.268914,188936300.931119,128973901.0941,152618343.088341,150201701.615061,360879701.016278,160976847.76082,258030722.688758,322665621.943712,158829384.227932,136602769.087026,179822683.404974,309635931.540243,111619472.422141,55380630.5918244,205918539.062025,112851507.057334,104370312.346085,531994850.992445,189180501.901752,226523806.431841,241271787.866024,123154473.330709,168434989.331223,108636101.965747,268022623.003249
33587243.3595531,29767505.2710335,28211210.8764528,22860704.5483175,37724095.4542795,20463636.7785093,23117323.7864666,33453936.2020646,13312824.7996787,34153023.2119508,20598677.5526047,20679342.5091112,69410419.5286168,19401938.8646845,21447640.8321412,34068082.8095444,24495823.285163,15169593.6884564,11351218.9276167,26021910.7454001,22323624.1338434,16947372.2084126,238597810.822868,28657781.2581303,19075091.694325,34618814.8315855,20882515.5312438,42375761.2976738,16005467.9690188,33100105.3230406
1382045.23118162,868003.028601405,737840.256435344,1192583.34026502,1458356.27435005,1099586.99802866,1368823.9168174,1127761.45432301,900292.796967194,1251159.74758725,641435.761565212,846033.466954676,3705497.74703792,541262.789308197,780584.231198206,1010349.53805427,758060.278164206,793925.593702508,1098275.31920976,765665.196033815,936435.117323862,1008842.31704766,22893971.4173734,1318193.93261543,686128.804312988,1348320.01286536,1205787.6632701,1021364.34827065,959966.978402686,540422.45303139
282205.71716482,198243.832090187,169738.89322744,197323.277749759,294139.447710737,205637.283344379,191707.581093613,277086.81587276,278674.411105984,263278.431497369,175922.905224337,183223.96891703,791477.411166079,199385.565427439,258065.804675031,156601.776758232,100732.508655932,127924.85775581,229535.141654192,224025.325441921,180797.371098106,280818.978164606,3092456.68813279,171823.662822392,153713.075683326,210197.948844167,194221.880851598,295646.144395257,255694.450394683,127233.48876271
64198.3120852065,45929.6481252091,28897.4722496848,27135.6346347078,48936.0581593353,26332.1293101155,18726.0987470902,25387.6807885657,28655.9346542377,32675.3128153318,23916.9998086855,51086.7979557257,183040.078666735,46787.9584128672,57072.0530779238,35874.7684413822,31211.9280898312,23667.8345061038,42997.1213050809,31850.0171693704,41204.6821717716,48365.2482380192,720184.89406138,9665.8922468256,30758.226140561,24967.7406026345,25878.979357621,62570.1419545123,36657.0903818911,27084.6833253624
13332.7108543197,4458.7579875043,3076.26174766356,2672.0280787769,4697.38824892726,3994.7683108913,2719.19528023037,3636.5652628087,3557.30250493285,2729.17403024548,2967.27838078091,9011.26624953951,64055.5904869658,7743.37573085955,4575.65032980206,3197.96389660977,2932.84951639745,4093.77804448275,2705.21201326744,2541.93237665728,2556.9886429905,4621.82963501019,248185.515415053,1594.00520670105,3108.2531377479,4362.29588734129,3347.80809361506,6598.19414413047,6717.840118957,2286.4736622695
458.696944172255,145.039704730788,76.7657575395904,247.691808979357,451.581125817542,199.810034357315,95.303291339671,253.2357478516,132.302244324299,257.839029451806,147.843911973232,362.286271413649,21409.0904649612,93.3983376178433,135.243759714244,145.523610055466,178.546648231649,333.078485447331,307.880347810355,312.670062166353,140.82525188186,146.6254304947,155612.298886323,95.9611977314764,252.786429296169,280.350222400398,251.558107715305,176.253293941149,115.739075075292,130.052466557376
1.418660628103,0.509438599280202,0.364407470952074,0.765209398481602,1.82309734308478,0.393474431358527,0.97473280496115,0.304943693279483,0.626023963164016,0.670130399347499,1.33515270106204,2.28518029030374,1895.604059341,0.296479019936214,0.135914649516508,0.228658853458228,1.00192936405301,0.47689701044601,3.67390245405795,7.58267610561143,0.356773739554455,0.799727600012829,81724.7129960213,0.478270399373287,0.960668555464963,1.26148361581363,0.566667266366494,2.40260169957219,0.294099237876708,0.305883370089532
3.61146610430296e-05,5.16945174240391e-05,6.99906318004651e-05,2.26298402594693e-05,2.77549615930184e-05,8.12708958619623e-06,1.31944957502128e-05,3.62236783075787e-05,1.64672264872934e-05,1.06003369637619e-05,1.44395264669583e-05,0.000162372504973973,1172.67988493519,1.75951190612977e-05,2.14664369195816e-05,4.47602826625371e-05,5.23640844676265e-05,1.08684550923499e-05,0.000315141374358063,0.000166384508702322,2.36341948038898e-05,2.52872455348552e-05,81724.7129960213,3.54634094037465e-05,1.5788722294019e-05,6.2431012338493e-05,1.75020134065562e-05,8.54420366067643e-05,6.76861532156181e-06,1.19409501166956e-05
5.70912561670411e-09,8.10950950835831e-09,1.81069026439218e-08,2.1905179892201e-09,2.84308043774217e-09,6.15023054706398e-09,1.40084921440575e-09,1.03543698060093e-08,4.72846295451745e-09,1.57660906552337e-09,4.5740762288915e-09,1.59041064762278e-08,1172.67988493519,7.46649675420485e-09,6.47582965029869e-09,9.63223101280164e-09,1.30103217088617e-08,2.50884113484062e-09,5.08996436110465e-08,3.32147465087473e-08,1.02427293313667e-08,9.1733909357572e-09,81724.7129960213,1.01190380519256e-08,2.40947883867193e-09,9.99693838821258e-09,9.71340341493487e-09,2.14567990042269e-08,5.44059730600566e-09,7.4094259616686e-09
5.70912561670411e-09,8.10950950835831e-09,1.81069026439218e-08,2.1905179892201e-09,2.84308043774217e-09,6.15023054706398e-09,1.40084921440575e-09,1.03543698060093e-08,4.72846295451745e-09,1.57660906552337e-09,4.5740762288915e-09,1.59041064762278e-08,1172.67988493519,7.46649675420485e-09,6.47582965029869e-09,9.63223101280164e-09,1.30103217088617e-08,2.50884113484062e-09,5.08996436110465e-08,3.32147465087473e-08,1.02427293313667e-08,9.1733909357572e-09,81724.7129960213,1.01190380519256e-08,2.40947883867193e-09,9.99693838821258e-09,9.71340341493487e-09,2.14567990042269e-08,5.44059730600566e-09,7.4094259616686e-09
