16413.2467050403,34409.6823074675,47347.7542669187,43167.8974226744,22492.9054396511,20654.564811966,11459.4585552416,11604.1576315905,45826.4552296345,22956.7158675265,38055.0213484159,37263.8755528478,26678.4205647405,39012.6101567082,21888.0300160509,18499.3150653656,37942.6450655454,36414.961593746,23071.9628884349,15591.3536561705,19752.0122233157,37398.4373432152,148496.000745043,13726.6875733518,41744.5361429441,8574.83171896567,23308.4959495138,27743.2360426474,22296.718859199,45060.2546837625
6491.67532284718,6276.2711173692,8863.93447163349,11548.129484847,8280.20816276571,7265.14349485593,5074.08201595009,5139.21320650248,6003.79288835028,13295.5510636117,10672.6720205812,11289.7715027139,6797.59303001081,11266.1506705632,8878.79622205724,6631.6723727346,7408.23785903103,4524.62903950099,8368.00624524174,5731.68011034955,7137.79111602277,4989.75742708668,61299.7470478184,12065.3860347814,5896.73011001393,3576.70530271245,9172.70135206827,6696.22943535214,3897.40134667924,8552.92965645469
2648.22463861752,3356.24460858402,5143.8732652409,4170.26728264613,5159.86204365291,4761.6081610712,3213.25029212687,2628.23625936862,3238.86773803465,4238.4147676374,5424.37232787308,5580.55688136765,4414.71207556147,4439.59022567112,2832.08942793762,3382.8033848811,3593.89147645662,3912.68531698397,7832.69914259684,3472.01495797199,4955.47005788414,4546.31887059966,14460.9222100229,5721.75436073945,2806.81625126952,2110.73468176937,5325.64691870497,3485.05369727643,3897.40134667924,7761.95546989825
1218.08984278359,1425.99335772285,1506.54025655463,1073.09186114637,1826.66106790076,1320.79222347023,1484.05519775991,749.90052097938,1812.2186512495,1619.66508116971,1285.51494791868,1920.67319161927,1201.85982125458,1175.66589006449,770.66824545764,1640.29834805049,1422.49424583245,1321.84598912381,2588.17884215405,1177.07554150854,1839.55609026369,1515.07570773732,5090.41791353743,2023.66429172394,850.106111995281,995.197865834369,1570.36422399069,1105.96506785803,1146.44905921919,1517.67405492824
191.184598768441,217.119051285206,174.910642651007,192.465665279798,182.678410845393,170.954138750245,143.845516302278,147.870574619679,204.594595600949,159.965939275857,173.324461249896,207.476235839346,199.052182635025,161.4714712133,123.321235200566,140.978351327719,205.426178549659,176.830143324926,235.971281080702,210.132021995398,184.869495422591,153.34811532279,1560.98735966144,162.250118733263,136.070479850114,184.881755246662,143.655333928518,194.228202723799,185.440656039303,184.806249829464
0.617767445250934,0.395459288958364,0.903029816467665,0.68112990138161,0.203634633416414,0.444769892132854,0.15619253333432,0.434050230830962,0.477408770734428,0.551591537184095,0.405654061101814,0.807183342754229,0.646042743090106,0.332825726026499,0.304170813235146,0.351635291900152,1.22748755911493,0.48412078388651,0.870404417342911,0.510243784148315,0.743632155348678,0.193947101686263,197.399432820846,0.402502449528811,0.434664136213428,0.460531590803043,0.289072135157994,0.548087656806274,0.294227834490925,0.957999089718783
0.0188741021737542,0.0205072403399527,0.0169169285312591,0.0198337216349955,0.0084223855461687,0.0159738170433457,0.00889701933806464,0.0164747915438284,0.0168327133737876,0.00952306901911015,0.0186334734073625,0.0268154658223239,0.0124036392185189,0.00978930550866153,0.0111975978998089,0.0148081114722345,0.0212820092932589,0.0160740431326758,0.0174717294183893,0.0110642737452054,0.0156394167613598,0.0120837197520132,65.0863610097256,0.0129087314918479,0.0147689950791801,0.0138338431430611,0.0091620679212383,0.0156345180993185,0.0125923303755826,0.0124943507659054
0.00175171749424408,0.00212303522209822,0.00157415023159047,0.00244678190608738,0.00125332046729909,0.0015959523092306,0.000900453629242293,0.000932452096549241,0.00135342685723572,0.00144317060301091,0.00159910884599412,0.00139179891527874,0.00151047960400774,0.00122217603711761,0.00180656014617853,0.00133737912858578,0.00260538801512666,0.00173327752065688,0.00167337248683452,0.00139918064189715,0.00191968422859645,0.00141731086955588,5.44803246829508,0.00133653097486786,0.00174243445474076,0.00117777172772549,0.00153367689904371,0.00176472021405516,0.00162817688760697,0.00154959125893583
0.000337051010092182,0.000199479801381131,0.00023418927480634,0.000300185277296805,0.000180702212787764,0.00026256791625201,7.51405704022545e-05,0.000141825140758556,0.000191295602917307,0.000177539916876412,0.000207912089308593,0.000226025495408066,0.000297450326343096,0.00021464702092544,0.000189531035175605,0.000210714886748065,0.000328621727931022,0.000176738711843427,0.000276003300541561,0.000247868088877112,0.000232010836384688,0.000173115270172275,0.250427264546261,0.000187373641097111,0.000192500485582059,0.000110643191078452,0.000190470811730847,0.000232407417001923,0.000207733403385646,0.000162171412171119
4.31385527690509e-05,4.13846347555591e-05,4.52212831305587e-05,5.76092648998383e-05,2.71786715302369e-05,2.8216989790053e-05,1.56307503402786e-05,3.62391813268914e-05,2.71250062269246e-05,2.92549149207844e-05,3.73949600316337e-05,4.5383155907075e-05,3.92953085111003e-05,3.73316544255431e-05,3.43875624366774e-05,4.40239830368228e-05,9.22870864314973e-05,3.00347130632872e-05,6.2751626728641e-05,3.41302131801058e-05,3.56393882157136e-05,3.4088252618858e-05,0.0487107504645792,3.42474606895848e-05,3.47379316281149e-05,1.81025129677437e-05,2.97220373113305e-05,2.44127055566423e-05,3.16069815653464e-05,3.41962850143318e-05
6.46201829113124e-06,6.09132052886707e-06,1.10181631498563e-05,7.50503522795043e-06,4.95284439239185e-06,7.1904908054421e-06,5.35842400495312e-06,6.60410785258136e-06,5.22665936841804e-06,4.95000836053805e-06,5.01500858263171e-06,6.96430402058468e-06,7.62125068831665e-06,5.81284803047311e-06,7.27937208466756e-06,6.39423501525016e-06,1.19399238656115e-05,6.83047323946084e-06,9.61796058618347e-06,5.21934487096587e-06,6.30088788966532e-06,6.26543715043226e-06,0.0257602748001773,8.14179566077655e-06,5.57240025500505e-06,5.58141641704424e-06,6.86686803419434e-06,6.02549903305771e-06,5.73966258343717e-06,6.7285758404978e-06
1.66041957072594e-06,1.10547000531369e-06,1.59048227033054e-06,1.20206902920472e-06,9.84490725386422e-07,1.31117144519521e-06,1.31858507756988e-06,1.15753550744557e-06,1.28063993543037e-06,9.31887029764766e-07,9.10192852643377e-07,1.24776124721393e-06,1.21275229503226e-06,1.02819967651158e-06,1.28390240661247e-06,1.48722801895929e-06,1.21701532407315e-06,8.08076833891391e-07,1.145085434473e-06,1.07662310711021e-06,1.37053484650096e-06,1.66920415267668e-06,0.0257602748001773,1.27542739392084e-06,1.09517770852108e-06,1.38824771056534e-06,1.16238743430586e-06,1.46233480791125e-06,1.54985696099175e-06,1.09837856143713e-06
1.7344450498058e-07,1.90431592272944e-07,2.71000544671551e-07,1.97319081962632e-07,2.42992427956779e-07,1.81924974640424e-07,2.06284653359035e-07,1.99575310944056e-07,2.00690351448429e-07,1.52151756083185e-07,2.06393565349572e-07,1.96959035747568e-07,1.73177340911934e-07,1.93193272934877e-07,2.12338477467711e-07,2.0085496998945e-07,2.58191562352295e-07,1.89065531230881e-07,1.56337250700744e-07,1.54093413584633e-07,2.24635641643545e-07,2.41708221437875e-07,0.0257602748001773,1.87501882464858e-07,2.50233483711781e-07,1.97347958419414e-07,2.2988763248577e-07,1.70314933711779e-07,1.54996769197169e-07,2.31170474762621e-07
1.7124750684161e-07,1.84697910299292e-07,2.69676661446283e-07,1.70160660672991e-07,2.38469738178537e-07,1.77175820681441e-07,2.06284653359035e-07,1.99575310944056e-07,1.76848175215127e-07,1.27640873870405e-07,1.70185217029939e-07,1.7544141428516e-07,1.31360138766468e-07,1.77492779585009e-07,2.00565182240098e-07,1.89676939044148e-07,2.58191562352295e-07,1.75701984517218e-07,1.56337250700744e-07,1.49793891068839e-07,2.24635641643545e-07,1.73398007063952e-07,0.0257602748001773,1.7007141650538e-07,2.50233483711781e-07,1.86753595698974e-07,1.69653048942564e-07,1.70314933711779e-07,1.44162527249136e-07,1.86839429261454e-07
