21.4077457307733,21.4722173408461,21.4958454167215,21.4108392600103,21.3043234613539,21.456375525013,21.4419870238603,21.3145811763566,21.2862589652719,21.4172846503474,21.3030387945691,21.2960384886516,21.3546280334671,21.4709934161968,21.5524928430298,21.3859884212172,21.388227080529,21.3740511680182,21.4411286928698,21.3917612663051,21.3673143232369,21.3056310908963,21.4364379107319,21.3288912351296,21.3718371596618,21.4386302205628,21.4868641358488,21.4562475086419,21.4472340483935,21.3941200544499
21.4077457307733,21.4722173408461,21.4958454167215,21.4108392600103,21.3043234613539,21.456375525013,21.4419870238603,21.3145811763566,21.2862589652719,21.4172846503474,21.3030387945691,21.2960384886516,21.3546280334671,21.4709934161968,21.5524928430298,21.3859884212172,21.388227080529,21.3740511680182,21.4411286928698,21.3917612663051,21.3673143232369,21.3056310908963,21.4364379107319,21.3288912351296,21.3718371596618,21.4386302205628,21.4868641358488,21.4562475086419,21.4472340483935,21.3941200544499
21.4077457307733,21.4722173408461,21.4958454167215,21.4108392600103,21.3043234613539,21.456375525013,21.4419870238603,21.3145811763566,21.2862589652719,21.4172846503474,21.3030387945691,21.2960384886516,21.3546280334671,21.4709934161968,21.5524928430298,21.3859884212172,21.388227080529,21.3740511680182,21.4411286928698,21.3917612663051,21.3673143232369,21.3056310908963,21.4364379107319,21.3288912351296,21.3718371596618,21.4386302205628,21.4868641358488,21.4562475086419,21.4472340483935,21.3941200544499
21.4077457307733,21.4722173408461,21.4958454167215,21.4108392600103,21.3043234613539,21.456375525013,21.4419870238603,21.3145811763566,21.2862589652719,21.4172846503474,21.3030387945691,21.2960384886516,21.3546280334671,21.4709934161968,21.5524928430298,21.3859884212172,21.388227080529,21.3740511680182,21.4411286928698,21.3917612663051,21.3673143232369,21.3056310908963,21.4364379107319,21.3288912351296,21.3718371596618,21.4386302205628,21.4868641358488,21.4562475086419,21.4472340483935,21.3941200544499
21.4077457307733,21.4722173408461,21.4958454167215,21.4108392600103,21.3043234613539,21.456375525013,21.4419870238603,21.3145811763566,21.2862589652719,21.4172846503474,21.3030387945691,21.2960384886516,21.3546280334671,21.4709934161968,21.5524928430298,21.3859884212172,21.388227080529,21.3740511680182,21.4411286928698,21.3917612663051,21.3673143232369,21.3056310908963,21.4364379107319,21.3288912351296,21.3718371596618,21.4386302205628,21.4868641358488,21.4562475086419,21.4472340483935,21.3941200544499
21.4077457307733,21.4722173408461,21.4958454167215,21.4108392600103,21.3043234613539,21.456375525013,21.4419870238603,21.3145811763566,21.2862589652719,21.4172846503474,21.3030387945691,21.2960384886516,21.3546280334671,21.4709934161968,21.5524928430298,21.3859884212172,21.388227080529,21.3740511680182,21.4411286928698,21.3917612663051,21.3673143232369,21.3056310908963,21.4364379107319,21.3288912351296,21.3718371596618,21.4386302205628,21.4868641358488,21.4562475086419,21.4472340483935,21.3941200544499
21.4077457307733,21.4722173408461,21.4958454167215,21.4108392600103,21.3043234613539,21.456375525013,21.4419870238603,21.3145811763566,21.2862589652719,21.4172846503474,21.3030387945691,21.2960384886516,21.3546280334671,21.4709934161968,21.5524928430298,21.3859884212172,21.388227080529,21.3740511680182,21.4411286928698,21.3917612663051,21.3673143232369,21.3056310908963,21.4364379107319,21.3288912351296,21.3718371596618,21.4386302205628,21.4868641358488,21.4562475086419,21.4472340483935,21.3941200544499
21.4077457307733,21.3859054320246,21.3470718485216,21.3950989308635,21.3043234613539,21.3276336116348,21.3969416882032,21.2917849089301,21.2862589652719,21.390367669816,21.2005083968439,21.2338264905493,21.3123282857422,21.3406144809848,21.3065319137055,21.3199224455541,21.388227080529,21.2464301637798,21.3117237967016,21.3917612663051,21.3673143232369,21.3056310908963,21.3098003242874,21.1688997958537,21.3718371596618,21.3359889288671,21.3749893724748,21.4562475086419,21.3053449496047,21.2964085730629
21.4077457307733,21.3605750533891,21.1919339769403,21.3950989308635,21.3043234613539,21.3276336116348,21.3895831776381,21.2917849089301,21.0061077012405,21.390367669816,21.2005083968439,21.2338264905493,21.2588266179102,21.3406144809848,21.3065319137055,21.2230349324334,21.3142470259464,21.2464301637798,21.3117237967016,21.2459449708134,21.2712112718184,21.3056310908963,21.3098003242874,21.1688997958537,21.3322074311928,21.3359889288671,21.3348466785145,21.4506636420131,21.3053449496047,21.2190358901288
21.2738157596024,21.3107963967121,21.1919339769403,21.2978590858129,21.2023586581034,21.3276336116348,21.2145955721656,21.231539752825,21.0061077012405,21.3334915570019,21.2005083968439,21.2338264905493,21.2588266179102,21.3384967079392,21.3065319137055,21.2230349324334,21.3142470259464,21.2464301637798,21.3117237967016,21.2459449708134,21.1930628152943,21.222770414836,21.2723775301716,21.1688997958537,21.1648525030795,21.3359889288671,21.3348466785145,21.2397309498323,21.3053449496047,21.2190358901288
21.188592342878,21.2623265691034,21.1919339769403,21.2426455935009,21.2023586581034,21.2107268919509,21.2145955721656,21.231539752825,21.0061077012405,21.2563387414842,21.2005083968439,21.1750192381526,21.2588266179102,21.1822847912493,21.3065319137055,21.130029962059,21.2658877491505,21.2464301637798,21.2277054252968,21.223108939574,21.1750242595228,21.1301900972131,21.2723775301716,21.1539404022419,21.1648525030795,21.197394679877,21.2508984417598,21.1525048405583,21.3053449496047,21.1579686793046
21.1856539006658,21.178165196411,21.1919339769403,21.1627346600927,21.1889514225015,21.190728444958,21.2145955721656,21.231539752825,21.0061077012405,21.2563387414842,21.2005083968439,21.1750192381526,21.2588266179102,21.1816241382924,21.287586837501,21.130029962059,21.2106004130723,21.054174583164,21.1246659022165,21.1802604381246,21.0950538732109,21.1301900972131,21.2503571670305,21.0642211489949,21.1648525030795,21.197394679877,21.2508984417598,21.1525048405583,21.2525967232586,21.0997255343719
21.1856539006658,21.1347765493446,21.1401870528044,21.1627346600927,21.1860012449297,21.1685921584487,21.1042051893538,21.2085996504809,21.0061077012405,21.2261838950785,21.0291931833121,21.1483480100707,21.1172676152229,21.1816241382924,21.1227026813689,21.130029962059,21.2013852509066,21.054174583164,21.1246659022165,21.1802604381246,21.0950538732109,21.1301900972131,21.1762384859857,21.0642211489949,21.1648525030795,21.197394679877,21.0886277020306,21.1525048405583,21.0580445431183,21.0997255343719
21.1363683480205,21.1045719677514,21.1401870528044,21.1345333455481,21.0980402186466,21.1546151123426,21.0772517033151,21.0911412046628,20.9453085785834,21.096607841122,21.0291931833121,21.0495240067743,21.0238254392515,20.9296674148886,20.882296248695,21.130029962059,21.0896546410246,21.054174583164,21.1145712057219,21.1141015339493,21.0950538732109,21.0784719615526,21.148235784765,21.0642211489949,21.0172080475619,21.1212699192157,21.0886277020306,21.1473863237129,21.0580445431183,21.0997255343719
20.8926891241542,20.9827856768983,21.0728937471883,21.0563146686579,21.0117740680257,21.0700251675848,20.9772647935305,20.9440666116586,20.9453085785834,21.042553457325,21.0291931833121,21.0001605209555,21.0238254392515,20.9296674148886,20.882296248695,20.9617552603752,20.944168638816,21.054174583164,21.014505619855,21.076173905946,20.8817748663027,21.044666232243,21.0978406141951,21.011464814469,21.0172080475619,20.9693370363088,20.9547980131841,20.9910803914588,21.0580445431183,21.0611595332574
20.8811879130186,20.9120117444693,20.9172616635955,20.9237424846999,20.9409149152549,20.8815324026522,20.9646722689246,20.903413196822,20.7787750192048,20.9017608323791,20.795393342467,20.9394780536932,20.9377542349276,20.9296674148886,20.882296248695,20.7877293664083,20.944168638816,20.8404334822737,20.9607962510429,20.923149484289,20.8817748663027,20.9414586491827,20.9047066704529,21.011464814469,20.7069221073899,20.90239111595,20.9515496100111,20.8811772102302,20.9027082525145,20.8218545676956
