2725.21834677786,1686.74667840869,2198.54919645232,2102.60546143786,1419.6026982704,2362.99880385531,2187.93770356238,2026.1475761689,1501.42358288857,2340.68425309836,1293.52318620126,1733.52852256124,1777.49173043096,2024.45868714764,2116.00448171522,1881.30417977139,2377.42631484035,2529.33931861149,2580.38741438738,1881.49548218629,2335.83799314025,1398.71511162137,1445.99107597558,2502.84500394972,2504.95854934889,2323.29647956608,2821.8968557284,2121.41148177286,2378.48676451942,1579.60211268762
1784.84866879419,1423.412294476,1718.31842886437,1554.65568241877,1235.83147457609,1545.57208069461,1882.03283852996,2026.1475761689,1501.42358288857,1440.42925659613,917.068846279038,1579.33347542553,1669.96428572126,1481.27821289323,2116.00448171522,1479.09563727682,1656.03468882405,2230.62993579705,2446.15841236051,1476.71449477769,1778.97977712538,1398.71511162137,1046.00523933268,2304.61539570746,1922.51099991829,2055.26889620305,2424.34798364129,2029.64981444413,2115.86988474403,1327.95882712331
1784.84866879419,1421.32416991343,1678.71649109006,1301.74330381706,1163.49109095588,1365.27105050342,1435.5605092173,2026.1475761689,1501.42358288857,1337.64365497153,793.684139042005,1341.56988697653,1554.09909233139,1227.02724421413,1995.09802116928,1232.08333737325,1656.03468882405,1564.24705477518,2032.89197180135,1336.39048720423,1747.06220387179,1398.71511162137,938.088893798261,1782.04004451856,1922.51099991829,1767.99593952258,2035.43783032804,2027.26508863659,2087.76909293598,1300.89002353805
1030.10896918078,1420.98686803731,1674.72684174146,1293.84397400522,1148.43428241515,1342.03648367462,1367.83721869122,1835.4368193532,1296.81054025327,1332.2080514361,786.796055821158,1240.67512223063,1546.18276486051,1217.05705312928,1469.43156388353,1138.91461609093,1306.21681901208,1438.3145052685,1825.6283726415,1283.86703927762,1741.24959709054,1398.71511162137,926.013982254482,1463.6913809598,1922.51099991829,1654.76737492325,2008.7698102345,2027.19858832744,2084.28863982283,1298.84342737775
980.585674682771,1420.9867676198,1671.98849873239,1293.82637634202,1145.66057660104,1341.95726937991,1364.29279523967,1498.59521251904,1296.81054025327,1332.20508370248,786.780393809734,1233.77668967909,1546.17948127974,1217.05680089365,1051.14500364747,1138.88458826167,1306.21681901208,1434.0325820356,1783.30315532108,1283.61061980484,1741.24606846063,1341.95521796307,925.856450398015,1460.4768825676,1624.54553346258,1654.48137805666,2008.67964779297,2027.19854270281,2084.2745439866,1298.84138634665
980.585596167557,1420.98676761979,1670.38709877937,1077.59692845544,1145.55528219923,1341.95726881081,1363.84781941421,1498.59521251904,852.535201744278,1332.20508370247,701.606668482315,1233.77663491822,1450.30857841981,1217.05680089365,590.760094051968,1138.88458826126,1059.65611274357,1433.92337299388,1292.9794575862,1283.61061785575,895.953131876494,1279.76722887093,925.707591974213,1460.37913115049,220.804524823282,1654.48137763854,2008.67964774945,1163.85809068149,1413.96946614583,1298.84138634663
980.585596167557,1420.98676761979,1670.38181213901,1077.59692845509,1145.54389838483,1236.88088224958,1363.84728073086,1018.1836368963,852.535201744278,1016.85401119245,696.764776426777,1050.04818311037,1450.21068071479,303.01311623654,579.284594609272,1138.88458826126,1059.65611274357,1433.91946277466,1292.9794575862,1283.61061785575,895.940335471324,1106.07681790923,925.70442163172,1460.37699797665,220.80444784242,1654.48137763854,2008.67964774945,1163.85754672052,1413.84423018995,1298.84138634663
980.585596167557,781.618761320553,1627.42877521295,684.14187391419,1145.54225928939,883.523188555283,1210.43485046893,1018.1836368963,852.535201744278,755.801843829583,696.764674150521,878.681507338159,1001.92864759715,303.01311623654,579.284594609272,1138.88458826126,1059.65611274357,799.776841329127,346.282413867364,1283.61061785575,895.940335471324,766.003604968905,925.704409403902,1460.37699797665,220.80444784242,1654.48137763854,1443.59281887318,572.008213061955,1153.64094431324,518.03318921957
980.585596167557,0.124908972438789,1627.36469025199,260.057934126654,1145.5422564212,883.523188555283,1210.35178840034,1018.1836368963,852.535201744278,518.082965246871,696.764674150521,878.681360173403,1001.92680715596,274.676204109145,579.284594609272,989.662093487773,1059.65611274357,799.776770246497,346.282413867364,1283.61061785575,895.940335471324,766.003604968905,925.704409403902,907.802838911741,220.80444784242,1140.36965536642,1443.58639903482,370.290289042664,1153.64090540929,518.03318921957
980.585596167557,0.124908882077762,1617.49634787237,211.724529431623,1145.5422564212,511.759206575117,1210.35178840034,1018.1836368963,852.535201744278,292.781270292621,696.764674150521,878.681360173403,929.18942706609,263.025873794265,579.284594609272,949.721457651607,1044.66318999239,658.311385064442,0.499635528311046,1283.61061785575,872.689460104603,766.003604968905,925.704409403902,907.802838911741,220.80444784242,706.50598018794,1443.58639903482,309.803699698018,913.523064887324,517.638632116184
980.585596167557,0.124908882077762,1368.66195108889,211.724529431623,1145.5422564212,500.953032675272,879.62100575365,0.264928560446606,852.535201744278,292.781270292621,400.600306300949,878.681360173403,826.960695970099,263.025873794265,579.284594609272,949.721457651607,1044.66318999239,658.311383988142,0.124910100383204,1011.88901090108,568.033997072495,766.003604968905,894.80992461102,488.800046756239,220.80444784242,541.961753153576,1115.02385809035,309.803699698018,615.404073344965,517.638632116184
980.585596167557,0.124908882077762,534.936315942693,124.018499903292,1145.5422564212,500.953032675272,879.621005750825,0.187363323116188,852.535201744278,6.9548377723504,264.636958456363,878.681360173403,821.102691495903,254.817114774027,579.284594609272,949.721457651607,1044.66318999239,658.311383988142,0.124908882077762,1011.88900663049,507.053699484309,766.003604968905,894.80992461102,488.800046756239,220.80444784242,0.312272205193949,219.594298232709,256.85674961372,423.712434688966,517.638632116184
815.103665379776,0.124908882077762,471.339052972381,124.018499903292,825.655974181332,481.888446793821,879.621005750825,0.187363323116188,852.535201744278,6.95483025746125,264.636958456363,878.681360173403,821.102691495903,254.817114774027,579.284594609272,918.583758258029,821.845567395707,658.311383988142,0.124908882077762,1011.88900663049,435.813201800605,766.003604968905,894.80992461102,273.357004867003,220.80444784242,0.312272205193949,219.594298232709,256.85674961372,367.230664076648,517.638632116184
815.103665379776,0.124908882077762,471.339052972381,124.018499903292,825.655974181332,481.888446793821,879.621005750825,0.187363323116188,469.804424383512,6.95483025746125,264.636958456363,878.681360173403,636.534597733028,254.817114774027,579.284594609272,918.583758258029,586.369678270687,658.311383988142,0.124908882077762,1011.88900663049,435.813201800605,766.003604968905,637.684122970938,273.357004867003,220.80444784242,0.312272205193949,219.594298232709,256.85674961372,367.230664076648,375.96049812496
