159.926816193303,169.100462904986,52.8668851215571,489.806235659991,712.215075782052,584.813329735134,395.544061203969,376.01396791426,109.235246757452,291.132094787592,538.875909875556,389.849641370873,238.219159865242,585.83254125509,438.385755242642,421.667989159686,475.389852773351,410.157756039245,168.527238334765,70.0436528353789,766.660162647285,761.094699866574,781.883002726579,128.240098806085,249.900607115117,1008.24890028958,540.840427386348,943.174854616039,551.010704194853,689.331769920609
154.821510370853,69.0383665641409,52.8668851215571,400.598323127167,616.169780767255,483.308903069391,349.146240511158,345.374934940861,109.235246757452,291.132094787592,504.480483416325,304.205995853614,92.5988136536946,318.1549803822,71.9361392831422,189.020449187932,124.48342474344,361.473349075506,82.553338439398,58.1377805145612,740.939735699452,653.114429214254,753.991294855779,66.790355313906,221.349119567147,844.54155504953,79.6108732931068,804.19372085347,473.41774908831,659.602805812134
69.5356612113055,69.0383665641409,52.8668851215571,368.844117195655,602.633465708713,430.469281409321,345.673490203786,77.7978810590967,109.235246757452,98.2342449592156,478.499226840704,264.218698074851,78.2746920152949,102.153976812982,45.8599599111512,189.020449187932,124.48342474344,230.194963879129,82.553338439398,36.8615792241819,614.311959712594,620.046470065994,750.124850728545,12.9255471244792,84.9848378526258,817.438512864289,79.6108732931068,742.950848907578,468.318911703709,656.851219255959
69.5356612113055,69.0383665641409,52.8668851215571,359.856230021759,578.591244808391,419.250580398942,344.144599227458,77.7978810590967,109.235246757452,38.844199451207,402.461578039568,254.802567781524,78.2746920152949,102.153976812982,38.4668078331954,77.4974749516928,124.48342474344,99.2607559844996,59.6413835630854,13.288171343949,594.595012413402,609.334488056546,748.655083283008,12.9255471244792,74.1026872254483,780.032851439388,66.408775290417,668.535701612685,441.75991339093,630.001503705457
50.3191574682005,66.50119329771,49.5911410906392,347.758328829264,577.957204892616,418.317501211937,340.010653452849,77.7978810590967,99.1314924098178,38.844199451207,351.864718726333,253.958097186566,78.2746920152949,64.0109710750194,38.4668078331954,65.0880348392739,81.2158360888723,72.9327618648613,36.6172147212524,13.2517813347174,557.623646552172,589.436767113275,740.821954055302,12.9255471244792,34.8705575967974,757.743241765381,66.408775290417,665.854217592288,426.789497083943,581.139069838559
26.5240127995598,45.1716710264745,49.5911410906392,338.167170833224,33.5201477319763,8.56401639446312,241.122570298641,49.9709846511932,25.2465029145969,16.6408329729106,340.789944089346,252.056647183204,78.2746920152949,47.4808309862606,38.4668078331954,65.0880348392739,27.6424589383366,55.0230878757106,31.3079435236225,13.2517813347174,371.394361158556,587.94831771576,717.69663028479,12.9255471244792,34.8705575967974,755.954792297694,54.5263340539127,13.1564122123625,231.356630928785,578.889665527759
26.5240127995598,25.009245373745,49.5911410906392,337.923330003676,33.5201477319763,8.56401639446312,41.6350775601727,49.9709846511932,25.2465029145969,16.6408329729106,340.789915592077,230.082391854137,28.4013017770376,47.4808309862606,37.2467004913221,22.9028132396554,18.3060762194416,55.0230878757106,31.3079435236225,13.2517813347174,368.120208957297,587.795669182754,273.367920245968,12.9255471244792,34.8705575967974,24.1877308304727,18.9119860012015,13.1564122123625,55.8551743828727,69.9602434981693
26.5240127995598,25.009245373745,29.996810515084,100.456996094929,33.5201477319763,8.56401639446312,13.668091977758,49.9709846511932,25.2465029145969,16.6408329729106,14.7536409504389,230.082380937135,28.4013017770376,24.6537460387653,37.2467004913221,20.6000489031712,18.3060762194416,52.3437007232692,31.3079435236225,13.2517813347174,24.4031294178728,478.720690174609,262.699750189521,12.9255471244792,34.8705575967974,24.0240797326765,18.9119860012015,13.1564122123625,13.4601849798796,17.3302370613624
26.5240127995598,25.009245373745,29.996810515084,42.1632748947084,20.1750012088924,8.56401639446312,13.668091977758,9.56546205030372,25.2465029145969,16.6408329729106,12.8355581776584,230.082380937135,28.4013017770376,24.6537460387653,37.2467004913221,20.6000489031712,3.32708096385454,48.9585018571161,23.7287312395868,13.2517813347174,24.4031294178728,478.218101559107,262.699750189521,12.9255471244792,27.7238630174986,24.0240797311026,18.9119860012015,13.1564122123625,13.4601849798796,14.5307527857753
26.5240127995598,25.009245373745,29.996810515084,15.7250709336345,20.1750012088924,8.56401639446312,13.668091977758,9.56546205030372,25.2465029145969,16.6408329729106,12.8346891845347,230.082380937135,28.4013017770376,24.6537460387653,27.7239104358048,20.6000489031712,3.32703441852186,48.9585018571161,23.7287312395868,13.2517813347174,24.4031294178728,142.11786652686,262.699750189521,12.9255471244792,25.3492800124061,24.0240797311026,11.3455689937566,13.1564122123625,13.418909200534,13.9107735512337
26.5240127995598,14.5035121261087,25.6276626040092,15.7250709336345,19.2772529557983,8.56401639446312,13.668091977758,9.56546205030372,20.4878713137682,16.2212726072369,12.8346891845347,230.082380937135,28.4013017770376,24.6537460387653,26.851972538037,20.6000489031712,3.32703441852186,48.9585018571161,23.7287312395868,13.2517813347174,24.4031294178728,90.9012323616214,262.699750189521,12.9255471244792,25.3492800124061,16.5656395164365,11.3455689937566,13.1564122123625,13.418909200534,13.9107735512337
26.5240127995598,13.9897944679167,25.6276626040092,15.7250709336345,19.2772529557983,8.56401639446312,13.668091977758,9.56546205030372,20.4878713137682,16.2212726072369,12.8346891845347,230.082380937135,22.4436065658113,22.0636692194264,26.851972538037,20.6000489031712,3.32703441852186,21.8973150385589,23.7287312395868,13.2517813347174,24.4031294178728,39.738650694841,262.699750189521,12.9255471244792,25.3492800124061,16.5656395164365,11.3455689937566,13.1564122123625,13.418909200534,13.9107735512337
13.8114290177041,13.9897944679167,1.57725553378305,15.7250709336345,19.2772529557983,8.56401639446312,13.668091977758,9.56546205030372,20.4878713137682,16.2212726072369,12.8346891845347,230.082380937135,7.58834249921574,22.0636692194264,22.9748997937438,20.6000489031712,3.32703441852186,21.8973150385589,20.9154190819349,13.2517813347174,24.4031294178728,39.738650694841,59.7829917202603,12.9255471244792,20.4955893999747,11.5106963957437,11.3455689937566,13.1564122123625,13.418909200534,13.9107735512337
13.1636735861002,13.9897944679167,1.57725553378305,15.7250709336345,19.2772529557983,8.56401639446312,13.668091977758,9.56546205030372,20.4878713137682,16.2212726072369,12.8346891845347,25.5713646197466,7.58834249921574,22.0636692194264,22.9748997937438,13.1444862915559,3.32703441852186,21.8973150385589,20.9154190819349,13.2517813347174,24.4031294178728,21.7274898043072,23.2562297067398,12.9255471244792,20.4955893999747,11.5106963957437,11.3455689937566,13.1564122123625,13.418909200534,0.824622786002465
