3.68264731086737,8.80692698893002,92.4534714369275,4.49996802620307,18.5240601301415,4.13159336181087,5.91389455720103,4.41221229272082,4.79188932890974,2.39684331817979,3.53354805438246,5.75425307912305,3.43023203735133,8.98456899603177,4.52834980938496,8.99919441874848,13.0791314229131,52.0476321050096,7845.7357899805,5.09598135826067,7.52283962794,15.7025888740912,5.27608810059251,4.80516402105546,10.0626112540997,2.49094824125746,4.41988602041812,4.50621111142535,89.2046026204089,11.5483451409719
3.68264731086737,3.1890886137784,6.01983863828159,3.23522913487942,4.4530653702057,4.13159336181087,4.39875269205235,2.24846225736847,3.96760529232716,2.39684331817979,2.70784936628546,3.08699385359972,3.43023203735133,4.78863110627727,2.4912225682124,3.47718691118686,3.92500738827952,6.04168744990502,6.33214215373982,4.79312385311328,3.85603574644001,4.12941839489894,3.38380164724861,3.76014681707473,3.95805152376878,2.49094824125746,4.41988602041812,4.50621111142535,4.75621839628611,4.70367305473034
3.68264731086737,3.1890886137784,4.72378088152827,2.39205559550951,4.4530653702057,4.11531091290955,3.16069943793318,1.95344222770658,3.66616361917458,2.39684331817979,2.70784936628546,3.08699385359972,2.04803057383149,3.84951394766809,2.4912225682124,3.47718691118686,3.92500738827952,5.1947414401754,3.89733150649008,4.25735031423375,3.10896827277539,4.12941839489894,3.38380164724861,3.76014681707473,3.95805152376878,2.49094824125746,3.94756966163199,4.50621111142535,4.14073440124408,4.59794531461759
3.68264731086737,3.1890886137784,4.62202686991481,2.39205559550951,3.2368920170915,4.11531091290955,2.97612459090358,1.95344222770658,3.66616361917458,2.39684331817979,2.70784936628546,3.08699385359972,2.04803057383149,3.84951394766809,2.4912225682124,3.47718691118686,3.13335340680469,4.85724293797176,3.08124823021835,3.05181275664161,3.09769017848078,4.12941839489894,3.38380164724861,3.59535321091247,3.81931720455518,2.49094824125746,3.8409561918845,4.09530091476628,3.68155815041976,2.92873124335151
3.16703005262327,1.57355085319043,2.63204086878907,2.39205559550951,3.2368920170915,2.46721601784201,2.97612459090358,1.95344222770658,3.30960575568233,2.39684331817979,2.70784936628546,2.89902263092474,2.04803057383149,3.77131826716369,2.4912225682124,2.45098231453708,2.50647442172271,0.944822650037812,1.15601052560154,3.05181275664161,3.09769017848078,3.12061866102956,2.81912621449606,3.2316532246256,2.92225492633805,2.49094824125746,3.16412768899478,2.25812076962885,3.28029302608884,2.12141337024706
3.16703005262327,1.57355085317582,2.63204086878907,1.84637333183883,0.752809808978475,2.46721601784201,2.97612459090358,1.53406942224063,3.30960575568233,2.39684331817979,2.70784936628546,2.59254044350783,2.04803057383149,1.57371305639412,2.26379933678503,2.45098231453708,2.35676964400099,0.927443471286835,0.116851389153529,2.83005343458771,2.5458555899452,1.23036423916154,2.42058361990339,2.85878582355853,1.48636229773275,1.54403319075645,3.16412768899478,2.25812076962885,3.21583182808635,0.469731359377479
2.75887330481115,1.57355085317582,1.43904001900281,1.84637333183883,0.752711483657635,2.46721601784201,2.85658118015087,1.27967984845831,2.85706998051046,2.39684331817979,2.68503117430569,2.59254044350783,2.04803057383149,0.595595026050444,2.26379933678503,1.65832645016039,0.408129892675282,0.927443471286835,0.0395187637225769,2.83005343458771,1.32325937397121,1.23036423916154,2.42058361990339,2.85878582355853,1.48581193596219,1.54403319075645,3.16412768899478,2.25812076962885,1.84738515569893,0.469731359377479
2.75887330481115,1.57355085317582,1.43903999855286,1.84637333183883,0.752711483657635,2.46721601784201,2.85658118015087,0.730065263189623,2.85706998051046,2.39684331817979,1.6571215398972,2.59254044350783,2.04803057383149,0.595595026050444,2.26379933678503,1.65832557470676,0.406494199259644,0.927443471286835,0.0395187637225769,2.83005343458771,1.32313055659171,0.385212809345021,2.42058361990339,2.61874205126586,1.48581193596219,1.54403319075645,1.75474530747906,0.649677890547364,0.827581053805286,0.469731359377479
2.75887330481115,1.57355085317582,1.43903999855286,1.84637333183883,0.752711483657635,0.496312023405617,2.00360193548668,0.730065263189623,1.62515514262797,2.39684331817979,1.6571215398972,0.658589097552064,2.04803057383149,0.595595026050444,2.26379933678503,0.979728617434685,0.406494199259644,0.927443471286835,0.0395187637225769,2.38575384600106,1.32313055659171,0.385212809345021,2.42058361990339,2.61874205126586,1.48581193596219,1.54403319075645,1.75474530747906,0.649677890547364,0.827579743289079,0.469731359377479
2.75887330481115,1.57355085317582,1.43903999855286,1.84637333183883,0.752711483657635,0.496312023405617,2.00360193548668,0.730065263189623,0.85557004166422,2.04964813585238,1.6571215398972,0.658589097552064,2.04803057383149,0.595595026050444,2.26379933678503,0.979728617434685,0.406494199259644,0.927443471286835,0.0395187637225769,2.38575384600106,1.32313055659171,0.385212809345021,2.42058361990339,2.37812861468462,1.48581193596219,1.54403319075645,0.936668116690377,0.649677890547364,0.827579743289079,0.469731359377479
1.95886159737982,1.57355085317582,1.43903999855286,1.84637333183883,0.752711483657635,0.496312023405617,1.26690545079856,0.730065263189623,0.85557004166422,2.04964813585238,1.43687552914099,0.658589097552064,2.04803057383149,0.595595026050444,2.26379933678503,0.979728617434685,0.406494199259644,0.927443471286835,0.0395187637225769,2.38575384600106,1.32313055659171,0.385212809345021,2.42058361990339,2.2387563561797,1.48581193596219,1.54403319075645,0.936668116690377,0.649677890547364,0.827579743289079,0.469731359377479
1.95886159737982,1.57355085317582,1.04658560991948,1.1522482441548,0.752711483657635,0.496312023405617,0.806869068844268,0.574831220197176,0.85557004166422,2.04964813585238,1.43687552914099,0.658589097552064,2.04803057383149,0.595595026050444,1.91506825754514,0.979728617434685,0.406494199259644,0.927443471286835,0.0395187637225769,0.350485150536939,1.32313055659171,0.385212809345021,2.42058361990339,0.762396585095547,1.48581193596219,1.54403319075645,0.837468739308897,0.649677890547364,0.827579743289079,0.469731359377479
1.81308447496967,1.57355085317582,1.04658560991948,1.1522482441548,0.752711483657635,0.496312023405617,0.806753263083956,0.392018707754242,0.406090455523579,2.04964813585238,1.11374263229965,0.658589097552064,1.79459444870736,0.595595026050444,1.91506825754514,0.905812561032298,0.406494199259644,0.927443471286835,0.0395187637225769,0.350485150536939,0.5996148157904,0.385212809345021,0.411768345268586,0.762396585089783,1.48581193596219,1.54403319075645,0.837468739308334,0.649677890547364,0.827579743289079,0.469731359377479
0.992832213938362,1.57355085317582,0.358379884040075,0.68407934209737,0.752711483657635,0.496312023405617,0.806753263083956,0.392018707754242,0.40609045551805,0.532634854172516,1.11374263229965,0.658589097552064,1.79459444870736,0.536205910535244,1.91506825754514,0.905812561032298,0.406494199259644,0.927443471286835,0.0395187637225769,0.350485150536939,0.5996148157904,0.343546851212242,0.411768345260296,0.762396585089783,1.48581193596219,1.54403319075645,0.837468739308334,0.649677890547364,0.827579743289079,0.469731359377479
