45826907.2537652,3206131.73583902,1450728.30307338,8225794.91821374,2765776.36999199,1690498.27304254,29912412.0490872,34113650.6302398,556371.859638903,23396557.6138176,925186.365385539,11186238.9763738,59281606.9536145,14582238.9802963,14282971.6451997,12504141.9728451,28884814.3508116,101847925.415356,3555264.5802355,3094750.1693721,480898.866542843,3023932.70522487,7566940.25959286,2114027.31840031,129109955.30339,2612660.96568296,4985470.90607748,48757873.1073079,4227768.59991618,2036711.70484241
1599974.58301344,2471495.56839788,1190132.09646048,704738.014657672,405113.465675405,1690498.27304254,1040664.8767238,6537138.27885536,556371.859638903,8704991.56106458,159222.311631222,907593.469820002,377255.006063648,9781785.81630225,4368169.52052288,2792361.28414143,9819926.61777824,564038.422827155,2242962.20786485,1152758.91906437,292827.360855214,1206752.65242272,2697325.18195774,158492.233046823,2031982.21392375,530644.442244252,1602276.59116441,4360557.8481918,477050.228570356,1064862.74434198
1599974.58301344,704291.937016609,1190132.09646048,129336.73057881,405113.465675405,1690498.27304254,420901.776106354,160721.727595471,556371.859638903,176290.766798887,90444.496786346,407542.501628758,377255.006063648,558809.313191194,182956.25327813,2436263.00335659,5499916.93439076,564038.422827155,217715.62928313,371555.795962908,173255.182493858,1206752.65242272,2146611.49712693,158492.233046823,707773.077264843,95125.6593395744,659861.898552243,2796498.54935485,383804.653572275,294469.491937224
2853.99915332728,28364.5551049977,103654.561819218,129336.73057881,247040.469812649,9747.31521609508,65345.4281120818,22158.0798450548,297921.640430381,37900.1605458538,56382.2328584701,258415.533171504,8966.28694342275,76878.7164831132,49139.2619225812,57490.5850817779,209203.127367144,40569.6418569296,217715.62928313,369450.041797058,173255.182493858,84558.4136725834,201506.68227377,158492.233046823,149627.898990958,84071.6045887943,21450.2811012019,560008.58663962,123303.354145432,60997.4720352567
1495.03535080653,1535.67433074127,99481.4881909649,7942.55317866903,13291.6379444051,5238.83910145128,2947.74327738482,2345.99937923714,2704.80536033676,6541.59431151247,4750.91719349856,6812.17534112173,7894.01238128208,5544.7580786507,6926.46312480084,5191.55523487223,12702.2654809424,2802.813848245,47963.8106141267,3751.64350561319,16325.0391747627,5449.79787389946,2378.34191822022,65776.2400031849,1803.87788657707,2541.64220589504,3691.35041524572,5842.58629436661,1080.5737772727,5956.18122703467
535.32213534416,103.536209007144,400.820134524964,281.900589582699,126.955436746776,581.893699340658,597.650809289782,683.12013868656,677.253781347144,116.588893472747,564.503906283237,610.837747197418,37.5172443017063,433.451955498492,672.848264953254,474.387006774914,882.406477544312,420.97286850851,101.389784832252,474.293189005697,693.927516483017,830.306902043705,820.413564623237,589.041270962989,670.974229167247,48.079002429748,438.251185699881,1257.92571231998,1080.5737772727,985.27483002061
447.203941365061,44.4088202139906,238.304665738083,230.477771875004,120.637252106651,519.23282084677,564.716326696349,649.848629092622,589.447479559361,17.1361943421978,494.040257921915,592.535954624765,10.4893134811173,390.759928363043,449.363426708131,378.762750787045,656.069680214181,396.325567818296,28.5746616453564,445.215924153893,638.120685972959,790.594190259746,784.368161928553,573.588176962937,634.430522373785,2.41212257123038,392.30047956763,665.828272126858,1051.45837475817,879.824968550839
447.152334358275,44.2349438639451,230.220807934983,230.282244808386,120.636395720383,519.154695586227,564.595709897336,649.299661647942,585.422007149783,17.1224066269617,494.0133455227,592.533355807062,10.3658464569396,385.858524147648,449.350410717884,378.760351389173,655.398839367702,396.311172102117,28.2953617086478,445.162436501009,634.613366581239,790.492708959307,784.314882492081,573.550311157081,634.375316139605,2.40620409266717,389.725163583478,665.704320884087,1050.33437732138,871.136732926684
447.152334358275,44.2349438639451,230.220807934983,230.282244808386,120.636395720383,519.154695586227,564.595709897336,649.299661647942,585.422007149783,17.1224066269617,85.8564026896634,592.533355807062,10.3658464569396,259.349984806671,449.350410717884,378.760351389173,655.398839367702,396.311172102117,28.2953617086478,445.162436501009,634.613366581239,731.458681861596,784.314882492081,573.550311157081,614.45618719285,2.40620409266717,389.725163583478,525.491710696673,1018.29460970155,871.136729699689
447.152334339357,44.2349438501592,230.220807934983,230.282244808386,120.636395715747,519.154695579897,564.595709897336,644.324891595526,585.422007149783,17.1224066122231,84.7962713152926,592.533355807062,10.3658462685862,239.467638134262,449.350410607268,378.760351389173,655.398839367702,396.311172076259,28.2953617086478,445.16243642565,634.613366581239,730.803028622578,784.314882483329,573.550311137727,614.237657554846,2.40620408786594,389.725163439948,524.129480792387,1010.7823555931,871.136729699689
447.152334339357,44.2349438501592,230.220807934983,230.282244808386,120.636395715747,519.154695579897,564.595709897336,624.187326171992,585.422007145574,17.1224066122231,84.7962713152926,592.533355807062,10.3658462685862,239.467638129641,449.350410607268,378.760351389173,655.398839367702,396.311172076259,28.2953617086478,445.16243642565,634.613366581239,730.803028622578,784.314882467,573.550311137727,614.237657554846,2.40620408786594,389.725163439948,524.129480792387,1010.7823555931,871.136729699689
447.152334339357,44.2349438452429,230.2208079336,230.282244808155,120.636395715747,519.154695579897,564.595709897336,525.394030128987,585.422007145574,17.1224066122231,84.7962713152926,592.533355807062,10.3658462680878,239.467638129641,449.350410602298,378.760351389173,655.398839367702,396.311172076259,28.2953616986176,445.162436421701,634.613366573484,730.803028613984,784.314882462164,573.550311137727,614.237657543861,2.40620408403834,389.725163439948,524.129480792387,1010.7823555931,871.136729692761
447.152334339357,44.2349438424724,230.2208079336,230.282244808155,120.636395713779,519.154695579897,564.595709896816,525.394019707127,585.422007144844,17.1224066076891,84.7962713150671,592.533355804992,10.3658462680878,239.467638129641,449.350410601376,28.2953616918808,655.398839362811,396.311172076259,28.2953616933689,445.162436421701,634.613366573484,730.803028613984,413.981364591431,573.550311137727,614.237657541254,2.40620408403834,389.725163432254,524.129480790481,1010.78235559095,871.136729692761
447.152334339357,44.2349438424724,230.2208079336,230.282244808155,120.636395713779,519.154695579897,564.595709896816,525.394019707127,585.422007144844,17.1224066076891,84.7962713140917,592.533355804992,10.3658462680878,239.467638129641,449.350410598041,28.2953616918808,655.398839362811,396.311172076259,28.2953616924206,445.162436421701,634.613366573148,730.803028610424,295.108340846657,573.550311137727,588.939494113088,2.40620408350037,338.73114240688,524.129480790481,1010.78235559095,871.136729692761
