6286.36813275075,5708.42672381952,6038.99624422056,5416.26696713319,5467.12083392647,5849.65543939402,6444.40663029804,5571.46649119261,5025.83589450789,5838.10805186217,5232.4239771924,5283.72716653387,5623.3918307631,5344.50083165592,5635.02404136643,5729.39310911396,5194.18350063178,5226.9178139254,5842.5208166737,5796.19085391034,5071.05930582759,4879.35495022029,5236.92233945171,5244.17285068172,6084.02398301434,5636.48549303472,5236.00831610614,6290.67260921187,5759.1295039317,6366.41027498127
6227.28379791174,3948.02201347062,4946.66871421691,5416.26696713319,4515.14147960607,5216.38880807802,5942.58846524156,5101.02240145181,3231.82128281307,4936.75818303417,3991.87852897513,4494.06548822387,5086.32990062045,4611.58059366173,5156.3210660068,5729.39310911396,5121.7316237052,2875.23907359821,5156.87568209334,4896.05931835204,3404.11999915133,4879.35495022029,4296.00460868908,3285.5046037028,4061.22529668404,4090.95141442811,5226.9892157814,6008.3535267003,5528.94063645577,5281.97055644521
6227.28379791174,1730.32931835844,2765.70150920343,5384.50073071926,2110.55054027788,3430.98925811703,2968.43749451413,4041.6419683168,2795.01616521018,4056.69147531165,1800.05448876753,4494.06548822387,3722.18842190137,1962.25401725143,5156.3210660068,3266.13178460037,5121.7316237052,1758.14638714726,2505.51104470376,2267.0231104778,3089.53372982225,3219.9817419657,4077.51014550016,1971.70270045497,3960.67736973175,2100.85437540485,4085.68017116606,3427.79190311827,3163.88766747685,3731.54919577413
2653.50972527671,999.648606551094,1295.73984408086,1597.6629992011,848.287735757165,985.427019580084,1665.83849252803,1443.2655631413,1154.09461156683,3599.39394721711,812.782255806548,3704.71733036206,3275.48514833768,1252.4853894314,4690.20979553147,1220.82474402082,4457.03712124009,1317.06553321956,1289.37485334124,1123.92034093741,3060.99915388653,1186.12313709765,4033.13432944413,1003.98410858875,1461.9465483617,913.667013381403,3191.34648710767,1241.44275066345,851.206431554753,1557.37416378317
365.32569131301,940.200569776186,98.1366157615626,605.177526196728,277.911444619213,82.4384094371671,436.074017762243,86.7654193884673,737.635985375452,3592.95495033103,36.6261897897612,2889.21466790866,3265.14824725376,40.4520117414354,1213.52012055557,64.446844466152,160.29638479066,64.0873548031404,752.350688777127,931.784561611983,3059.57792216029,596.302643368341,4029.22132574762,95.6901978497372,164.023816245335,37.4641621315063,3178.57563975023,624.559076017757,85.4054013926511,255.281767519226
39.4922748403519,0.00182963619090515,70.2333657153158,59.6717562303215,277.867608474211,81.6209806139086,84.0723791292862,80.6299621680832,64.3546437392761,3592.95482613025,36.4690220643388,2888.63257323051,3264.82248950995,28.7935134432519,47.1993744454226,64.2478198538051,30.0951437552399,50.6356442099691,20.2831445295124,58.9902534253288,3059.44213434453,0.000451883624918992,4028.67126105502,83.0323191898378,96.8830119730987,20.2831439358574,3178.57541097097,54.5422576817964,85.2378671399429,253.895162261709
39.4922746356197,8.64019966684282e-12,70.2333657032973,59.6717502742486,277.867608474194,81.6209806086395,84.0723778023271,80.6299621620051,64.3546372416695,3592.95482613025,36.4690220642442,2888.63257322841,3264.81818429468,28.7935134410427,45.4647624483005,64.2478198536569,30.095143455937,50.6356441948137,20.2831439319048,58.990251662482,3059.43611054555,1.81898940354586e-12,4028.65787243004,83.0323191586331,96.8830119414056,20.2831439319066,3178.57541097097,54.542253942318,85.2378671398278,253.89516226021
39.4922746356183,8.64019966684282e-12,70.2333657032973,59.6717502742454,277.867608474194,81.6209806086395,84.0723778023266,80.6299621620024,64.3546372416663,3171.56681883446,36.4690220642437,2888.63257322841,3264.81813069973,28.7935134410409,45.4647624482786,64.2478198536555,30.0951434559365,50.6356441948137,20.2831439319043,58.9902516624775,3010.56405758598,1.81898940354586e-12,3957.64978693783,83.0323191586331,96.8830119414056,20.2831439319043,3178.57541097096,54.5422539423166,85.2378671398278,253.895162260207
39.4922746356183,3.63797880709171e-12,70.2333657032973,59.6717502742454,277.867608474194,81.6209806086395,84.0723778023266,80.6299621620024,64.3546372416649,3171.56634197594,36.4690220642437,2888.63257322841,3264.81813069973,28.7935134410409,45.4647624482786,64.2478198536555,30.0951434559365,50.6356441948137,20.2831439319043,58.9902516624775,3010.1955480325,1.81898940354586e-12,3955.3197541836,83.0323191586331,96.8830119414056,20.2831439319043,3178.57541097096,54.5422539423166,85.2378671398278,253.895162260207
39.4922746356183,3.63797880709171e-12,70.2333657032964,59.6717502742454,277.867608474194,81.6209806086395,84.0723778023266,80.6299621620024,64.3546372416649,3171.56634197594,36.4690220642437,2888.63257322841,3264.81813002088,28.7935134410409,45.4647624482786,64.2478198536555,30.0951434559361,50.6356441948133,20.2831439319043,58.9902516624775,3010.1953791138,1.81898940354586e-12,3955.31605233635,83.0323191586326,96.8830119414038,20.2831439319043,3178.57541097096,54.5422539423166,85.2378671398278,253.895162260207
39.4922746356183,3.63797880709171e-12,70.2333657032959,59.6717502742454,277.867608474193,81.620980608639,84.0723778023266,80.6299621620024,64.3546372416649,3171.56634197594,36.4690220642437,2888.63257322841,3264.81812060974,28.7935134410409,45.4647624482786,64.2478198536555,30.0951434559361,50.6356441948128,20.2831439319034,58.9902516624775,3010.19536169184,1.81898940354586e-12,3955.31602871716,83.0323191586326,96.8830119414038,20.2831439319043,3178.57541097096,54.5422539423166,85.2378671398274,253.895162260207
39.4922746356178,1.81898940354586e-12,70.2333657032959,59.6717502742445,277.867608474193,81.620980608639,84.0723778023262,80.6299621620014,64.3546372416649,3171.56634197594,36.4690220642433,2888.6325732284,3264.81811524172,28.79351344104,45.4647624482777,64.2478198536546,30.0951434559361,50.6356441948128,20.2831439319034,58.990251662477,3010.19535926778,1.81898940354586e-12,3935.34963352572,83.0323191586326,96.8830119414038,20.2831439319034,3178.57541097096,54.5422539423162,85.2378671398274,253.895162260206
39.4922746356178,1.81898940354586e-12,70.2333657032959,59.6717502742445,277.867608474192,81.620980608639,84.0723778023262,80.6299621620014,64.3546372416649,3171.56634197594,36.4690220642433,2888.6325732284,3264.81811481152,28.79351344104,45.4647624482777,64.2478198536546,30.0951434559361,50.6356441948128,20.2831439319034,58.990251662477,3010.19535915241,1.81898940354586e-12,3935.34963352572,83.0323191586322,96.8830119414033,20.2831439319034,3178.57541097096,54.5422539423162,85.2378671398274,253.895162260206
39.4922746356174,1.36424205265939e-12,70.2333657032959,59.6717502742445,277.867608474192,81.620980608639,84.0723778023257,80.629962162001,64.3546372416649,3171.56634197594,36.4690220642433,2888.6325732284,3264.81811437493,28.79351344104,45.4647624482773,64.2478198536546,30.0951434559356,50.6356441948124,20.2831439319034,58.9902516624766,3008.94140095182,1.81898940354586e-12,3935.34963352572,83.0323191586322,96.8830119414033,20.2831439319034,3178.57541097096,54.5422539423162,85.2378671398274,253.895162260206
