2324.10373579141,2196.17089089472,2406.81705947179,2336.8042378006,2784.13036951884,2970.87121722166,2862.24215290313,2177.62658226975,3011.26702426625,2150.45334542969,2958.30276374352,2220.38013110782,2916.22841070853,2372.66152447986,2875.95906026729,2735.87071304792,2857.59349164169,2367.31128379483,3484.40019705026,2734.624427029,2307.6590046264,3206.82742698389,2943.32451870812,2402.51576545628,2931.59752452529,2435.86156530024,2830.48171474144,2332.02666513565,2730.73334063385,2783.94869877799
2324.10373579141,2196.17089089472,2406.81705947179,2336.8042378006,2784.13036951884,2201.46881643118,2727.73767109609,2177.62658226975,2621.1982123965,2150.45334542969,2958.30276374352,2220.38013110782,2442.52196372939,2372.66152447986,2149.43491685229,2655.69565581573,2857.59349164169,2367.31128379483,3457.14890384336,2734.624427029,2307.6590046264,3206.82742698389,2457.37664389399,2402.51576545628,2931.59752452529,1852.95693745548,2390.05424061288,2314.38505712045,2176.04103861471,2476.05844311601
2022.8982646835,2173.93680771534,2177.96409726104,2336.8042378006,2639.38520662215,2201.46881643118,2727.73767109609,2177.62658226975,2285.2619359622,2150.45334542969,2682.31809144802,2220.38013110782,2442.52196372939,2372.66152447986,2149.43491685229,2218.92251241894,2857.59349164169,2367.31128379483,3033.31573103288,2594.28785120327,2288.96586688721,3206.82742698389,2457.37664389399,2402.51576545628,2823.89815352774,1852.95693745548,2208.13086406064,2314.38505712045,2176.04103861471,2212.56780980741
2022.8982646835,2037.10715082084,2177.96409726104,2336.8042378006,2369.06188066376,2201.46881643118,2727.73767109609,2177.62658226975,2285.2619359622,2150.45334542969,2682.31809144802,2220.38013110782,2442.52196372939,2372.66152447986,2149.43491685229,2218.92251241894,2546.27461627528,2367.31128379483,2865.22740195557,2280.5905570626,2027.71049060995,3206.82742698389,2447.83617830087,2402.51576545628,2750.7505246933,1852.95693745548,2208.13086406064,2314.38505712045,2176.04103861471,2212.56780980741
2022.8982646835,1813.05192496607,2149.74830777855,2336.8042378006,2369.06188066376,2201.46881643118,2543.57586460988,2108.51076194315,1842.29387323706,2150.45334542969,2546.1619112781,2220.38013110782,2033.64133022841,2372.66152447986,2149.43491685229,2218.92251241894,2546.27461627528,2309.07769300254,2286.60996875106,2280.5905570626,2027.71049060995,3050.46598665184,2447.83617830087,2379.96907194928,2229.02044823471,1852.95693745548,2208.13086406064,2314.38505712045,2176.04103861471,2212.56780980741
2022.8982646835,1813.05192496607,2149.74830777855,2336.8042378006,2369.06188066376,2201.46881643118,2388.8174417544,2108.51076194315,1842.29387323706,2150.45334542969,2459.04511875117,2220.38013110782,2021.97285381802,2372.66152447986,2149.43491685229,2218.92251241894,2546.27461627528,2309.07769300254,2286.60996875106,2243.7836699825,2027.71049060995,2316.87233091365,2447.83617830087,2367.11465185365,2153.46817713186,1852.95693745548,2193.32971243505,2314.38505712045,2176.04103861471,1832.52925139734
2022.8982646835,1789.10333513729,2125.88048357675,2278.01912943496,2204.66787966479,2201.46881643118,1749.5163378377,2108.51076194315,1842.29387323706,1958.6019479552,2459.04511875117,2220.38013110782,2021.97285381802,2241.60847501315,2149.43491685229,2034.64760528288,2546.27461627528,2044.03623706824,2286.60996875106,2243.7836699825,2027.71049060995,1847.86767445137,2369.28885634472,2367.11465185365,2153.46817713186,1852.95693745548,2193.32971243505,2037.98355562869,2176.04103861471,1832.52925139734
2022.8982646835,1789.10333513729,2125.88048357675,2176.75247659643,2204.66787966479,2201.46881643118,1749.5163378377,2108.51076194315,1842.29387323706,1837.6467640317,2309.75763507343,2220.38013110782,2021.97285381802,2241.60847501315,2149.43491685229,2034.64760528288,2546.27461627528,1831.5692505192,2086.11409560675,2243.7836699825,2027.71049060995,1561.43380312368,2354.70412236105,1958.8872472023,2153.46817713186,1852.95693745548,2193.32971243505,2037.98355562869,2176.04103861471,1832.52925139734
2022.8982646835,1789.10333513729,2125.88048357675,2176.75247659643,2204.66787966479,2201.46881643118,1749.5163378377,2108.51076194315,1842.29387323706,1463.19450956316,2309.75763507343,2220.38013110782,2021.97285381802,2241.60847501315,2149.43491685229,2034.64760528288,2012.91199522481,1516.14239557363,2086.11409560675,2243.7836699825,2027.71049060995,1243.52389825057,2354.70412236105,1958.8872472023,2153.46817713186,1852.95693745548,2193.32971243505,2037.98355562869,2176.04103861471,1832.52925139734
2022.8982646835,1789.10333513729,2075.55142624815,2154.82536057986,2204.66787966479,2032.92835980748,1749.5163378377,2108.51076194315,1842.29387323706,1199.50393226161,2056.20490606475,2171.65657123265,2021.97285381802,2241.60847501315,2149.43491685229,2034.64760528288,2012.91199522481,1467.7772450029,1841.65516714629,2139.72366487873,2027.71049060995,1170.15503305904,1740.38853818322,1958.8872472023,2016.78368298199,1852.95693745548,2124.19725647525,2037.98355562869,2086.72589585949,1832.52925139734
2022.8982646835,1789.10333513729,2075.55142624815,2154.82536057986,2204.66787966479,1880.06503134572,1749.5163378377,2108.51076194315,1715.04480545775,1188.67713153571,2056.20490606475,1668.26935272501,2021.97285381802,1746.20209530186,2134.50040853443,1911.22865505923,1967.18052918904,1465.73746212388,1841.65516714629,1952.2321776966,2027.71049060995,1168.16328558374,1740.38853818322,1958.8872472023,1672.92715439983,1852.95693745548,1922.68146490675,2037.98355562869,2045.86922207386,1832.52925139734
1812.71287902516,1789.10333513729,1674.52784550981,1823.94793503931,1883.07335038257,1880.06503134572,1614.10233758454,2108.51076194315,1715.04480545775,1188.6320930478,1477.56023114496,1645.49373684893,1876.85081208668,1746.20209530186,1961.51100902742,1845.91837091011,1518.3010709522,1465.60810462981,1841.65516714629,1855.81143218399,1851.7659403957,1168.16018085697,1740.38853818322,1958.8872472023,1672.92715439983,1690.9077333926,1922.68146490675,2032.71955996534,1969.40136852085,1542.44186781611
1800.85750978183,1789.10333513729,1674.52784550981,1823.94793503931,1883.07335038257,1480.2651737772,1614.10233758454,2108.51076194315,1715.04480545775,1188.63208854215,1477.56023114496,1645.49373684893,1876.85081208668,1746.20209530186,1672.03607974481,1845.91837091011,1518.3010709522,1465.59869059137,1683.45855157147,1608.08733993752,1449.0613855455,1168.1601807282,1608.71090562501,1840.2947972575,1672.92715439983,1690.9077333926,1922.68146490675,1957.41321364101,1724.24954435082,1542.44186781611
1705.0465880586,1599.60185127448,1674.52784550981,1774.52021233006,1883.07335038257,1480.2651737772,1614.10233758454,1914.46918569481,1715.04480545775,1188.63208854215,1477.56023114496,1645.49373684893,1876.85081208668,1746.20209530186,1652.31267320668,1564.1929877973,1518.3010709522,1288.02749385791,1336.88902502718,1608.08733993752,1449.0613855455,1168.1601807282,1323.64674032706,1801.10229815783,1499.99764895064,1690.9077333926,1793.41106467482,1036.76047676133,1541.6227267796,1542.44186781611
1650.76229661991,1599.60185127448,1440.64266026762,1613.18442976419,1825.40961835801,1480.2651737772,1614.10233758454,1914.46918569481,1491.35567347182,1188.63208854215,1477.56023114496,1645.49373684893,1567.54866090804,1541.10368872526,1495.76627805187,1564.1929877973,1518.3010709522,1287.93012045885,1336.88902502718,1608.08733993752,1449.0613855455,1168.1601807282,1323.64674032706,1735.37283654975,1433.72838576173,1411.76475414988,1726.00923448162,1036.76047676133,1541.6227267796,1542.44186781611
1127.50522139566,841.879081454557,1321.16694927839,1457.34695415997,1468.57109610581,1247.11661262162,1564.92940234479,1320.97931805722,1424.84931796875,1188.63208854215,1010.67374397187,1439.69366499177,1558.9098899872,811.59503742689,1446.60963232604,1296.19535638369,1476.42372023187,1287.93011796983,1249.54027774503,1457.78728534916,1421.45597485702,1168.1601807282,1323.64674032706,1349.5049302751,1367.59409693059,966.521023043313,994.64167024746,1036.76047676133,1541.6227267796,1292.50357393897
