159.67070506542,164.730367425089,147.847078677606,142.007288914137,148.200692950429,151.698136888484,161.645226091094,168.097883076721,162.62773022017,166.874208780921,153.2375559531,157.729176372063,165.329001251438,148.595234815946,153.656797794463,158.689006314179,141.970988675654,150.006901224899,145.01161349911,139.861885151391,181.252548687604,151.217830282534,176.738205055927,161.389872069906,154.990293067828,148.261734529015,165.623298990022,159.712523560056,134.779122131699,173.737196458515
159.67070506542,160.022955384013,147.847078677606,142.007288914137,148.200692950429,146.06479716232,147.498251347066,139.92703539253,140.937478104797,161.275297822999,149.254536203259,157.729176372063,159.353404150222,148.595234815946,153.656797794463,151.451968323173,141.970988675654,135.021355288851,143.605518224185,139.861885151391,142.672195114646,151.217830282534,155.423118378024,153.176594710636,154.990293067828,141.540056004353,158.83129168697,153.401170255644,134.779122131699,154.860619615138
159.67070506542,146.020305291048,147.847078677606,142.007288914137,148.200692950429,146.06479716232,147.498251347066,139.92703539253,140.937478104797,157.389719569057,149.254536203259,144.903481401679,148.386604515933,148.595234815946,141.740398841597,151.451968323173,135.806693820209,135.021355288851,143.605518224185,139.861885151391,142.672195114646,151.217830282534,135.97761453651,150.725332203812,152.293106196874,141.540056004353,145.746079988238,153.401170255644,134.779122131699,154.860619615138
134.236210957119,127.999689688781,141.240625861265,142.007288914137,148.200692950429,137.651104029944,147.498251347066,104.422877297911,140.85511562069,137.985067078319,149.254536203259,128.133444799446,147.914413665929,143.664862964792,140.755464367069,151.451968323173,135.806693820209,135.021355288851,143.605518224185,139.861885151391,142.672195114646,139.727803275592,135.97761453651,134.026075546121,136.851669970677,134.968813829648,145.746079988238,153.401170255644,131.293070048493,154.724989513279
134.236210957119,127.999689688781,141.240625861265,132.76876949713,139.739546633455,137.651104029944,147.498251347066,104.422877297911,130.626797586662,137.985067078319,147.16311931975,128.133444799446,139.818864813332,134.202039613622,140.755464367069,136.943353940066,126.601733147643,135.021355288851,136.437561589487,139.861885151391,142.672195114646,135.112890100368,135.97761453651,134.026075546121,136.851669970677,134.968813829648,138.134357177062,134.423775241611,131.126948114052,137.968818455779
130.777042015324,124.014857468842,141.240625861265,130.117370865549,125.088760337768,130.262324758568,132.453318593357,104.422877297911,120.105005296174,137.985067078319,143.051404401841,128.133444799446,139.818864813332,130.723288049104,132.341571931413,115.590900143077,126.601733147643,134.867060505376,136.437561589487,139.861885151391,139.370293224552,135.112890100368,135.97761453651,130.634386816975,136.851669970677,126.182327077609,138.134357177062,122.261210332655,123.101522778257,137.968818455779
130.777042015324,123.775374377476,133.633409515203,122.52036316602,125.088760337768,130.262324758568,132.453318593357,104.422877297911,120.105005296174,137.985067078319,131.491732412104,128.133444799446,132.769000305694,130.723288049104,124.278720650521,115.590900143077,124.536577935473,122.900333292391,136.437561589487,135.654728112709,129.853241933241,135.112890100368,135.97761453651,126.84798076081,134.181507682498,126.182327077609,138.134357177062,122.261210332655,123.101522778257,126.359843523936
130.777042015324,123.775374377476,127.604827729445,122.52036316602,125.088760337768,109.44901948411,132.453318593357,104.422877297911,120.105005296174,131.807911622375,131.491732412104,128.133444799446,127.653195080817,130.723288049104,124.278720650521,115.590900143077,124.536577935473,122.900333292391,135.355695214477,131.38428887846,129.853241933241,130.918433212028,135.97761453651,121.385767033201,134.181507682498,126.182327077609,27.3844384799624,25.485107002796,123.101522778257,126.359843523936
124.376885420989,123.775374377476,127.604827729445,122.52036316602,125.088760337768,109.44901948411,132.453318593357,104.422877297911,120.105005296174,131.807911622375,131.491732412104,128.133444799446,127.653195080817,117.92474853608,124.278720650521,115.590900143077,124.536577935473,122.900333292391,125.299866730382,131.38428887846,129.853241933241,123.617953622089,135.97761453651,121.385767033201,114.530713553618,126.182327077609,27.3844384799624,25.485107002796,121.03878823131,126.359843523936
121.330624034691,123.775374377476,114.051216644262,122.52036316602,124.416828243315,109.44901948411,24.8713681601513,104.422877297911,120.105005296174,120.78631541868,131.491732412104,124.489525917929,127.653195080817,117.92474853608,123.104217176995,115.590900143077,124.536577935473,115.117123178433,125.299866730382,131.38428887846,129.853241933241,114.68010213139,134.184960047615,99.9838655225206,114.530713553618,126.182327077609,27.3844384799624,25.485107002796,121.03878823131,126.359843523936
121.330624034691,112.753698211666,114.051216644262,122.52036316602,124.416828243315,109.44901948411,24.8713681601513,104.422877297911,120.105005296174,120.78631541868,131.491732412104,124.489525917929,117.702997684187,111.802125024055,123.104217176995,115.590900143077,122.229222233025,115.117123178433,116.811335611071,131.38428887846,129.853241933241,114.68010213139,129.0705136306,99.9838655225206,102.007282675767,126.182327077609,27.3844384799624,25.485107002796,121.03878823131,98.2500131849077
121.330624034691,112.753698211666,114.051216644262,122.52036316602,122.465381587098,109.44901948411,24.8713681601513,104.422877297911,120.105005296174,120.78631541868,121.804420873969,124.489525917929,117.702997684187,111.802125024055,123.104217176995,115.590900143077,122.229222233025,115.117123178433,116.811335611071,131.38428887846,25.642820557237,114.68010213139,129.0705136306,99.9838655225206,102.007282675767,126.182327077609,27.3844384799624,25.485107002796,121.03878823131,98.2500131849077
100.732239999954,112.753698211666,23.1341545986134,122.52036316602,114.381684164386,109.44901948411,22.4503384060249,104.422877297911,113.79108125379,102.784878193399,121.804420873969,119.315842966808,113.028642173468,111.802125024055,23.6537593056467,22.2090010410163,122.229222233025,115.117123178433,116.811335611071,22.553807173562,21.6131439600844,114.68010213139,123.037154028396,99.9838655225206,102.007282675767,25.4683910640297,22.9000695397003,25.485107002796,101.213488016236,98.2500131849077
23.7056768728559,21.6111893857431,20.9457770709089,23.2192967232315,21.3296008687628,22.3282500940445,22.4503384060241,23.6362768699704,21.2792239934718,21.6851926929554,21.6155375022234,21.5148483253035,23.0817044579345,23.2881422558147,20.7154398397661,20.8002448701433,21.385495252376,24.2652700807962,23.0859992224525,21.7262395098297,21.5973220612742,21.1038487350952,21.8072708416437,20.6595033378112,21.2188988611565,23.9239813853109,22.9000695397002,21.491903407659,23.9028138285329,24.2201690903405
