1027.09911973605,3171.12422871963,2872.98952023512,2749.92326856645,882.391995741864,868.052285770681,618.758088087703,3446.23318020398,666.43206622333,1939.92940676866,5987.88660062289,391.176868055496,3729.89731590273,896.764587605642,183.447675928193,1753.32477329361,1444.0515098907,785.443759915251,6199.98759505946,1841.10621228317,799.592039871974,974.790299858415,1444.71756792582,1284.47640887241,1023.55612804841,2668.73197804594,3996.4926147781,3582.16452922903,3278.9481397902,4571.10701444883
1027.09911973605,3171.12422871963,2872.98952023512,2542.42016560068,882.391995741864,868.052285770681,618.758088087703,3446.23318020398,666.43206622333,1939.92940676866,5987.88660062289,391.176868055496,3729.89731590273,896.764587605642,183.447675928193,1753.32477329361,1444.0515098907,785.443759915251,6199.98759505946,972.441225997526,799.592039871974,974.790299858415,1444.71756792582,1284.47640887241,881.845141023122,2412.31868064568,3996.4926147781,3582.16452922903,3278.9481397902,1551.9868704062
1027.09911973605,1719.56437205697,1588.82118158004,2542.42016560068,882.391995741864,858.810273127368,618.758088087703,1301.42758213858,666.43206622333,1006.53805936937,2221.46382463637,391.176868055496,939.014004459914,482.076727139684,183.447675928193,1753.32477329361,1444.0515098907,762.250208004144,957.670401201274,972.441225997526,612.799119654834,974.790299858415,1180.23093881639,1284.47640887241,881.845141023122,1043.72494625049,1694.32000544576,926.333369987012,1106.62622575018,1551.9868704062
286.530041675624,575.488499259105,612.129098816411,1626.55951675662,593.287529566021,485.281788184678,618.758088087703,471.435088260744,602.18951800463,588.689937188403,708.478306610199,391.176868055496,912.416614521318,444.190273228299,183.447675928193,1045.84876480274,983.292503272954,647.167063089795,712.294915442631,972.441225997526,349.5016845482,400.909383807089,677.682392430233,863.987643078538,536.077343462147,289.968967865655,1482.69810415833,926.333369987012,818.425009210074,736.097384702331
286.530041675624,575.488499259105,612.129098816411,829.044740716509,349.147301922028,485.281788184678,598.240134669085,471.435088260744,365.567356724924,588.689937188403,708.478306610199,391.176868055496,912.416614521318,444.190273228299,183.447675928193,1020.60661586179,983.292503272954,645.329444868971,712.294915442631,817.492472250508,349.5016845482,400.909383807089,677.682392430233,774.530920022788,493.413542207955,289.968967865655,482.432099156941,926.333369987012,527.383104221176,736.097384702331
286.530041675624,547.116337762162,397.047743574643,723.861865999817,349.147301922028,295.661537213509,207.476415500567,345.297076733481,365.567356724924,543.467620304865,550.570637971852,256.098096509937,560.363757124398,444.190273228299,183.447675928193,517.039091110949,953.702395505887,213.046348460585,480.157855884408,656.475040955548,189.648709401686,382.51421086105,462.028678467497,774.530920022788,339.915292325879,289.968967865655,482.432099156941,522.543122367925,527.383104221176,312.813750808398
286.530041675624,547.116337762162,267.873404648315,338.450738650033,349.147301922028,295.661537213509,207.476415500567,345.297076733481,121.20673601227,522.572999621883,393.846407083734,256.098096509937,360.047601118238,419.702486893792,100.703901438786,517.039091110949,421.216343307545,213.046348460585,130.380073459805,454.982841619159,114.072706916383,153.501050152307,99.6246608438755,306.638611431688,335.241337099496,289.968967865655,390.177392128885,381.059880311504,351.03868768081,312.813750808398
54.108621281957,61.1313444506447,267.873404648315,338.450738650033,349.147301922028,295.661537213509,166.856269229706,345.297076733481,41.2204191467564,372.90392972264,314.666205718007,93.6758875338911,278.794295269035,69.4106566881638,100.703901438786,372.457253296319,218.510692032681,86.5723950250798,113.704545565808,454.982841619159,114.072706916383,84.837907215304,99.6246608438755,90.6216661366679,334.378943229352,126.886801640306,260.037994509319,139.18714409312,180.748348230178,142.926485938532
54.108621281957,61.1313444506447,66.6262216775974,281.049739367961,48.2970184874969,295.661537213509,166.856269229706,330.010009959857,41.2204191467564,273.518047678841,257.721919744886,93.6758875338911,278.794295269035,69.4106566881638,100.703901438786,78.4455297512283,94.4346038950901,45.5983866436823,113.704545565808,109.848673819222,8.65558101559675,27.3665299097318,99.6246608438755,33.6354617182982,96.5518178485971,61.1126194111335,178.249823125153,85.4535515064427,93.449748418768,8.31802220280955
54.108621281957,48.6736816420483,52.1684827893395,246.398370185361,30.8718747839589,295.661537213509,54.1985095632355,330.010009959857,41.2204191467564,61.6550989109028,257.721919744886,93.6758875338911,192.417143214014,24.8153959125767,50.749393724616,19.1324407641959,74.817930919143,33.2969966292419,113.704545565808,109.848673819222,7.1450719552764,27.3665299097318,99.6246608438755,16.1245680538639,96.5518178485971,6.2163592765557,153.283666346978,85.4535515064427,40.9022596658095,6.69633699544357
54.108621281957,48.6736816420483,4.05698810988229,221.764574879601,3.81172659037516,295.661537213509,11.7097428686676,330.010009959857,41.2204191467564,45.7886053039806,247.707256092268,93.6758875338911,126.497659510401,15.380730503082,50.749393724616,19.1324407641959,40.3072709036497,6.31915519207407,86.1684957317588,64.5674378573069,2.73138496000994,20.6231141797363,99.6246608438755,5.94510013881257,65.3687878832856,1.92692368105059,96.3075388911504,85.4535515064427,6.52043890964876,5.57990633361541
38.6551779635042,12.6673806361838,1.78883269237752,220.211382605437,1.35574947959966,295.661537213509,4.28323309212041,330.010009959857,21.4579788607059,18.0951869609248,10.389602723816,93.6758875338911,10.0603969975386,4.72953884262444,50.749393724616,19.1324407641959,16.9610746318984,3.01706677068861,17.8457065007682,31.9508701601337,2.72799925059798,4.92933176708345,99.6246608438755,1.56284162133472,19.6726559848089,0.793949920674529,11.9152396170727,85.4535515064427,3.58033937492783,1.11669279662121
38.6551779635042,3.13602048441095,1.7281599178708,220.211040123511,1.33855928427445,3.13579186550309,2.29947917203514,134.2397366568,3.22923582101515,2.8181508210561,3.33504238378403,93.6758875338911,2.81093943997571,4.47256940597839,20.7472069478773,7.26685894757801,3.01660230769168,1.17685014343917,12.6503193336367,31.9508701601337,2.72799925059798,2.50275399297116,77.8907238469842,1.56170138057163,3.47667502114683,0.793949920674529,1.01121898238747,85.4535515064427,3.57591388100105,1.1166375105439
4.40074254230579,3.13602048441095,1.23442567489632,220.211040123511,1.33855928427445,2.60893565112224,2.29946497111523,8.03878262903626,3.22910214132364,2.80666482496966,3.33404725058901,1.3132729348013,2.71220918994148,4.4720608479099,3.45291479536539,2.82653454163685,2.79785207007482,1.17685014343917,3.39107855158501,31.9508701601337,2.72799925059798,2.50273444062363,1.57853339396606,0.507588894551996,3.40466349577872,0.793949920674529,0.956342529622825,29.4011695995417,1.68196231513971,1.1166375105439
1.5625174726573,1.30143500343177,1.23400416333485,219.321818145637,1.33855928427445,2.60893565112224,2.29946497111523,1.21386675749727,0.723106051146996,2.80666482496966,3.33404725058901,1.31321687842521,2.71220918994148,4.16830295946586,2.27085495037158,2.82653454163685,0.991370990155309,1.17685014343917,2.20128269103827,0.699773042356917,2.72799925059798,2.50273444062363,1.56310909785221,0.507588894551996,1.22646307844015,0.793949920674529,0.956342529622825,3.66056766107714,1.68196231513971,1.1166375105439
1.39284586498708,1.30143500343177,0.879962700123716,0.993581395595226,1.00522842814255,0.909833239381314,1.60667170846748,1.21386675749727,0.723106051146996,2.80666482496966,1.67952105453679,1.31321687842521,2.71220918994148,1.11583368321738,2.27084805149213,0.667313617126912,0.991370990155309,1.17685014343917,2.20128269103827,0.699773042356917,0.91344757926688,1.15697427040399,1.56310909785221,0.507588894551996,1.22646307844015,0.793949920674529,0.956342529622825,1.43117749909106,1.23474284396499,1.1166375105439
