356504517363.908,510794376418.319,397680321806.981,331658010718.157,224936350631.424,411407664985.475,315586462162.001,366121929161.415,361664321748.208,492120302537.866,381557961597.869,486339788329.242,501270042176.51,371913288294.725,380025986103.574,485026664590.251,441593333474.466,396569131839.812,367154885629.94,367533444634.254,484982379313.646,401221803346.329,392645793412.153,263072620456.065,576541287510.14,299016790856.538,378745366721.734,474794121372.463,427419211098.271,376836201244.368
356504517363.908,510794376418.319,397680321806.981,331658010718.157,224936350631.424,411407664985.475,315586462162.001,366121929161.415,361664321748.208,492120302537.866,381557961597.869,486339788329.242,501270042176.51,371913288294.725,380025986103.574,485026664590.251,441593333474.466,396569131839.812,367154885629.94,367533444634.254,484982379313.646,401221803346.329,392645793412.153,263072620456.065,576541287510.14,299016790856.538,378745366721.734,474794121372.463,427419211098.271,376836201244.368
356504517363.908,510794376418.319,397680321806.981,331658010718.157,224936350631.424,411407664985.475,315586462162.001,366121929161.415,361664321748.208,492120302537.866,381557961597.869,486339788329.242,501270042176.51,371913288294.725,380025986103.574,485026664590.251,441593333474.466,396569131839.812,367154885629.94,367533444634.254,484982379313.646,401221803346.329,392645793412.153,263072620456.065,576541287510.14,299016790856.538,378745366721.734,474794121372.463,427419211098.271,376836201244.368
356504517363.908,510794376418.319,397680321806.981,331658010718.157,224936350631.424,411407664985.475,315586462162.001,366121929161.415,361664321748.208,492120302537.866,381557961597.869,486339788329.242,501270042176.51,371913288294.725,380025986103.574,485026664590.251,441593333474.466,396569131839.812,367154885629.94,367533444634.254,484982379313.646,401221803346.329,392645793412.153,263072620456.065,576541287510.14,299016790856.538,378745366721.734,474794121372.463,427419211098.271,376836201244.368
356504517363.908,510794376418.319,397680321806.981,331658010718.157,224936350631.424,411407664985.475,315586462162.001,366121929161.415,361664321748.208,492120302537.866,381557961597.869,486339788329.242,501270042176.51,371913288294.725,380025986103.574,485026664590.251,441593333474.466,396569131839.812,367154885629.94,367533444634.254,484982379313.646,401221803346.329,392645793412.153,263072620456.065,576541287510.14,299016790856.538,378745366721.734,474794121372.463,427419211098.271,376836201244.368
356504517363.908,510794376418.319,397680321806.981,331658010718.157,224936350631.424,411407664985.475,315586462162.001,366121929161.415,361664321748.208,492120302537.866,381557961597.869,486339788329.242,501270042176.51,371913288294.725,380025986103.574,485026664590.251,441593333474.466,396569131839.812,367154885629.94,367533444634.254,484982379313.646,401221803346.329,392645793412.153,263072620456.065,576541287510.14,299016790856.538,378745366721.734,474794121372.463,427419211098.271,376836201244.368
337486469662.904,494637271130.213,385620031229.7,306410682183.829,204915204042.106,394885720100.736,297012656047.639,355150523582.1,350777084283.132,472885360900.577,376236428081.657,467735367191.607,492719118209.206,371913288294.725,359544679830.302,475994274322.287,421303380037.134,391560459494.316,346760906524.708,348427568412.924,461327782195.744,397680212166.496,368457859707.147,260476865848.576,552900382705.874,294214164587.205,364891925717.542,444023362979.043,402050152577.47,363295305598.407
319567125422.37,481937819896.45,379227054506.354,306410682183.829,204915204042.106,364956573524.699,274637891204.057,328500071073.585,337387220822.62,454943108993.668,360022970897.332,440838620137.572,466482663576.596,350237958715.682,348554696876.862,460860767749.814,414825824338.584,379560298042.279,331912783983.008,333798535437.123,443519319034.277,380845041079.739,368457859707.147,244969094336.121,549551127788.343,288446160456.474,335112865461.116,438354154171.171,392595079375.469,354495263011.755
262736737040.601,402051334866.785,326684437537.796,260654700479.928,180295099007.104,257594399526.547,221009944239.157,269727625925.834,284537886433.283,352800322892.568,285101375903.081,361038550105.535,409559670327.411,318746688105.816,292700840561.673,398169231376.684,369224432537.21,321872333468.19,265208184398.646,276989810351.994,335118125953.35,320355997877.902,292497049174.462,198817719044.711,458757687327.453,221301148826.665,252589269025.652,343620041768.848,362307733428.65,292942228595.297
111048652152.061,222895566057.704,196100013684.883,139217157426.482,91020472050.0045,120756653507.763,125408270855.976,127310780088.19,141876177352.127,141399185417.177,141896073959.811,178000536129.443,255022498923.037,156297974845.755,151676090049.533,234230915863.818,192092355010.133,160694057263.327,146754703361.529,154480310250.178,179259118412.613,173679564498.578,149690259961.699,106867114742.354,289457050461.552,111145930498.236,144506432822.117,195179368152.978,204722345200.045,149721541965.388
53091624661.863,38817733503.0702,33644201566.5559,51373945115.0133,34468974998.1187,27265370241.2658,32315453521.593,26878914263.6868,32232097917.8293,23149814222.75,35459811493.8692,40041220658.6439,33632912652.5756,35366207899.565,33148605049.9143,28405130909.9407,29591359043.3752,23017260917.1572,39045574270.6411,27124703068.9482,41264608726.7056,57309371968.907,33295201812.6573,28475855262.9534,51040435518.2407,28167034189.5941,31659932321.4226,29619837961.1908,40446952430.8138,35074824398.9232
7018503717.09481,7514537946.25913,4766590741.89957,7643075329.08586,7966572428.90648,4743288634.60618,8158478468.655,3451577380.35824,6277250236.11973,2477022536.91967,4286501230.28902,5783226706.87364,10414051580.9263,3422523971.55288,8244527041.04191,5081192383.09081,5825721833.53656,5857601877.27215,3387799658.31288,3565061501.98439,5745002439.12246,5311173854.93767,5911800802.22167,4947539783.93033,6638293255.41624,6511614924.98835,5895276392.30948,7514870351.39684,9860402675.70547,3685641804.25964
2988781.49678524,5461787.04823559,1716395.09916427,1679974.42543448,6219983.52395969,2519834.74384487,3359485.16039521,1042409.50041049,2368944.54950061,1224302.23958495,1966762.69874107,2432718.77501922,9047945.42130735,1672946.95063911,2751772.08262891,935699.21243019,2358804.9156512,972190.6028906,2173486.45778985,3165557.75651426,2437178.29688568,3423864.45234063,4524102.12867389,2993538.33417552,3965819.45952418,2513495.11598304,4852991.64333174,2455682.4036088,5676853.07588348,1563758.14979046
3634.15054923616,1.65762426849707,2126.04161274796,3017.13733281541,1322.60061185652,1494.60715779241,7500.57063520988,460.718023459262,267.360433965949,4883.35107677991,3819.63867452941,803.620024868624,7295.68733781658,1264.4543595702,1739.83885880665,1515.0034639482,4485.45862922716,1423.13694049952,9866.23153945099,302.260169422881,2023.20612552028,3028.62478380451,1297.26520164988,590.422483378295,0.245689284358235,1832.72015166804,1031.91702534702,6555.4964006893,1173.0462084711,6779.90425036154
1.07686616956926e-07,1.46303534620529e-07,1.99476673401477e-07,7.75438024902542e-08,6.81461926888005e-08,2.18490754377854e-07,7.65725616247437e-08,2.8430467580165e-07,1.71921911373829e-07,7.45437631621826e-08,1.60726585818338e-07,5.70288136714225e-08,8.10705103049258e-08,2.28442843308585e-07,1.24588510175272e-07,7.55070033164884e-08,6.5813438254736e-08,2.0804155553833e-07,2.6238195971473e-07,3.80790808662823e-07,2.73177448661954e-07,7.44601749147478e-08,7.36525436195734e-08,2.6154468457662e-07,8.58832009953403e-08,1.32335202351896e-07,7.3543588996472e-08,9.03599755019968e-08,7.94727128550221e-08,3.03236987519995e-07
1.07686616956926e-07,1.46303534620529e-07,7.34088416720624e-08,6.93647876914838e-08,6.81461926888005e-08,2.18490754377854e-07,7.65725616247437e-08,6.58771313055695e-08,8.96069423106383e-08,7.45437631621826e-08,1.60726585818338e-07,5.70288136714225e-08,8.10705103049258e-08,7.08858607367802e-08,1.24588510175272e-07,7.55070033164884e-08,6.5813438254736e-08,2.0804155553833e-07,7.6723338793272e-08,2.66236284574006e-07,7.66289929288178e-08,7.44601749147478e-08,7.36525436195734e-08,6.78427056755027e-08,8.58832009953403e-08,1.32335202351896e-07,7.3543588996472e-08,9.03599755019968e-08,7.94727128550221e-08,8.13162870372253e-08
