16231080576.1185,10817100763.4698,17378915779.3183,16002727841.8866,19471768089.864,14156402556.5085,18850158368.4247,22176223279.2825,14392889311.9962,25441286705.0548,13072215186.5857,36977477379.2626,12825423728.2983,27357904531.3662,10838172552.0587,24762548845.7509,27531200802.3261,17704826233.6718,24391352708.6536,9756966413.78234,32024674769.8031,11796830701.0776,12080652793.8127,21327762734.5936,28183843617.9159,31227596286.2449,7553284332.49452,9652283108.03695,15688527567.6433,15644316147.452
8638499193.08334,4252041029.00278,4619070877.61488,2900580901.15688,10455170085.0058,8656018667.95548,7879213905.10198,7952145465.01127,6624038362.36309,8181672499.89879,2634971790.85695,6125580861.65297,3463529508.70024,4965848429.09483,3481690952.53946,8302287216.81955,4334821250.49314,2363464936.53576,6292746585.97482,6614708719.55279,7258272510.08474,3668800053.38309,3636195693.91165,3596141528.73852,12433090360.9231,8598243655.36736,2120026911.28464,4987585081.00771,4633119293.72601,5806731246.28749
364769168.923784,275509445.203696,606622438.229825,203414746.202995,955978168.281896,968913075.382461,1061471200.177,428516774.088571,686976574.431321,554333910.040693,175324691.696728,972249860.348355,312135886.73624,765701723.266333,454250448.175289,910595366.528446,416883590.846221,344504145.731263,510762353.679973,605508751.030545,746167794.724685,320874318.305668,344112082.369285,303154267.908663,1553315105.70993,816051953.945435,192185230.553812,555247747.336802,312974671.699218,528731980.200208
1554433.51932569,1301117.50120276,4840340.55679123,2267687.36710177,2683855.41802281,10434848.0120758,11195490.9273775,5706954.59049415,4885529.1907476,1528737.1659132,1393767.2102431,5147928.43413153,2763811.22469205,4864252.56941159,5275809.44521541,4668726.89360314,6573612.5289723,2327462.62437375,3975999.42755843,2532327.32239514,4250491.13676484,1870819.12018151,3394274.57791705,2210206.50192208,7306210.81546509,3644027.60468568,1663310.6496683,6008870.64809146,2621600.54293307,2144009.33385936
211.386233377392,882.918819280532,1195.41281513555,46.7347969982492,2530.3844142898,2493.36180191207,372.124583720705,810.705107007028,3447.40657267451,3132.07917392755,549.369101573141,876.848829431011,3041.0071100246,9026.22563518342,9257.19191094646,47.9016737358426,9165.40333994622,6272.05173344536,972.469283138945,522.125504574015,2108.15186223262,1079.19950195273,523.149479195893,5460.85037737285,76.3614044261553,793.420853378836,18.0645430812683,74.1426067497191,1133.79399850022,1582.11750729916
0.0879489174140389,0.0445280574383702,0.425794209840404,0.0143702218069421,0.317823402633792,1.92613327090959,0.272860542615902,0.464500541650835,0.0882657778687843,0.770445618910287,0.0845509498469141,0.95113791663907,0.222026369299741,1.65516092839803,0.620710441336655,1.39236850143224,0.683590752598505,0.629444276776027,0.916897304116532,0.674302064504687,1.26395514484268,0.161040066775172,0.930217915456424,0.300096304611657,0.300667052738532,0.324632413408921,0.202582562002931,0.563192722557645,0.164146409351886,0.220258936548447
9.2691252007171e-08,5.71768197232814e-08,1.16278769723976e-07,5.60528548021466e-08,1.56625532099497e-07,7.08460845544323e-08,5.53047811990837e-08,5.68741000961381e-08,1.09390725810954e-07,1.34174541699394e-07,9.26475536289217e-08,3.03056566508531e-08,3.68595038935382e-08,4.95153074098198e-08,1.96607757629863e-07,3.65429855264665e-08,7.0907574922785e-08,4.73440593395935e-08,1.7423813858386e-07,1.39105097218817e-07,4.40650040900437e-08,5.26844559090023e-08,4.37797496033454e-08,3.6922884305568e-08,1.6673099878517e-07,4.50693278253311e-08,5.27086854162917e-08,3.78724820393472e-08,1.33815575509288e-07,7.89366509934553e-08
9.2691252007171e-08,5.71768197232814e-08,1.16278769723976e-07,5.60528548021466e-08,1.56625532099497e-07,7.08460845544323e-08,5.53047811990837e-08,5.68741000961381e-08,1.09390725810954e-07,1.34174541699394e-07,9.26475536289217e-08,3.03056566508531e-08,3.68595038935382e-08,4.95153074098198e-08,1.96607757629863e-07,3.65429855264665e-08,7.0907574922785e-08,4.73440593395935e-08,1.7423813858386e-07,1.39105097218817e-07,4.40650040900437e-08,5.26844559090023e-08,4.37797496033454e-08,3.6922884305568e-08,1.6673099878517e-07,4.50693278253311e-08,5.27086854162917e-08,3.78724820393472e-08,1.33815575509288e-07,7.89366509934553e-08
9.2691252007171e-08,5.71768197232814e-08,1.16278769723976e-07,5.37411750656247e-08,1.56625532099497e-07,7.08460845544323e-08,5.53047811990837e-08,5.68741000961381e-08,1.09390725810954e-07,5.01453030210541e-08,9.26475536289217e-08,3.03056566508531e-08,3.68595038935382e-08,4.95153074098198e-08,1.96607757629863e-07,3.65429855264665e-08,7.0907574922785e-08,4.73440593395935e-08,1.28751921124604e-07,1.39105097218817e-07,4.40650040900437e-08,5.26844559090023e-08,4.37797496033454e-08,3.6922884305568e-08,9.84827295269497e-08,4.50693278253311e-08,5.27086854162917e-08,3.78724820393472e-08,1.33815575509288e-07,7.89366509934553e-08
4.17425667365023e-08,3.71674246935072e-08,3.59437137831264e-08,4.50885693226155e-08,3.0707838050148e-08,7.08460845544323e-08,5.53047811990837e-08,3.57269982487196e-08,5.75704746097472e-08,5.01453030210541e-08,4.67795615577415e-08,3.03056566508531e-08,3.52658133806472e-08,4.95153074098198e-08,5.53707906192358e-08,3.65429855264665e-08,7.0907574922785e-08,4.73440593395935e-08,7.00878075576838e-08,1.39105097218817e-07,4.40650040900437e-08,3.73726436464494e-08,4.37797496033454e-08,3.6922884305568e-08,3.29483498262562e-08,3.75035256183764e-08,5.27086854162917e-08,3.78724820393472e-08,4.06655118467825e-08,7.89366509934553e-08
4.17425667365023e-08,3.71674246935072e-08,3.59437137831264e-08,4.50885693226155e-08,3.0707838050148e-08,7.08460845544323e-08,5.53047811990837e-08,3.57269982487196e-08,5.75704746097472e-08,5.01453030210541e-08,4.67795615577415e-08,3.03056566508531e-08,3.52658133806472e-08,4.95153074098198e-08,5.53707906192358e-08,3.65429855264665e-08,7.0907574922785e-08,4.73440593395935e-08,7.00878075576838e-08,1.39105097218817e-07,4.40650040900437e-08,3.73726436464494e-08,4.37797496033454e-08,3.6922884305568e-08,3.29483498262562e-08,3.75035256183764e-08,5.27086854162917e-08,3.78724820393472e-08,4.06655118467825e-08,7.89366509934553e-08
4.17425667365023e-08,3.71674246935072e-08,3.59437137831264e-08,4.50885693226155e-08,3.0707838050148e-08,3.35651719751695e-08,4.71896299814034e-08,3.57269982487196e-08,3.9127627360358e-08,5.01453030210541e-08,4.67795615577415e-08,3.03056566508531e-08,3.52658133806472e-08,2.83695840153086e-08,5.53707906192358e-08,3.65429855264665e-08,7.0907574922785e-08,4.73440593395935e-08,7.00878075576838e-08,6.16578716972072e-08,3.48769759739298e-08,3.73726436464494e-08,4.37797496033454e-08,3.6922884305568e-08,3.29483498262562e-08,3.75035256183764e-08,5.27086854162917e-08,3.78724820393472e-08,4.06655118467825e-08,4.75163375313059e-08
3.22559969845315e-08,3.71674246935072e-08,3.31402105757661e-08,3.72776014501142e-08,3.0707838050148e-08,3.35651719751695e-08,3.96928072632363e-08,3.57269982487196e-08,3.9127627360358e-08,5.01453030210541e-08,3.44459891721272e-08,3.03056566508531e-08,3.52658133806472e-08,2.83695840153086e-08,5.53707906192358e-08,3.65429855264665e-08,5.82594879006137e-08,4.73440593395935e-08,3.34751462105487e-08,5.12209936687213e-08,3.48769759739298e-08,3.73726436464494e-08,2.79966343441629e-08,3.6922884305568e-08,3.29483498262562e-08,3.75035256183764e-08,3.36050476335004e-08,3.78724820393472e-08,4.06655118467825e-08,4.75163375313059e-08
3.22559969845315e-08,3.71674246935072e-08,3.31402105757661e-08,3.72776014501142e-08,3.0707838050148e-08,3.35651719751695e-08,3.96928072632363e-08,3.57269982487196e-08,3.9127627360358e-08,5.01453030210541e-08,3.44459891721272e-08,3.03056566508531e-08,3.52658133806472e-08,2.83695840153086e-08,5.53707906192358e-08,3.65429855264665e-08,5.82594879006137e-08,4.73440593395935e-08,3.34751462105487e-08,5.12209936687213e-08,3.48769759739298e-08,3.73726436464494e-08,2.79966343441629e-08,3.6922884305568e-08,3.29483498262562e-08,3.75035256183764e-08,3.36050476335004e-08,3.78724820393472e-08,4.06655118467825e-08,4.75163375313059e-08
