42018618.0084608,4616880017606,5455257303573.97,110610877338.086,156386050618237,12877407137568.8,3020735035900328,13129733.5554246,17001193418958.1,8700313498099.99,12345446899489.9,2200629658081.02,155660976267304,3025899494495.68,6200900150672.81,120936324879492,529292427412067,75652771925041.6,18668067175310.8,41624407137951.7,85483592383548.2,29624414355283.4,493939462253935,215592263038915,7102228804853.2,66566952683731.9,10028599508944.1,550127136507562,342626593.488264,11198866063814.1
42018618.0084608,4616880017606,5455257303573.97,110610877338.086,156386050618237,12877407137568.8,3020735035900328,13129733.5554246,17001193418958.1,8700313498099.99,12345446899489.9,2200629658081.02,155660976267304,3025899494495.68,6200900150672.81,120936324879492,529292427412067,75652771925041.6,18668067175310.8,41624407137951.7,85483592383548.2,29624414355283.4,493939462253935,215592263038915,7102228804853.2,66566952683731.9,10028599508944.1,550127136507562,342626593.488264,11198866063814.1
42018618.0084608,4616880017606,5455257303573.97,110610877338.086,156386050618237,12877407137568.8,3020735035900328,13129733.5554246,17001193418958.1,8700313498099.99,12345446899489.9,2200629658081.02,155660976267304,3025899494495.68,6200900150672.81,120936324879492,529292427412067,75652771925041.6,18668067175310.8,41624407137951.7,85483592383548.2,29624414355283.4,493939462253935,215592263038915,7102228804853.2,66566952683731.9,10028599508944.1,550127136507562,342626593.488264,11198866063814.1
42018618.0084608,4616880017606,5455257303573.97,110610877338.086,156386050618237,12877407137568.8,3020735035900328,13129733.5554246,17001193418958.1,8700313498099.99,12345446899489.9,2200629658081.02,155660976267304,3025899494495.68,6200900150672.81,120936324879492,529292427412067,75652771925041.6,18668067175310.8,41624407137951.7,85483592383548.2,29624414355283.4,493939462253935,215592263038915,7102228804853.2,66566952683731.9,10028599508944.1,550127136507562,342626593.488264,11198866063814.1
42018618.0084608,4616880017606,5455257303573.97,110610877338.086,156386050618237,12877407137568.8,3020735035900328,13129733.5554246,17001193418958.1,8700313498099.99,12345446899489.9,2200629658081.02,155660976267304,3025899494495.68,6200900150672.81,120936324879492,529292427412067,75652771925041.6,18668067175310.8,41624407137951.7,85483592383548.2,29624414355283.4,493939462253935,215592263038915,7102228804853.2,66566952683731.9,10028599508944.1,550127136507562,342626593.488264,11198866063814.1
42018618.0084608,4616880017606,5455257303573.97,110610877338.086,156386050618237,12877407137568.8,3020735035900328,13129733.5554246,17001193418958.1,8700313498099.99,12345446899489.9,2200629658081.02,155660976267304,3025899494495.68,6200900150672.81,120936324879492,529292427412067,75652771925041.6,18668067175310.8,41624407137951.7,85483592383548.2,29624414355283.4,493939462253935,215592263038915,7102228804853.2,66566952683731.9,10028599508944.1,550127136507562,342626593.488264,11198866063814.1
42018618.0084608,4616880017606,5455257303573.97,110610877338.086,156386050618237,12877407137568.8,3020735035900328,13129733.5554246,17001193418958.1,8700313498099.99,12345446899489.9,2200629658081.02,155660976267304,3025899494495.68,6200900150672.81,120936324879492,529292427412067,75652771925041.6,18668067175310.8,41624407137951.7,85483592383548.2,29624414355283.4,493939462253935,215592263038915,7102228804853.2,66566952683731.9,10028599508944.1,550127136507562,342626593.488264,11198866063814.1
2213052.70330287,2236681791708.37,767090000448.013,1649192720.78014,156386050618237,11664856194116.6,2650624461141280,381206.013903847,6620967212070.24,959719490328.406,6868155789961.55,955641807038.875,135017115647528,1433035226197.31,6200900150672.81,71926442575977.2,529292427412067,40815271956656,17220633545322.4,26347150617336.8,39697367324149.5,29624414355283.4,493939462253935,172492932267320,1502084374960.17,50578941219596,5436628407784.84,428011203002999,592213.507103462,3867524893820.78
872970.401572514,462497165238.803,68869968073.7951,550967.461861192,93320022354493.2,5712271148512.93,1985356838215752,381206.013903847,2398280130841.77,171478506497.696,1854524115702.6,1946186304.46242,72538514047813,2654550696.26784,1681019592139.94,28906776285304.3,353099186547818,17908137367214,2883673597496.76,3798141946377.77,27380041555122.2,3494081523051.55,383759742540309,71147900675560.3,625053270967.689,26965799593934.8,5061953936.83363,311046293157920,592213.507103462,479666375933.311
848241.330723689,44137554.3335318,114794488.999161,550967.461861192,3969330787.21933,810315219.93081,657984416387862,343312.826246176,2391946439.62783,216806766.487394,26705131.8569769,131895273.282788,592461177.47447,65408835.3192795,95520988.0728535,464708.492043502,261559306192418,536886.382990886,354589.514066961,920015.304632059,395998.963745108,412073569.992625,3281548204264.98,608618150.23704,34182963.8871163,318061.81086066,37785534.0316312,2064834886.98092,555550.627633215,153995246.964611
599179.888769686,44137554.3335318,373633.376124436,460873.248401451,550337.374908858,552819.348815307,433497.599086203,343312.826246176,2391946439.62783,216806766.487394,400251.692738526,131895273.282788,478173.593641518,65408835.3192795,95520988.0728535,403969.593632342,500985.192429636,497317.558225973,344140.078597347,803528.760615235,395998.963745108,295973513.61852,700871.119146804,362088.411111688,34182963.8871163,271202.273249345,37785534.0316312,359382.247934632,449626.90754834,459847.302345896
313547.432281169,1001702.34328187,338639.32740234,382119.795842986,344083.306971421,402554.40025073,291534.62239237,217387.678169019,430734.456735739,655554.647456272,346369.917907545,381963.506553986,360642.827014835,1108697.7229859,95520988.0728535,295512.069464839,413224.139345153,417053.03950847,287114.942474225,698744.551124404,248796.170223055,937651.354567558,553544.001556967,298777.890020292,386639.280426743,223072.462661556,37785534.0316312,254195.513732383,413312.235144999,434132.643652297
127752.882722187,176890.704843533,164281.991022009,147450.81830194,213344.348029506,151934.924053389,162692.133017173,110977.527820447,185145.274919967,143470.008963678,167250.905672317,153007.692547785,211258.482591438,162899.98583325,191653.78484748,149335.488345967,100737.414968586,191086.849202618,171905.514714594,266518.685887701,168180.952547522,154516.160420416,214417.341998221,162568.255728975,118026.211704882,118863.860657916,179923.378807687,141493.846074727,94316.7527898671,265983.239948145
3889.91417781492,4197.05647136594,4219.04740813845,12377.5793540156,12682.8931222217,5673.41465650855,5671.3960235086,4719.1223070497,6918.56212472904,9639.58816151395,4515.58466628245,9349.41457694782,10786.5786048686,10217.8595309349,4829.49593244845,17293.7120806471,3226.05487971086,7147.21083585672,4323.56086719393,7582.87663713656,6298.83907235678,4123.5037669136,6440.76189483286,11608.3510221599,4888.52398042745,2947.79923258174,7102.36236775936,6675.93236614975,4258.26804553566,4052.22000111445
315.242218349652,154.01570986088,237.779299543415,490.967704025259,433.901447083711,282.607551977573,556.593996127013,200.232001456772,388.002876728108,208.953963113992,251.834858405355,95.8077075425858,177.639087148567,221.126205507821,153.06163026308,120.814650442032,459.771181084484,286.501540680604,222.661706151325,198.929750391498,160.995394853611,309.589554162,295.476811602521,204.906991719705,743.471560649612,661.858421949772,222.611759771378,653.710559649504,835.967061907478,193.525175640832
307.713113088477,148.017819792455,161.182563035046,419.637188127294,345.017721799758,212.689535237987,456.449842361983,131.103530752398,378.354225831176,121.153955294965,178.861001098005,93.2953039384847,103.244849078122,167.91682896459,82.3507845827151,109.214547731063,386.805335872406,152.992387144635,151.002473514964,126.128674095136,87.5561950729827,300.748123315206,109.445157920753,134.088473734611,734.539141675743,518.365436337122,147.022693021811,645.990971664589,694.472146460824,120.159046889807
