2275246771.40378,1965235515.04017,1870996727.0991,3899649584.82472,1749659226.75919,1521194203.53197,1803133083.94196,2385172302.16469,3198683705.70388,1052106313.73757,1482940662.01789,1800159091.75607,3464920830.99997,2093296768.61768,2199517293.63008,3553582083.89626,2824885450.08668,1431682352.96192,2476716058.37519,3053747090.55016,1033974437.62516,2343845898.89489,1510317430.3854,4402081637.10332,2539956885.75818,1303825668.04374,1886612793.82474,3163935090.55333,1637004509.48852,2570133728.62747
636825015.641253,539801506.707423,492936282.907887,493583724.66485,465592753.356062,233919226.270506,330716777.512009,699355028.14518,723148247.822621,244548018.558853,237315505.978929,688286130.451627,329442730.988944,199206815.526611,783536343.500911,295257714.439735,620099802.634871,424252444.467884,726265660.009343,379698009.173964,413142930.945223,961678072.517038,453529747.133363,1579328552.62825,403552987.047654,249753716.024203,608831903.507396,386244091.752967,514676245.090086,555695615.889225
159914918.859071,61075540.9233178,74828652.918695,45981525.0730073,38399452.754311,41227295.3174406,98525671.769927,88555045.9838379,83495209.205592,108391944.49905,18739703.6999661,43586566.1226286,81677558.6074082,22968881.4888666,98873411.5523571,68690559.9766342,103011103.93191,28543226.83144,215556175.047135,61690355.9659096,27928410.8816415,92351808.8885475,81930220.1300945,199744011.561633,60751714.2631478,29491521.3474284,38293072.1230949,96882437.6333337,105977927.347861,69231029.1643567
2799691.60566247,9539927.59360896,3682513.20974546,1899003.77804868,1055261.97642475,3574555.17879328,5574608.30611637,4542863.02231647,9806187.78349354,15939261.4430726,3220838.22431705,5110399.99919548,9802156.49865764,2596841.09308257,4792905.41589193,1959419.92865314,5308940.49504787,1876177.23785497,12318431.0707479,12317129.874871,2163833.17328363,3032296.43310305,8325807.78399516,6746515.8876271,4146281.47454713,4392565.17576174,5353097.13653992,5680884.58832225,12736852.5342863,1901141.69369357
162331.722954883,302754.507216182,121670.082327768,236204.831916877,76157.2938698534,66995.0194207315,338572.996854745,209550.800555269,201900.249581195,190317.420493122,104122.940045388,373163.445555495,101319.19901773,131054.397050118,145792.405022636,57231.6104313766,33482.2437331782,67429.771354768,331291.76072584,221539.977713353,53784.8741984712,314389.281023229,112969.279010522,76550.9076510043,55918.3225561997,132318.753538923,423601.400380001,107111.422697648,135343.513873201,82140.0784958948
4180.1564041211,2279.17732018392,2143.02568998692,1363.62938489173,3493.49896262071,3500.24665296597,9114.58305594783,4987.49267463771,2505.67134049391,3750.57265215767,2216.95083501531,6921.7351872815,1842.46380406759,3019.89588233626,12862.8918025768,2612.02452105464,5261.14271180738,6598.12442589257,4270.49810418242,10065.4887407933,6904.98126785213,3395.00920700185,3876.55143091187,3580.11283055878,3104.55185560229,9520.13971097534,10305.9181721346,6005.82579359746,9002.35425421907,6893.8688576484
1905.19974146346,794.67833683917,805.25470009945,576.560242050122,1468.51159741644,1336.44837118531,1509.75601556827,1207.15883684319,1414.34324030717,1805.53229368811,1139.45234773835,675.765888425172,1023.73754823691,653.647649350449,1965.97151473253,681.172861441833,1012.1264873743,1590.08763052591,1830.08229351859,995.124628454026,1502.49285455322,905.502178841488,1453.4800251161,1733.23013059181,1137.01946310103,1422.03344778414,1432.56352499975,1019.05680935851,1900.77941782066,1151.20018748769
1905.19314633223,794.674223014767,805.253454235512,576.559905273671,1468.51028278449,1336.4445114352,1509.74089916212,1207.15341405409,1414.33690822587,1805.53202381384,1139.45185029441,675.709187571199,1023.42613623748,653.627464161322,1965.47307735276,681.16705880067,1012.12305345455,1590.08751265919,1830.08138417395,995.12322815909,1502.48947941882,905.418970978982,1453.47483907431,1733.22993765187,1137.01711362769,1422.02112866746,1428.94966398558,1019.05527072031,1900.77206898715,1149.29944068325
378.889569367729,794.674223014767,805.253454235512,576.559905273671,702.182615967287,1336.4445114352,1509.74089916212,1207.15341405409,1414.33690822587,577.751572476711,1045.99151466127,675.709187571199,1023.42613623748,653.627464161322,1965.47307735276,681.16705880067,1012.12305345455,691.317243103796,1087.40315945021,995.12322815909,423.805754456617,905.418970978982,1453.47483907431,1255.99881157953,1004.56901620943,1094.2622231388,1428.94966398558,1019.05527072031,569.789936485169,1149.29944068325
376.432424797328,794.674223014767,805.253454235512,576.559905273671,593.081324150596,1336.4445114352,1509.74089916212,1207.15341405409,1414.33690822587,577.187197202454,1031.19167639997,675.709187571199,1023.42613623748,653.627464161322,703.998944660136,681.16705880067,949.636290315585,688.279302857519,1078.1397841534,995.12322815909,415.325269796358,905.418970978982,1453.47483907431,1254.82229699966,995.053834963932,793.491004710681,1126.5534190912,1019.05527072031,561.71431179139,1149.29944068325
344.221181848317,788.016448041664,805.253454235512,570.923166667058,593.081324150596,1336.4445114352,818.986550112719,1207.15341405409,1414.33690822587,577.187197202454,702.638142182201,675.709187571199,1023.42613623748,653.627464161322,703.998944340833,681.16705880067,566.861979251836,688.279302857519,248.622232170608,441.973439513176,415.325269796358,905.418970978982,1213.73085204384,799.144067827781,913.494759953162,793.491004710681,1126.55341453183,861.797170928548,561.71431179139,1149.29944068325
344.071993833165,780.80327782198,805.253454235512,570.561097012112,593.081324150596,1336.4445114352,808.306529624482,525.985093233856,865.554377118451,577.187197202454,701.86565992892,675.709187571199,251.776582350195,463.012977124032,346.9611078058,416.004197163922,562.11691836631,688.279302857519,244.3960107532,438.794378755586,415.325269796358,905.418970978982,1213.64093065792,799.095882255761,912.903987633665,793.491004710681,351.885804974947,859.800390736369,561.71431179139,939.046897341816
135.242403434946,381.759395544929,253.818805620662,251.84608842272,472.711261550013,451.660969557582,368.240018631695,134.335463120412,672.433998235823,126.172572679609,126.237446243425,359.758013933571,251.776565839593,463.012976994879,346.961106112676,416.004197163922,133.547006064053,135.308267063765,244.3960107532,133.615881592417,122.44128724095,905.418970978982,126.096542703692,130.115943558085,15.0391985365789,129.821992291056,351.885804259839,253.611257547989,129.753368295506,939.04689422575
135.237716714024,381.758288632109,253.814837766442,251.845959023547,472.710602584034,451.660607060928,368.239109689178,122.80474376142,281.707396041219,126.165855774153,126.235249001837,359.757941190825,212.097557769385,463.012976994879,346.961106112676,416.004197163922,133.546410855166,135.307109919729,244.3960107532,133.615804055886,122.440881612903,838.198983366096,126.096462551211,130.115905601301,15.038683029775,129.82143670584,351.885804259839,253.606658129328,129.75204349858,451.212865391143
