2087367002.80032,2165299635.49233,1455430351.3722,2072024333.25629,974992096.059069,5242778960.59121,5531487278.40475,1757564930.08186,1670877443.7158,2713603707.59643,3215566955.24883,2401008348.84149,1962617237.56471,2004939360.03911,8375733325.32881,3516524709.48241,5357587250.68692,1453980745.26261,2234848495.4717,1185514844.22046,437863663.653659,5698544649.76386,627380367.047542,6115286347.05687,329177459.125915,1388133021.14714,2023528596.7613,2670925661.26879,4623642920.14088,3342487759.84528
281983415.087051,492416493.124887,525442505.522148,322044876.503386,840436741.686768,662485208.380304,137051791.767368,194042194.067596,422648417.665219,1344558515.47748,375351343.361238,930060255.829417,243425454.566841,515954700.874677,611620412.937624,129846061.381991,576223854.928023,362107042.488169,331085541.686053,248172563.031822,224550361.836146,623099248.887517,248501963.777362,446468222.229367,329177459.125915,91827174.9906875,325320898.90131,1090096758.85307,696844925.140905,488513209.635958
136188253.855167,67046411.8320261,121477966.021473,56639227.5825594,359527779.831959,85550770.2132559,96485664.0669591,90908632.3195003,99784122.5098782,336578683.422492,198945199.530359,261880663.613934,130910560.986531,83059525.0199517,96153459.4456422,30851727.162412,175984045.984961,236235895.524871,38950876.0101723,66492857.3539324,70344963.8016203,248666969.701061,38058761.4500965,127173170.986256,71577286.6164739,49646076.8541455,44977907.8474488,124012397.22998,236433231.197879,141311179.354922
8288247.2468857,3272047.90935408,10152691.3908061,5872902.47270311,13343102.8751721,6951424.25066955,5835505.16138278,26267785.6942791,4501906.44866558,2826370.49882546,8193168.67114083,20823572.9829796,17499225.0011998,14286303.0171497,9682765.50761772,1425923.13832803,1496395.08409075,5546323.01350427,1314637.2293825,1543818.3192709,4377462.42891156,2564440.94558136,2870812.0765689,10608556.3637474,5512755.15483667,3384942.57815909,1505685.88066453,14722313.2400343,15313496.9864772,3841446.25918509
41012.6705454109,36924.8019512958,16935.4424634072,49115.6238091456,99920.3998242272,46929.1342146128,24270.2074076712,65696.8014772508,48986.7948636569,79807.5733405907,74683.3674358562,33637.1765284079,56664.2340188217,49979.4726115642,78008.2169565341,60071.2805667592,81120.0196346301,54704.4253513548,30460.5384155057,34126.0956768334,22980.7849322701,43075.4619038901,23606.4310922051,42176.6114697645,83660.4847385262,105644.466469664,24760.2457540331,93560.922610258,127114.550213944,80952.2230733228
9676.26661415261,6350.96834020062,4543.6464617756,8877.46543018651,8145.62414863077,10642.1532901705,6761.63797118912,10135.2635673523,11314.5682129491,10180.4109700267,14334.8129591208,7097.87385649797,8458.04988053567,12574.3200899072,9926.33820211917,6369.12137841607,14009.1293653114,15071.1893105292,6351.33344495342,4797.55827918162,4844.94018889411,4176.75650954652,6485.88475919601,4299.16121543939,15012.743060699,15225.0331826303,7797.73902507327,18735.2129397283,9256.24817321158,27557.9175570555
854.696357529225,407.886858615379,457.105055105829,1578.06062094109,614.169893467574,3948.98492256821,892.743264791857,840.937113307595,1046.34030741405,2010.88485537994,2432.31278955806,1564.76413453311,2285.82827805807,852.626785426049,1540.88672329273,738.377727056464,2252.06010974043,1781.93106586994,852.730276968676,543.46890318744,1984.73360996233,763.543688021764,1116.6772684991,537.17862604588,3171.86247892687,2121.37239915456,874.442760834816,2961.52406216662,2470.37428017555,3458.70796255535
109.884425695442,24.3006313900385,34.9312922845304,73.4933759462499,65.8842588989537,250.955415718106,66.4512876887898,41.0274133590115,47.3269990037993,255.433332947468,136.752019529715,69.7522207934874,163.395681294805,64.1400786386753,193.929078536286,38.2876373101808,71.3432930495264,191.980180392427,108.942319278166,33.5639998546094,131.749690438175,141.657216195138,180.60671427647,51.8343260238255,182.146205111481,60.0642742277453,99.455743587002,232.78864700282,236.799640286606,116.533058968809
92.313823827712,8.74713446605165,26.3434282184385,37.6517723268962,18.1499552590722,179.058421066317,15.3532238484511,22.2678164767083,35.3609113082537,116.609812944568,66.1331963096993,19.1160343838999,96.1706454638058,25.241233576156,131.788091526723,9.62307494725383,7.65430385998502,120.047873965009,98.0845511204461,30.6086786799201,111.308465323297,84.3170501390134,116.844968019514,48.5099991250988,182.146205111481,11.3975382326514,41.5413017885778,94.445336726546,99.2949216543577,95.8435858100729
92.313823827712,8.74713446605165,26.3427197933534,37.6517723268962,18.1499552590722,179.058421066317,15.3532238484511,22.2678164767083,35.3609113082537,116.609812944568,66.1331963096993,19.1160343838999,96.1706454638058,25.241233576156,131.788091526723,9.62307494725383,7.65430385998502,120.047873965009,98.0845511204461,30.6086786799201,111.308465323297,84.3170501390134,116.844968019514,48.5099991250988,182.146205111481,11.3975382326514,41.5413017885778,94.445336726546,99.2949216543577,95.8435858100729
84.7145608795377,8.74713446605165,26.3427197933534,37.6517723268962,18.1499552590722,179.058421066317,15.3532238484511,22.2678164767083,35.3609113082537,116.609812944568,66.1331963096993,19.1160343838999,96.1706454638058,25.241233576156,131.788091526723,9.62307494725383,7.65430385998502,120.047873965009,98.0845511204461,30.6086786799201,111.308465323297,84.3170501390134,116.844968019514,48.5099991250988,140.186528258687,11.3975382326514,41.5413017885778,94.445336726546,89.2900589249043,95.8435858100729
79.076915510957,8.74713446605165,26.3427197933534,37.6517723268962,18.1499552590722,179.058421066317,15.3532238484511,22.2678164767083,35.3609113082537,116.609812944568,66.1331963096993,19.1160343838999,96.1706454638058,25.241233576156,131.788091526723,9.62307494725383,7.65430385998502,120.047873965009,98.0845511204461,30.6086786799201,111.308465323297,84.3170501390134,116.844968019514,48.5099991250988,140.186528258687,11.3975382326514,41.5413017885778,94.445336726546,89.2900589249043,95.8435858100729
79.076915510957,8.74713446605165,26.3427197933534,37.6517723268962,18.1499552590722,179.058421066317,15.3532238484511,22.2678164767083,35.3609113082537,116.609812944568,66.1331963096993,19.1160343838999,96.1706454638058,25.241233576156,131.788091526723,9.62307494725383,7.65430385998502,120.047873965009,98.0845511204461,30.6086786799201,111.308465323297,84.3170501390134,116.844968019514,48.5099991250988,140.186528258687,11.3975382326514,41.5413017885778,94.445336726546,89.2900589249043,95.8435858100729
79.076915510957,8.74713446605165,26.3427197933534,37.6517723268962,18.1499552590722,179.058421066317,15.3532238484511,22.2678164767083,35.3609113082537,116.609812944568,66.1331963096993,19.1160343838999,96.1706454638058,25.241233576156,131.788091526723,9.62307494725383,7.65430385998502,120.047873965009,98.0845511204461,30.6086786799201,111.308465323297,84.3170501390134,116.844968019514,48.5099991250988,140.186528258687,11.3975382326514,41.5413017885778,94.445336726546,89.2900589249043,95.8435858100729
