7822705754.82354,8067089566.67614,30425662695.5516,9929329313.53781,20819474536.3484,13075881603.1865,28857971877.2713,12502040765.8532,13016865049.8116,10694138306.079,8472038429.60789,10432990759.8911,8182246640.20991,8388119073.58029,11779121192.0797,13785427156.4345,19339656936.107,14256839688.2038,15653993043.933,17218139495.4686,10295135678.0166,23431636525.9704,25248790856.3045,10086409090.987,4455485721.43397,19167187636.8287,10552558662.4041,7507453939.2361,12950026217.9126,13919340264.2689
2299728641.6119,2217990232.85479,3843532798.10561,2003274972.03052,2813006413.92474,1503852686.50555,2319934291.67232,2000354974.10801,2217425682.1026,1843578069.05601,2415658746.97771,2147702531.43657,1758820626.93782,2523740846.75968,1761037043.88091,1713211021.97044,1145632682.67317,2598493464.235,2155036896.72382,1890858395.53657,1943680974.92882,2273547982.66131,1863978956.85009,2210986053.12547,1876754536.41769,3778469458.41979,1851397319.66242,2622753249.33708,2224770871.45775,1539445910.10402
641202161.305411,1259796313.18168,3843532798.10561,1803506824.86399,1249451798.4238,963625358.267754,1857678491.5279,1874123489.38336,836845625.55596,994228545.70862,463678664.803752,902461309.549089,775376536.134615,1771957542.02047,1310155532.47601,571135370.641749,800614285.874883,1073588831.33398,810686857.018706,1540000453.01702,944373214.246113,1660693302.84013,1281199961.23978,986262174.427355,1047233301.75433,2356623774.89209,455806682.906314,2622753249.33708,1651613671.75394,671425826.719218
144978512.731082,128503184.927632,779793541.518347,126831524.137705,147387463.085189,110211494.329257,232763497.87392,289511558.184285,123465272.006818,94620921.3446789,82577895.5608835,78367368.8746111,62368579.6513893,298463023.277071,265693424.439854,33497440.4778898,89721350.6332414,87260785.6334108,166247801.226165,133309212.804494,174514319.199422,255857169.944518,186707610.402627,69033515.0819481,240699161.227665,478149617.677261,69585901.2829453,590337524.730584,310160458.336857,97283432.0650094
2056253.13309433,6473963.77240472,8143592.00342548,1509873.81033492,2911600.56800448,729544.171852347,525780.875039557,5365341.17856165,614703.348287398,761710.370593781,303865.669851192,1162472.18695965,648724.486194806,3210905.49636045,2191661.01802615,731606.413151999,862665.846739027,603560.328224101,2375667.98911386,1410185.65643775,1867950.4191808,1376452.82612469,532683.806047142,1178139.33906716,1475769.46344506,3894233.04879196,634208.05400659,10631695.2410151,2242024.71343533,1415528.6288395
35665.7108612762,37958.8572563493,20299.6496092499,25298.8688249181,35619.8324920622,26491.7676223168,28505.3624246792,30204.5220087923,39506.5577569044,19333.9588847342,39037.278237566,32549.4246474123,39174.7675181723,25726.9198908358,23401.5388612037,16398.3117977769,28018.7009940006,20421.3154573779,24037.7819600527,27877.7359942209,21420.7971253305,37736.8243173278,34698.6418079124,26373.6562818262,20777.4847197123,18842.7943512746,53615.9158072745,18459.2856370272,25721.5808052578,55554.6061329825
17495.6123132075,27289.9655337643,15355.316127985,12358.5103495131,14083.73886302,7987.50438105997,9452.89190208544,19802.910086459,8542.88011671992,16610.9380438145,18858.8336626517,19005.2302660846,19968.8267856967,21892.2657275303,17038.6863533853,8932.72716513068,8002.29665430131,10971.5758032572,15064.5592928285,13858.1557990032,16326.3572932779,27802.2382566196,24637.5328608512,12433.8617364332,14123.8148616296,13438.6565542767,23335.1965853878,13449.0772234662,19798.6352331178,25082.6642967564
6759.61658810232,7554.056606571,5183.2136531962,3295.16018463289,6952.08917392785,5124.20698769515,5088.021277186,3963.93366102481,4483.73430807745,3400.86188794694,5117.25522488453,6318.76209047003,7481.14586186508,7437.83284641248,4733.63382527987,3388.22762758964,4294.62557172958,5658.51598244384,3379.80528466701,6727.15191991477,4540.65705991362,8917.46851500931,5596.58959214015,4970.76451399654,4408.4742540891,5026.82761400917,8376.22410932003,4210.01721709677,4645.79916085876,7728.71250150813
2347.03468748079,1782.89816455923,1742.67988056201,1558.41871245327,1974.40946096531,2380.41381396013,2063.72912612555,1763.72339523401,1901.68071011587,1877.04041845145,2228.21479992818,1862.53723654129,2914.69517790963,1967.17731957465,2023.82758920856,1708.13521990686,1651.62042663541,2298.1700936059,1200.34392875256,2479.21594721182,1571.18198544393,3169.94387945297,2187.12920516898,2255.23481373792,1483.17429140221,2206.86930274198,2310.41973670032,1878.37072647802,1652.11441758108,1980.6052174946
1437.01471087345,906.709097039149,1022.82727298047,798.212510522832,1052.69094477563,1146.08503284431,1030.81830902783,939.570535839221,1305.46738302578,1144.96188114542,1349.85028721307,1045.10872859177,1239.24232862979,1020.2105891591,1210.2387531999,928.066506134988,1069.15533578762,952.219304101651,826.674715080023,1299.16177131302,850.500729298192,1439.07536180348,1268.07914204699,1234.39146722689,843.658664556764,988.54736300119,1065.72449163577,980.389358928209,873.852724459894,1119.52351840672
808.881287277068,670.027250727409,741.750480942233,603.406978493371,738.277932049022,797.517716616154,682.947724464147,597.408734663005,805.189519974651,775.294251913454,839.867594891336,605.919246062684,742.896959350292,638.330716761165,805.260491763939,619.478579152712,661.256296201601,587.977833158916,601.004746743468,713.999400800678,633.214608377255,753.685908618273,735.180965386032,768.464536247949,483.739466789411,504.813237496792,627.599032730674,548.534984710342,539.655241490072,623.087525026259
571.423958902671,543.210161460453,579.963652975499,515.982017520388,581.860651472111,665.619496662147,507.549690927675,471.899536026244,625.431291675293,600.724666427046,671.157441897212,473.921702998039,583.745107413509,515.494480320185,630.795879502886,534.595038375815,504.681128467635,444.417189407624,502.948784689513,541.500807485324,509.811737814702,587.475235627486,575.985467455901,590.861641931298,410.827051308953,366.962763381303,493.80820698492,444.769898431608,382.589985728314,470.680774617612
456.97716397971,472.717742040218,409.301016940881,330.087621872081,496.162847898981,515.383278303172,384.055392766787,344.245314837418,429.232468469671,484.99050405716,511.561584278346,376.136578339753,463.356144964635,454.198577594224,506.953730582553,378.008102548725,428.922363328363,366.860293266323,392.187834212653,370.660114148447,437.297180170026,495.666650761679,487.964905020464,460.618387752667,319.574304502105,242.497757293093,403.895701865245,369.990552528978,287.910220200048,356.428877493241
456.97716397971,472.717742040218,409.301016940881,315.758715608345,496.162847898981,515.383278303172,384.055392766787,344.245314837418,429.232468469671,484.99050405716,511.561584278346,376.136578339753,463.356144964635,454.198577594224,506.953730582553,378.008102548725,428.922363328363,366.860293266323,392.187834212653,370.660114148447,437.297180170026,495.666650761679,487.964905020464,460.618387752667,319.574304502105,240.406241906227,403.895701865245,369.990552528978,287.910220200048,344.01267662389
