19412.517355214,60356.9747826849,15616.4131677691,14158.1164863919,15785.0891606299,17482.7176772355,21624.188516826,21638.9053059015,11436.3826921465,17886.973339075,16559.7692159601,18583.7051440503,15083.2897918886,17147.1624037011,15756.1002547144,15551.6167016279,15096.4231147875,17987.51667569,17732.8206967701,16888.7441376743,12228.0289692897,11762.4903546941,15261.742610252,14737.2418461112,13761.1796492034,16013.7890600831,16222.4412124212,13992.0794994088,14578.3217464151,17420.0265486562
11729.2847622284,19598.6134666833,11304.2744177964,10283.8748395126,10801.4395133816,11517.1781376431,10872.7505307168,11572.7378516612,9987.07078839299,11109.229184773,12956.0043454435,13314.781850409,11311.959914058,10764.8297841263,10265.1706661093,12309.3677991887,10754.4122396883,10788.8555647338,10353.5591623386,10523.2185155828,10661.7690849133,11213.4348812587,12338.2041270951,10902.2048767156,11111.5433453868,10377.7812341332,9821.93682514589,10354.2186342031,10848.2691638134,11248.6800383037
11729.2847622284,11550.1080886134,8971.51019899945,8573.21496202365,8793.34698024479,11420.905585072,9298.43583949056,11572.7378516612,8748.75106829313,10441.1607192981,12940.5158372029,11051.5010326498,9994.58331729531,10764.8297841263,10265.1706661093,10315.879472669,9671.85128093979,9092.48977829216,8539.49287355185,9876.03822617454,9411.7533740029,9396.13045644199,10965.7186032257,9150.78744795062,9471.49964741867,9089.20435695072,9440.72745244728,9409.15262970853,10848.2691638134,8970.90079204194
8505.61522824872,11550.1080886134,7842.53103503729,7296.44676756079,6574.00453144795,8336.30481900757,6829.6256883974,9026.40541427871,6193.7231403287,7454.9478343647,8507.80257031232,8938.41515906747,7708.23606612571,7401.25620488957,8327.17666755484,7829.13928955091,7893.36090395487,7570.36221029506,7568.65524187147,8641.05385280082,6106.11485718825,8347.90837259404,9191.31616093158,7908.7654524176,7099.89626257783,6688.88358758488,6992.40210291499,8356.35383549039,8169.68898382332,8456.34131344464
3955.99298538206,9098.21275234787,3508.918656638,3892.25104577147,4303.05304130553,4125.73732989105,1469.5702962894,4993.89328217226,1847.49333500898,3569.54164231979,5687.13116828404,4608.25592091246,4674.4925925869,4745.14734341636,4163.31868328453,4182.67846497451,4775.98363581348,2491.01974743837,3995.3145865701,4844.29954159482,4291.24071846356,4616.69769530222,5789.60732035351,4607.77253435436,3113.93473775525,3823.54122346712,2899.92837403904,4492.84559095144,4036.05418913139,4909.98328334093
532.472780218085,5272.22614037541,859.473945805471,761.701272018247,972.004533193702,1074.35460112523,541.761863195475,1652.92659360634,986.905851035749,924.632201119749,1032.02828409194,434.862543664453,1415.64649123531,1647.9512772577,1107.51976823118,559.839212421465,813.504559762664,897.093315964544,1191.49643889759,1196.27735918284,1089.83212869934,978.9082139865,651.867195485352,1272.38981134918,1420.7229756086,875.256169798126,1685.39478325324,1726.52391741343,1082.15467023159,1019.461358804
299.789862169273,1788.39243956638,641.719148927968,542.518322530602,697.056627666251,962.053542733105,354.117297961344,1518.64019466016,855.780025577216,709.521072055309,881.352130976863,211.61700903695,1182.82294864604,1490.40537163702,928.186075690874,294.973773710749,598.585370076754,687.218711758085,983.55670404158,1075.61869076452,930.131133822767,822.559094784999,437.479957346667,1070.21680330468,1194.11416580755,717.2577285404,1471.27909615153,1597.79650373401,847.984598735236,833.916568454199
253.914533445662,674.542589977784,559.987032210648,481.184981222563,656.087094082386,789.945825228054,324.161413726374,1346.10247506114,847.170068519966,677.068462704586,734.759802930426,139.847578035587,1131.60813771396,1425.28068394909,837.973892469903,240.36030915982,559.556687306753,664.794993194806,956.572236223745,897.672706447654,838.722571507297,745.46252763476,379.538970802158,989.862833677306,1166.89123171137,693.342175008281,1452.49214365214,1487.04708634861,819.070598003997,714.166935251854
253.585835716965,579.525861376325,559.196686844158,480.788140491618,655.883914005291,787.15899583276,282.805129699179,1345.17494204041,718.221496730529,676.906763810573,733.6380455745,139.473245733501,1131.20971522341,1367.64151096988,837.129383209967,240.03432439602,559.303484703427,664.666732718049,956.419606799208,896.450209056035,832.081216798952,658.95301736966,379.103698617952,989.661806177653,1166.79358996053,692.137915836749,1451.87818171144,1421.22677153652,753.075355300472,712.124670688605
253.494781841478,517.387770808406,559.095040143293,478.014864300403,653.894204568175,787.088002963312,257.017203980829,1345.14793986608,718.081237796615,676.886056291038,733.589799307081,138.739067153248,1131.17109453734,1367.59044792035,770.583918223152,238.71076938506,558.15826697958,663.215140697443,890.073893096811,895.819571945396,830.319617964495,657.425541277108,379.038683691794,987.30508472461,1166.74594661157,557.847061789461,1447.94288345061,1421.14192841431,751.842969884616,712.062101011988
253.476121394709,446.960861640393,558.838854292572,477.161971574943,652.950106680267,786.796366025069,256.979484440369,1345.14277091846,718.063274741992,676.869982945756,733.531272095032,135.690832653221,1131.14445177807,1367.57836110628,770.522053072652,235.398059609286,554.749525565126,660.865479296309,889.978877904551,895.044962249263,827.381699777247,657.394921016562,378.950340210521,984.35035937303,1165.98569467223,557.585570565847,1380.05572408029,1421.11178540576,751.832057306082,711.965189396552
253.473060700443,381.003471740087,558.593562084147,477.061103594606,652.817967820191,786.565310958301,256.900043953999,1345.14045707811,718.060175222984,676.780566418553,733.523800953814,133.218544163033,1131.12128460647,1367.57314256174,770.513513852513,234.575264464929,553.812011315155,660.366103503169,889.968243409761,894.897266071836,826.817395623031,657.364798406337,378.715979331647,983.434599647385,1165.80280336099,557.20790667653,1379.13215257482,1421.04270666697,751.821881905518,711.624146618331
253.471200273768,375.943318443449,558.585628698725,477.021218704549,652.795715136406,786.55323839247,256.808400721317,1345.13952859368,718.057182510217,676.578352686647,733.520470418684,132.714071090075,1131.08065451846,1367.569066253,770.512248284742,234.487590186231,553.703038018366,660.323125533493,889.956845629243,894.871211857498,826.780624755939,657.353815731492,378.577824972023,983.301489545476,1165.76526033887,557.009964276776,1378.98852296107,1420.92927770342,751.79345407719,711.564724515294
253.471060521143,373.924675448105,558.585239310723,477.016513302348,652.785222310536,786.551494522637,256.782007584292,1345.13952859368,718.053588066688,676.567655874287,733.519951262331,132.643211463101,1131.08065451846,1367.5661339826,770.511145587349,234.47611395031,553.69030078756,660.318694834482,889.950240593882,894.869964536825,826.769135206985,657.353200651319,378.571629804219,983.289347546222,1165.76044584426,556.986176901571,1378.97046051692,1420.92051997066,751.747019719132,711.561793689116
