33566021.971586,3362977.89410164,8244596.65727326,122239532.487296,74759529.5354536,7286175.45391214,14703931.6370552,2712387.51056081,152625728.766813,29452319.501512,631286539.401501,144714195.081222,8127878.85925052,411421311.049048,30282903.4717495,4582609.78161641,708539.556007658,154665340.561845,585475710.731205,180485828.834057,48940014.5340107,1531642020.68396,261313110.26006,4864113.77370811,107100100.985161,5145513.51573402,205650252.834062,102077717.309442,76401.5744829496,36759802.2280297
33566021.971586,3362977.89410164,8244596.65727326,122239532.487296,74759529.5354536,7286175.45391214,14703931.6370552,2712387.51056081,152625728.766813,29452319.501512,631286539.401501,144714195.081222,8127878.85925052,411421311.049048,30282903.4717495,4582609.78161641,708539.556007658,154665340.561845,585475710.731205,180485828.834057,48940014.5340107,1531642020.68396,261313110.26006,4864113.77370811,107100100.985161,5145513.51573402,205650252.834062,102077717.309442,76401.5744829496,36759802.2280297
33566021.971586,3362977.89410164,8244596.65727326,122239532.487296,74759529.5354536,7286175.45391214,14703931.6370552,2712387.51056081,152625728.766813,29452319.501512,631286539.401501,144714195.081222,8127878.85925052,411421311.049048,30282903.4717495,4582609.78161641,708539.556007658,154665340.561845,585475710.731205,180485828.834057,48940014.5340107,1531642020.68396,261313110.26006,4864113.77370811,107100100.985161,5145513.51573402,205650252.834062,102077717.309442,76401.5744829496,36759802.2280297
33566021.971586,3362977.89410164,8244596.65727326,122239532.487296,74759529.5354536,7286175.45391214,14703931.6370552,2712387.51056081,152625728.766813,29452319.501512,631286539.401501,144714195.081222,8127878.85925052,411421311.049048,30282903.4717495,4582609.78161641,708539.556007658,154665340.561845,585475710.731205,180485828.834057,48940014.5340107,1531642020.68396,261313110.26006,4864113.77370811,107100100.985161,5145513.51573402,205650252.834062,102077717.309442,76401.5744829496,36759802.2280297
33566021.971586,3362977.89410164,8244596.65727326,122239532.487296,74759529.5354536,7286175.45391214,14703931.6370552,2712387.51056081,152625728.766813,29452319.501512,631286539.401501,144714195.081222,8127878.85925052,411421311.049048,30282903.4717495,4582609.78161641,708539.556007658,154665340.561845,585475710.731205,180485828.834057,48940014.5340107,1531642020.68396,261313110.26006,4864113.77370811,107100100.985161,5145513.51573402,205650252.834062,102077717.309442,76401.5744829496,36759802.2280297
33566021.971586,3362977.89410164,8244596.65727326,122239532.487296,74759529.5354536,7286175.45391214,14703931.6370552,2712387.51056081,152625728.766813,29452319.501512,631286539.401501,144714195.081222,8127878.85925052,411421311.049048,30282903.4717495,4582609.78161641,708539.556007658,154665340.561845,585475710.731205,180485828.834057,48940014.5340107,1531642020.68396,261313110.26006,4864113.77370811,107100100.985161,5145513.51573402,205650252.834062,102077717.309442,76401.5744829496,36759802.2280297
20934306.2190898,2803795.02550323,5330864.14470539,81146489.6508558,39963466.8274369,7286175.45391214,10802583.4100571,1010774.80151851,66939928.0587411,17226491.68286,438151248.962418,134430018.644407,6807301.55229526,344292852.994511,20014779.9727613,3434470.22058785,402184.588196675,154665340.561845,397234179.039729,157872457.470863,25826861.4414281,1452841247.97221,149147837.197218,3969754.80948734,70181625.1969162,3516771.64588217,182954911.431549,77273842.4258993,40908.2973353865,26488197.1667657
11909877.1597936,1048309.12078003,2084702.80970967,12106235.8257935,14915257.4317199,2719546.89949385,5298225.14224744,256832.042378519,43644233.7075962,2095933.50546659,109842222.268119,28290268.0168941,1367281.23647679,158068069.860719,15953617.4682619,1445512.84994051,297739.907461255,41132519.7997897,86065880.0419232,75264376.4355749,8840023.91142433,143616063.305449,41873453.1437931,576165.662025023,16205178.5000003,777872.187160086,40495824.7259961,13529816.2265944,14725.1342677739,8704543.95374041
7090441.619412,102572.536148202,169911.122900593,164200.583145643,538312.960850652,474365.435306254,678084.377687391,49693.4327644112,6066590.62842775,394750.857562718,4848410.42039915,213948.679831444,706894.595379638,12499421.6536551,2839566.42927171,24231.4093958669,49113.6227951414,6992880.54874381,2595708.58068754,29046464.4872476,840682.597127543,875046.311182965,1036220.87774796,12283.2159000111,2235722.44245445,154155.804986686,8500304.12012945,1239790.98014094,4234.33538790641,1546441.96248701
3789.69319424152,3809.43939083245,3310.40688020646,3565.43877439537,3984.12820736384,4594.91962205636,5101.62946436136,5151.11197127496,3827.62314098321,5647.93504553552,3352.34791613982,3296.05657499988,5179.35999795354,3218.390119611,2972.59664745771,2931.20134565332,3993.34440540678,4046.58089213241,9768.38943265242,5336.36236523768,5310.36137143031,7920.76262206854,4323.45861642819,3101.80503564397,4044.69598274493,3001.70065130265,4094.8785596712,3367.386019786,3105.28670123694,4831.77894540231
3631.08781480068,3318.71327526022,3077.889617699,3447.49899024075,3113.52052881337,2306.884014893,2458.00625754237,2004.25802465608,2954.92867039375,2246.02062831245,3056.82508778753,2998.0391150758,2742.84915048631,2535.15987170401,2972.59664745771,2428.53916501917,3417.2067115364,2289.19796619829,2816.26835635931,2483.81972125855,2814.59153744926,2888.56088224135,3632.08736685873,2642.28626019476,3357.4813139361,2335.26959444794,3310.84248080966,2586.85059846662,2618.10937632658,2655.61028101717
2071.26234526826,2130.63564685196,2303.621478009,2063.97107670083,2379.71480138662,1869.00850148709,1572.5482065144,1621.64938330255,2430.67465394956,1370.70591634763,2470.19884980064,2223.38003264255,1819.78059486594,2048.00595986545,2493.11594390349,1953.54044807118,2488.37909184116,2076.09324409337,2305.88689848267,2079.45822173091,2040.4720197292,2222.6702487065,2304.64473262302,1591.69986357429,2223.5784278081,1968.66829544955,2236.18997070126,2320.33928842888,1921.72779302242,1980.09590514716
1479.78686071552,1665.24011673517,1230.56938940355,1106.90932091193,1423.71380754637,423.011394510385,584.374228854547,852.703652309297,1002.29115858488,681.049640302836,1334.89474870035,917.408760490815,1028.50720090056,777.834805720992,1394.56254342054,814.304785151879,1817.1536316593,973.835140548193,1247.93937724408,723.58560438565,930.229459800856,1186.31047689378,1267.22762965902,921.995604329623,1823.67054641136,1358.71501505428,1604.47939903237,1670.53396653517,1651.00019568749,1044.11051007319
369.763038594635,888.072234659416,207.827358245276,502.081659249543,258.012061853479,311.487789202181,411.10131771713,739.002366690199,389.959338704202,647.299708844175,637.146985212891,809.899553350087,769.275084507818,662.073107729175,543.913385657913,393.386134229397,505.704077742824,246.91372078856,471.448355395395,400.414378700511,518.304863664629,383.043933775707,388.930783815357,822.180524112993,399.239327768275,812.418208499545,500.501068017092,492.469410503281,878.415997822395,934.431520150664
351.01774607677,217.389762849295,207.48069039472,501.75180002755,250.054961155771,311.437878115722,411.062253424906,738.993436403683,389.241580256965,647.242259215654,636.492536529819,809.829035993439,769.039880804635,662.019846132343,537.640455202408,393.33588110302,496.854236235133,244.639799538647,470.208630633098,400.31885573802,518.138949749105,378.425621889938,384.893762247592,822.073016714309,394.670616433969,811.979544567124,498.431736325723,441.797938321763,876.617367594527,934.403289483783
351.017551655866,217.388312872351,207.480619515279,254.055367431557,250.053315054131,292.656525664454,212.072480864023,293.4843016508,305.414719210277,209.544437929718,234.390451129197,190.507185966655,209.080615250082,452.623938408533,432.979126399135,77.27858982424,316.003753372784,244.639778172483,296.208122181611,346.946113374744,53.6560448048497,378.425595666694,384.888330947304,321.053876190244,217.030424430441,441.760593369742,498.431608615326,441.797109162191,295.324200478323,333.053698226827
