88316396.1667148,291706833.883865,500926816.290477,906215606.643691,19681097.6768783,36760651.3893215,38542255.2977558,20068743.1304952,2360761462.44924,381960718.532658,145758459.617583,410165406.799404,188681300.361118,71617715.633113,207077211.686045,22895027.9192274,74387907.0059958,120841886.730733,2048897003.69349,329364815.844504,33520036.165831,101834206.769811,33862085.7970003,40369004.6487825,459147657.578248,511478246.311434,75701795.9952303,680914494.857438,9399906.55544868,426534717.132895
56597774.2788058,36908602.365989,41829222.8549736,77147720.1400696,6932008.39130275,7007022.10183983,26570517.9928328,7663736.0481863,93115208.4210473,5172701.68512204,7641497.24360148,17160612.1488939,44724633.3094184,16739268.6794044,44240114.2590839,16907804.8493547,20822959.5375188,78920856.920565,91803660.6401442,22996740.5080848,17508681.6470836,47247476.3525074,33862085.7970003,17501595.4789705,5591514.40842312,12448370.2818487,2165248.90780249,26409074.5515493,4739526.39102889,76947453.8886177
12350295.4151021,17097059.5662996,16236068.579411,43962070.585907,2586400.20656175,2409874.38434548,18064807.2911669,2346431.37509596,34715214.6735864,2787926.47972854,6308781.45274752,4311680.6452832,34093528.4879116,11280917.8667878,34506912.8829037,5129626.64311257,18905479.3185824,50447967.7408506,25399476.5031789,8265762.41996312,4524698.6485855,29211909.4304718,2817633.83879285,4519879.26579594,5591514.40842312,12448370.2818487,2165248.90780249,10952395.5097748,3130694.39060674,22535522.2960582
1175004.34152013,5345128.30898373,5750115.38158242,5411651.32409328,832406.32944291,453944.909100508,1812103.8231706,586142.440829446,7359176.60159032,1684755.00955069,1505528.49468493,2242850.13932608,2933668.55803729,1073134.45758227,4207720.26885912,2104195.29886715,5077236.10853121,11506776.0777228,14443469.0211547,2996664.00776352,2369247.48895524,6615451.59349855,2747570.0538399,914502.112570568,1540569.87762033,7748738.93236657,614080.594046955,5208914.83078033,1480845.85616632,4122416.33136891
136095.18337764,170309.975132623,517504.423507559,351038.010779609,233761.326254042,147184.835645349,191537.522446289,143082.884158963,446263.537326834,290968.13131406,192504.505560126,153191.790187478,596442.012794629,257338.595944149,302137.618931755,598253.117961123,622911.393581344,409068.861554903,542131.533293228,591007.157832742,373727.356347883,423192.941522279,330244.615442009,253261.166568254,71798.699902113,597694.435493463,124393.941716752,150835.802837059,238451.771420136,225951.253393081
24189.214360608,19336.6476239008,31868.5391739754,26570.3500629545,33399.6316474798,38062.0090702573,28229.2213315887,47398.9113013471,62699.0497929688,17502.3239546362,26324.0472691421,21069.5995473165,63241.859269951,32798.3185792248,29424.1275390379,22991.2099278768,54560.2548296488,23969.9776862516,33275.3458301566,22150.4152660621,22438.1918402964,17567.7763137046,15863.3052625528,19638.5565564334,17638.4567001095,7688.35219996354,17901.8950193523,23510.7186917878,15918.6594544339,10828.762876655
548.072225459553,661.42078086385,605.24112338041,713.733278190454,428.224148049595,713.293010059222,670.030963779122,1380.89630856452,892.213767057283,389.528402768635,311.589477429035,579.857503753683,719.310407142078,306.447210999444,457.700847910602,810.268316478537,686.147558746946,581.127567495871,606.839574936978,971.86039445182,551.618758258232,672.192698063887,402.84457621462,293.579212148509,331.903487726239,239.976842045784,725.182742095612,728.114898455642,472.181580529849,291.495979075554
246.335504774485,357.014708006148,256.732529102216,259.30560318546,258.855380775205,312.613157453198,310.299477283783,355.468326631966,222.545553381046,233.509498855275,195.366294714919,306.496174867703,218.598835829004,125.610285288419,262.21303140849,434.800648713167,231.557492628841,386.790864480349,279.995047610108,170.962002938486,258.774399547212,418.598158938541,297.375499416213,176.122898470827,211.872325660437,109.310626728018,458.753612542573,310.356725497509,255.586107446699,155.619805348928
235.882664617619,357.014708006148,256.732529102216,259.30560318546,258.855380775205,312.613157453198,310.299477283783,355.468326631966,209.528865999142,233.509498855275,195.366294714919,306.496174867703,218.598835829004,125.610285288419,262.21303140849,434.800648713167,231.557492628841,386.790864480349,279.995047610108,170.962002938486,258.774399547212,418.598158938541,297.375499416213,176.122898470827,211.872325660437,109.310626728018,458.753612542573,310.356725497509,255.586107446699,155.619805348928
235.882664617619,357.014708006148,256.732529102216,238.505256944339,258.855380775205,312.613157453198,286.705299345447,319.148416882055,209.528865999142,233.509498855275,195.366294714919,284.077637576814,218.598835829004,125.610285288419,143.949555352525,329.525119743888,231.557492628841,386.790864480349,279.995047610108,170.962002938486,258.774399547212,290.903600858627,297.375499416213,176.122898470827,211.872325660437,109.310626728018,337.606716626149,309.368261261928,255.586107446699,155.619805348928
235.882664617619,269.381278503884,179.458657723773,181.511654800571,245.477249454089,312.613157453198,217.809681528487,172.085099635343,209.528865999142,230.076767170336,195.366294714919,181.707362002022,218.598835829004,125.610285288419,102.727960824186,191.74428813502,231.421607969417,232.878482427121,279.995047610108,162.977146274142,203.567174815669,224.620553570915,297.375499416213,176.122898470827,209.676774749268,109.310626728018,218.443293148635,213.097536830772,200.200277646933,155.619805348928
235.882664617619,269.381278503884,179.458657723773,181.511654800571,245.477249454089,264.832043446372,217.809681528487,172.085099635343,209.528865999142,230.076767170336,195.366294714919,181.707362002022,218.598835829004,125.610285288419,102.727960824186,191.74428813502,231.421607969417,232.878482427121,279.995047610108,162.977146274142,203.567174815669,207.772901106004,297.375499416213,176.122898470827,209.676774749268,109.310626728018,218.443293148635,213.097536830772,200.200277646933,155.619805348928
235.403662394233,269.381278503884,179.458657723773,181.511654800571,242.148087294286,264.832043446372,217.809681528487,172.085099635343,209.528865999142,230.076767170336,195.366294714919,181.707362002022,218.598835829004,125.610285288419,102.727960824186,191.74428813502,231.421607969417,213.311941315759,252.142394255562,162.977146274142,203.567174815669,207.772901106004,295.92454734545,176.122898470827,209.676774749268,109.310626728018,185.925119244622,213.097536830772,200.200277646933,155.619805348928
201.417387771201,268.489961663184,179.458657723773,181.511654800571,242.148087294286,264.832043446372,217.809681528487,172.085099635343,209.528865999142,230.076767170336,195.366294714919,181.707362002022,218.598835829004,125.610285288419,102.727960824186,191.74428813502,231.421607969417,213.311941315759,252.142394255562,162.977146274142,203.567174815669,207.772901106004,249.254323065304,176.122898470827,209.676774749268,109.310626728018,185.925119244622,213.097536830772,200.200277646933,155.619805348928
