3785.75093328931,3476.58641938514,4010.08704940999,3972.25594107072,3509.87542384199,3306.0500564109,2984.3044076698,3496.7178726405,4178.64845132319,3551.33376651815,5086.05390312853,4948.44794540883,3807.68849917192,2500.48384381049,3567.30360721705,4298.00397062486,3970.44219316076,4065.58731654458,3442.28129243932,4143.34595900607,4193.90137485619,3256.3361038727,3961.7996359406,3921.82189490965,4542.37523871426,3401.86017769724,3115.74227403836,3132.88672255125,3761.42757027997,3898.38428175337
3785.75093328931,3476.58641938514,4010.08704940999,3972.25594107072,3509.87542384199,3306.0500564109,2984.3044076698,3496.7178726405,4178.64845132319,3551.33376651815,5086.05390312853,4948.44794540883,3807.68849917192,2500.48384381049,3567.30360721705,4298.00397062486,3970.44219316076,4065.58731654458,3442.28129243932,4143.34595900607,4193.90137485619,3256.3361038727,3961.7996359406,3921.82189490965,4542.37523871426,3401.86017769724,3115.74227403836,3132.88672255125,3761.42757027997,3898.38428175337
3785.75093328931,3476.58641938514,4010.08704940999,3972.25594107072,3509.87542384199,3306.0500564109,2984.3044076698,3496.7178726405,4178.64845132319,3551.33376651815,5086.05390312853,4948.44794540883,3807.68849917192,2500.48384381049,3567.30360721705,4298.00397062486,3970.44219316076,4065.58731654458,3442.28129243932,4143.34595900607,4193.90137485619,3256.3361038727,3961.7996359406,3921.82189490965,4542.37523871426,3401.86017769724,3115.74227403836,3132.88672255125,3761.42757027997,3898.38428175337
3785.75093328931,3476.58641938514,4010.08704940999,3972.25594107072,3509.87542384199,3306.0500564109,2984.3044076698,3496.7178726405,4178.64845132319,3551.33376651815,5086.05390312853,4948.44794540883,3807.68849917192,2500.48384381049,3567.30360721705,4298.00397062486,3970.44219316076,4065.58731654458,3442.28129243932,4143.34595900607,4193.90137485619,3256.3361038727,3961.7996359406,3921.82189490965,4542.37523871426,3401.86017769724,3115.74227403836,3132.88672255125,3761.42757027997,3898.38428175337
3785.75093328931,3476.58641938514,4010.08704940999,3972.25594107072,3509.87542384199,3306.0500564109,2984.3044076698,3496.7178726405,4178.64845132319,3551.33376651815,5086.05390312853,4948.44794540883,3807.68849917192,2500.48384381049,3567.30360721705,4298.00397062486,3970.44219316076,4065.58731654458,3442.28129243932,4143.34595900607,4193.90137485619,3256.3361038727,3961.7996359406,3921.82189490965,4542.37523871426,3401.86017769724,3115.74227403836,3132.88672255125,3761.42757027997,3898.38428175337
3785.75093328931,3476.58641938514,4010.08704940999,3972.25594107072,3509.87542384199,3306.0500564109,2984.3044076698,3496.7178726405,4178.64845132319,3551.33376651815,5086.05390312853,4948.44794540883,3807.68849917192,2500.48384381049,3567.30360721705,4298.00397062486,3970.44219316076,4065.58731654458,3442.28129243932,4143.34595900607,4193.90137485619,3256.3361038727,3961.7996359406,3921.82189490965,4542.37523871426,3401.86017769724,3115.74227403836,3132.88672255125,3761.42757027997,3898.38428175337
3093.64476068803,3476.58641938514,3437.9674623958,3628.18588698012,3189.89127613211,3306.0500564109,2984.3044076698,3287.63803579244,3602.96527536268,2963.15352485199,4228.45101088605,4430.24923997633,3506.30012473325,2500.48384381049,3335.03518827202,3655.43597616138,3678.11903853081,3578.33366788524,3442.28129243932,3879.72325950189,3277.24050882739,2951.5804930457,3961.7996359406,3456.95667710036,4441.23529120953,3222.38493234092,3115.74227403836,3132.88672255125,3761.42757027997,3898.38428175337
2821.18972614124,3476.58641938514,3437.9674623958,3232.71622347682,3189.89127613211,3048.11099164621,2984.3044076698,2589.12932289306,3602.96527536268,2963.15352485199,3953.61963218823,4430.24923997633,3081.53250516704,2500.48384381049,3335.03518827202,3655.43597616138,3625.66186748343,2730.94059262502,2952.94250203391,2949.51799822898,3277.24050882739,2924.68287430088,3550.63213384169,3342.50882127006,4189.24155974713,3117.90711763527,3115.74227403836,3132.88672255125,3456.44907038046,3885.84800308357
2821.18972614124,3476.58641938514,3271.67103543189,3232.71622347682,2963.07995262721,3048.11099164621,2984.3044076698,2589.12932289306,3480.27509118506,2785.48337292166,3538.16848168153,3916.53128930143,3081.53250516704,2500.48384381049,3335.03518827202,3655.43597616138,3477.76890061355,2730.94059262502,2476.09577505301,2949.51799822898,2750.2959169815,2657.6876250516,3253.48453806995,3169.86402490725,3532.45889676509,3117.90711763527,3115.74227403836,3132.88672255125,3046.3133039204,3514.28709080615
2555.93550396398,2789.27122002798,2713.81225888772,3009.36419091319,2546.21849295066,2794.88260810559,2984.3044076698,2589.12932289306,2914.63986142947,2375.17001827054,2938.23959271822,3253.69967748362,3081.53250516704,2500.48384381049,3167.44447449314,3423.18725084625,3220.91881157416,2718.08961392076,2476.09577505301,2606.28847327795,2328.70308850782,2083.52956328101,2812.59286969151,2571.47286677835,3062.12454030901,2886.96672850176,2716.25125333525,2932.46273548888,2768.61456117489,2891.35255163918
2263.71813743486,2156.97409056181,2090.13224972438,2964.54053039803,2232.05898337884,2537.45062921637,2551.4092170741,1793.38100361806,2546.70304182388,2156.06130171888,2859.40145011924,2998.67262359507,2654.57493555315,1945.10022454457,2496.01630085569,2268.99462317538,2559.96282039257,2326.7927446947,2162.79345664744,2362.81890689081,2245.32418239777,2083.52956328101,2014.27719761546,2380.20385519244,2506.33378735697,2677.70390770336,2276.20218276645,2504.00981857858,2364.7883135711,2532.35613168772
1837.02520411902,1982.68873407442,1805.07718799485,2125.13793464444,1775.04405457696,1403.51436024221,2032.85797722718,1208.35290315937,1622.2852754291,1789.08112469736,2271.30410643869,2059.55340349778,2173.09059547613,1861.91960349883,1871.487187511,1804.76225545907,1629.77506114428,2164.26877974554,1355.63516328938,1888.91943306239,1379.25375643825,1912.97089077652,1231.0443945845,2038.78864815571,2127.88669051532,1773.40001451378,1726.28041151093,1933.49846538428,1327.62264135927,2058.03392183756
869.650280881372,1249.56939140649,869.231094983163,1258.77406449743,1005.95361443093,1119.30603047314,1636.50938770206,738.101923200107,1229.80811363288,1044.4735097132,1253.99315269349,1240.60045793623,956.024892351652,1328.79220310405,1117.02219043032,882.665268162541,985.57916431524,832.060246901776,491.627992855102,745.029096922193,660.820883989038,1083.67029693989,672.714316500823,1304.25904236358,1377.50605635522,951.961342290357,783.806403562009,653.919600643479,831.100153090223,1261.84002993945
245.230508625026,276.721998181635,691.996251129802,462.921253369367,887.941778239248,693.614849939674,78.2585747508961,196.100101299852,304.219003777939,196.238659289182,884.615933270542,355.546076325641,927.831121831001,90.7279830268253,338.069732851194,188.384353927588,569.617071463369,380.455371426723,444.056238027142,564.558857315871,537.385799281701,112.218990042168,654.165424919485,285.75524757615,350.873946029088,118.626803768133,513.207100841587,167.859294346368,342.873595681731,389.925755961478
237.732653753186,267.588390058196,689.791585177695,460.457546715886,884.824782894522,690.74558403343,59.3541071117743,195.53124832496,302.901645509115,187.598813289474,883.747961946579,354.369228363694,926.5328499836,78.5631332516905,323.200586676843,186.221993249942,569.36134056648,368.028607104784,443.840764512024,564.092761611861,536.382330442548,80.6887180590361,653.160262107397,263.235496086907,347.037098327518,109.573226263073,512.506077570168,148.243045838683,338.7978470764,386.860085270071
99.2422819857229,96.5102837511399,164.121432500667,236.439817721246,495.813545702691,320.220720953494,59.3329592600289,88.0294021339123,35.069652586571,46.7657751467409,417.554466994279,60.2911081210909,182.767984735856,78.5519147736386,229.859156684366,186.216957546585,44.3269733172469,87.8949282011213,243.33374722175,312.811621176118,177.990092918508,65.1840805210445,46.5842852964352,160.982377738045,216.957377994268,109.565056814562,296.47411843511,148.229528063992,250.067515931128,312.178378704389
