37536.1628030354,37444.7424860352,36208.8139199822,38020.1295964275,38283.9903735645,50561.6839643355,38949.8684579696,39013.2748943435,37553.5003881671,36976.8620137149,39374.3266320407,39406.3253893989,36583.4543264597,35891.3666397209,39727.2591864904,36785.8214325958,37921.6543022625,39826.5627195495,36114.9873551631,34143.1241011557,36443.0048210609,42760.1900675899,40183.4059007549,38370.0481256994,38793.1737170714,39486.233467652,37622.539177225,38503.2275640214,37335.7560734322,37144.7063005171
37536.1628030354,37444.7424860352,36208.8139199822,38020.1295964275,38283.9903735645,50561.6839643355,38949.8684579696,39013.2748943435,37553.5003881671,36976.8620137149,39374.3266320407,39406.3253893989,36583.4543264597,35891.3666397209,39727.2591864904,36785.8214325958,37921.6543022625,39826.5627195495,36114.9873551631,34143.1241011557,36443.0048210609,42760.1900675899,40183.4059007549,38370.0481256994,38793.1737170714,39486.233467652,37622.539177225,38503.2275640214,37335.7560734322,37144.7063005171
37536.1628030354,37444.7424860352,36208.8139199822,38020.1295964275,38283.9903735645,50561.6839643355,38949.8684579696,39013.2748943435,37553.5003881671,36976.8620137149,39374.3266320407,39406.3253893989,36583.4543264597,35891.3666397209,39727.2591864904,36785.8214325958,37921.6543022625,39826.5627195495,36114.9873551631,34143.1241011557,36443.0048210609,42760.1900675899,40183.4059007549,38370.0481256994,38793.1737170714,39486.233467652,37622.539177225,38503.2275640214,37335.7560734322,37144.7063005171
37536.1628030354,37444.7424860352,36208.8139199822,38020.1295964275,38283.9903735645,50561.6839643355,38949.8684579696,39013.2748943435,37553.5003881671,36976.8620137149,39374.3266320407,39406.3253893989,36583.4543264597,35891.3666397209,39727.2591864904,36785.8214325958,37921.6543022625,39826.5627195495,36114.9873551631,34143.1241011557,36443.0048210609,42760.1900675899,40183.4059007549,38370.0481256994,38793.1737170714,39486.233467652,37622.539177225,38503.2275640214,37335.7560734322,37144.7063005171
37536.1628030354,37444.7424860352,36208.8139199822,38020.1295964275,38283.9903735645,50561.6839643355,38949.8684579696,39013.2748943435,37553.5003881671,36976.8620137149,39374.3266320407,39406.3253893989,36583.4543264597,35891.3666397209,39727.2591864904,36785.8214325958,37921.6543022625,39826.5627195495,36114.9873551631,34143.1241011557,36443.0048210609,42760.1900675899,40183.4059007549,38370.0481256994,38793.1737170714,39486.233467652,37622.539177225,38503.2275640214,37335.7560734322,37144.7063005171
37536.1628030354,37444.7424860352,36208.8139199822,38020.1295964275,38283.9903735645,50561.6839643355,38949.8684579696,39013.2748943435,37553.5003881671,36976.8620137149,39374.3266320407,39406.3253893989,36583.4543264597,35891.3666397209,39727.2591864904,36785.8214325958,37921.6543022625,39826.5627195495,36114.9873551631,34143.1241011557,36443.0048210609,42760.1900675899,40183.4059007549,38370.0481256994,38793.1737170714,39486.233467652,37622.539177225,38503.2275640214,37335.7560734322,37144.7063005171
37536.1628030354,37444.7424860352,36208.8139199822,38020.1295964275,38283.9903735645,50561.6839643355,38949.8684579696,39013.2748943435,37553.5003881671,36976.8620137149,39374.3266320407,39406.3253893989,36583.4543264597,35891.3666397209,39727.2591864904,36785.8214325958,37921.6543022625,39826.5627195495,36114.9873551631,34143.1241011557,36443.0048210609,42760.1900675899,40183.4059007549,38370.0481256994,38793.1737170714,39486.233467652,37622.539177225,38503.2275640214,37335.7560734322,37144.7063005171
35208.1067913871,37444.7424860352,36208.8139199822,38020.1295964275,36741.3695584272,50561.6839643355,36865.5149984471,39013.2748943435,37553.5003881671,36976.8620137149,36559.0142186438,39406.3253893989,36583.4543264597,35891.3666397209,38784.6671580322,36785.8214325958,37921.6543022625,39826.5627195495,36114.9873551631,33766.5434300797,35509.3087546604,42760.1900675899,38763.6430225133,38370.0481256994,38209.7744458963,39486.233467652,36049.8277717001,36235.6844717273,37335.7560734322,37144.7063005171
35208.1067913871,37444.7424860352,36208.8139199822,36134.2307039043,36741.3695584272,40377.8224526579,36795.6048146912,38764.0299213667,37553.5003881671,35582.5150164497,36559.0142186438,37608.8643274972,34171.9997645009,35428.6043215182,38530.1464057014,36785.8214325958,34984.8024991588,37992.8536175897,34628.6341306177,33766.5434300797,35509.3087546604,40272.4231447549,38214.4489577783,36493.6083608214,38209.7744458963,37930.0550768676,36049.8277717001,36235.6844717273,37335.7560734322,35711.2593925893
34936.4979272056,37444.7424860352,35364.2532518498,36134.2307039043,36509.6382326855,39526.6378813902,36795.6048146912,36497.2450261443,36278.1602984326,35078.5827121048,36559.0142186438,36337.0809743728,34171.9997645009,35141.1440347073,37150.1150010493,36495.9006703245,34984.8024991588,37399.9586750533,34221.8461246643,33379.5175478968,35507.6241375498,39503.8588786009,38214.4489577783,35583.5204884808,38209.7744458963,37930.0550768676,36049.8277717001,36235.6844717273,37335.7560734322,35711.2593925893
33831.5901423525,34942.3314261651,34330.2965381468,34742.464603154,34612.4569537302,36694.9949711398,35022.5483234209,34191.0769612937,32857.8983912247,35078.5827121048,34266.6272020579,33579.5612308301,34171.9997645009,34816.0778427802,33189.0243377857,35660.2684232928,34363.4417915873,36358.777307293,33699.8507707367,33379.5175478968,34542.9210298275,36140.2444633003,36134.9200055619,35583.5204884808,34616.9357813168,35596.254255487,33830.4100375572,32610.4598296099,35300.7124472943,34144.0956511519
32231.4232148897,33821.9595043808,33272.7711250696,33804.2310281723,32378.7903452965,35199.2588199644,33810.0486304436,33976.9427812677,31716.3872322752,33468.8391970036,33870.2131463703,33579.5612308301,33177.5324320126,32410.9747474149,33189.0243377857,32633.1065656262,33568.8094815341,34177.1837400004,30871.0834309244,30155.5090173744,32999.3445103141,33754.3764197104,32777.4681292835,33974.4422719003,33161.7512141823,33740.9520084673,33316.2025850265,32610.4598296099,33401.2370447787,32470.9320266722
30436.7294218163,30798.7392862483,30401.4609505822,15521.6440878549,30455.8304869543,31101.7578610906,31648.4974117798,30686.5178970614,30764.0298417884,30503.5396038718,29988.2911327343,30177.8500795726,29957.7730985523,16183.9742653238,31670.8887973631,30435.146686021,29573.7810209787,31171.4661743579,29159.5604737808,30155.5090173744,31518.9437320116,21740.4933448521,31150.6525534148,31669.5014503705,30639.3560194204,30808.6699279068,31386.7546314218,32022.7734771828,30632.2324668793,29244.0777113617
26347.4239153634,21846.7328598656,18067.6400932534,142.667875578902,19408.2362559306,10196.981791388,20813.9891049929,28764.0808956333,26021.795112775,15547.0474925136,24608.4237749782,17311.8715845019,15349.7083693785,309.726500510339,26141.8345579389,22297.3997936512,20534.5215911638,22692.646642142,12624.4967580504,25132.2683211199,26437.0965342149,175.569503358911,198.94818946057,26973.6897298578,23225.9422220405,20568.6286363137,23108.8513684779,1014.10371374345,22698.0792993762,9320.1851507321
2076.40571541674,2365.0459866601,6384.17544212222,100.00001211622,2203.46601237916,10196.981791388,3043.94414538886,1697.73708261168,3708.47116965969,7271.17665794411,2663.43671483803,6058.79925707368,7766.3076419686,100.00335695956,1951.07234878337,6066.40475855888,2903.81399602507,4657.98429462418,6675.96964299912,2875.08629997559,1417.83487421424,100.000046536883,100.000032333654,3660.19993584901,4578.1782857709,4591.35130461798,4319.13557723742,100.000075669628,3319.25697882399,7620.08714561208
1588.31545990255,1830.25053858314,2304.64332036518,100.000001653955,1558.42571430526,1318.75535617816,100.000001710498,1697.66799674744,3708.45283468626,100.000001638449,2195.0786072974,2927.76978540606,1977.54271461509,100.000001629559,1827.84109983538,2855.49589818215,1238.44990822214,2952.99797733863,4052.90609944142,2845.06647556449,858.110494793024,100.000001616037,100.000002175357,100.000001554335,1874.61212143478,100.00000163305,100.000001838704,100.000001500845,3155.38611687869,2485.60609001075
