3290.15799626308,16150.6146146252,4701.69899185813,5856.31822471131,11232.5914489497,4547.95455391317,4826.57961014716,4980.95295682371,5983.11685807557,11055.9476660027,4322.25111704342,6442.99618695214,3060.91207210832,5795.96619501583,6369.40665145273,12596.0398286983,13345.8984407302,5359.55044661246,10499.32880606,3937.9151770041,10814.6674433911,3120.35183115816,4589.93061091471,6326.07008412059,6238.94606046256,10236.2374272919,4333.9027293014,14292.9221536718,17721.854020015,9341.58542946154
3290.15799626308,16150.6146146252,4701.69899185813,5856.31822471131,11232.5914489497,4547.95455391317,4826.57961014716,4980.95295682371,5983.11685807557,11055.9476660027,4322.25111704342,6442.99618695214,3060.91207210832,5795.96619501583,6369.40665145273,12596.0398286983,13345.8984407302,5359.55044661246,10499.32880606,3937.9151770041,10814.6674433911,3120.35183115816,4589.93061091471,6326.07008412059,6238.94606046256,10236.2374272919,4333.9027293014,14292.9221536718,17721.854020015,9341.58542946154
3290.15799626308,16150.6146146252,4701.69899185813,5856.31822471131,11232.5914489497,4547.95455391317,4826.57961014716,4980.95295682371,5983.11685807557,11055.9476660027,4322.25111704342,6442.99618695214,3060.91207210832,5795.96619501583,6369.40665145273,12596.0398286983,13345.8984407302,5359.55044661246,10499.32880606,3937.9151770041,10814.6674433911,3120.35183115816,4589.93061091471,6326.07008412059,6238.94606046256,10236.2374272919,4333.9027293014,14292.9221536718,17721.854020015,9341.58542946154
3290.15799626308,16150.6146146252,4701.69899185813,5856.31822471131,11232.5914489497,4547.95455391317,4826.57961014716,4980.95295682371,5983.11685807557,11055.9476660027,4322.25111704342,6442.99618695214,3060.91207210832,5795.96619501583,6369.40665145273,12596.0398286983,13345.8984407302,5359.55044661246,10499.32880606,3937.9151770041,10814.6674433911,3120.35183115816,4589.93061091471,6326.07008412059,6238.94606046256,10236.2374272919,4333.9027293014,14292.9221536718,17721.854020015,9341.58542946154
3290.15799626308,16150.6146146252,4701.69899185813,5646.62199807079,10322.0028435238,4374.15635978341,4487.90926691585,4891.84756483831,5821.1904833234,10585.2046998123,4063.62055660984,5871.08762745836,2976.41511609974,5355.26636616679,5465.9094825201,11806.2563304602,12398.8342774922,5263.33296135033,9597.50848635054,3937.9151770041,10814.6674433911,2563.09302412266,4105.69133110245,6326.07008412059,6056.71810247151,9964.05474974249,3790.67393482776,13816.2228441412,17721.854020015,8498.62956023979
3290.15799626308,15790.7520423728,4395.07080173657,5342.08100363872,9931.60772150092,3872.8761481225,3952.904929436,4389.18356781634,4923.91968751114,10012.3677686855,3837.22192769964,5871.08762745836,2845.44007810503,4720.0646419645,4915.79070055787,11272.5011261469,11454.5042134987,4758.29065365891,8862.29804570558,3479.09129320376,10090.9810761386,2419.7788321138,3930.00963546628,5503.50804869727,5331.96619654174,9275.76712837901,3729.51617582287,11391.1025315545,16856.5774406675,8218.07665964615
3116.93729573782,11592.2070515914,3698.76794223445,4089.18790464854,8196.12468228649,3278.52384898556,3444.67661522703,3048.77742685385,3272.02492324379,7801.1606748876,3201.54760951705,5408.34493602998,2201.20156299257,3056.95670724445,3630.43416900927,8743.00535490308,7429.20758047681,4194.44362888124,6601.63595730429,2756.69707675487,5861.06007250191,2234.07934698443,2516.57107919036,4197.13053117934,4275.60573288088,8705.53446476898,2997.12506104604,8149.44093209893,13489.6667039632,7257.1110421292
2625.75250141475,7597.27175261617,2318.21758550759,3078.9687897856,3603.80051013537,2578.62514141394,2376.3560311649,2693.25974744048,2552.43571538252,5979.81374022494,2431.45489285355,4544.6440433134,1985.68535384239,1875.14348287272,1981.58145928392,5682.04964362632,4400.98777573836,3535.68023004103,4068.15768256588,1860.51674597046,3723.77682806072,1909.03408583206,2132.09403556122,3110.00242092673,2706.26751081181,5534.29106891364,2127.99493767461,6447.07222851935,7999.66872522042,4499.43818202246
1636.12821990442,1792.6466863593,1520.42501476455,1485.45260343618,1357.59739436085,1387.94731102772,1623.45742131488,1759.47477984881,1665.51685676957,1877.22338283075,2164.66469587539,2154.55081217305,1512.87783650402,1292.765734665,1560.61948843484,2087.86473137037,1698.57145008135,2172.83610086564,1522.6208826038,1301.68783099267,1992.91316148137,1501.7212366743,1579.5480855061,2027.60497365037,1655.14025120998,2523.19241920632,1540.83184288676,1524.08899241424,2254.81722612384,2271.55867123032
945.314059896873,853.863609501848,1049.88621923032,1007.45547104353,1097.54274334114,1006.72307182362,1028.37318183676,961.84042155459,1026.59038891609,1065.57098912439,1049.81863435862,1172.11480190363,1117.92774063407,819.599088701529,935.581972603905,1053.41010451542,977.207700163735,1027.83572140873,1039.00324316423,859.009759324773,989.258035056965,1015.30071760322,942.699497662255,998.597202037623,867.349227249219,998.623900768039,974.051182176898,1078.14163015205,1174.77041242716,1294.96541652006
643.326433769505,623.560231328878,664.689745782094,676.861110184406,634.532848993817,721.044223333199,677.839839366986,653.248605314859,706.665798603824,694.142873407157,668.960799511102,718.435529409253,633.455474775554,622.411402751512,695.941750299997,677.395799173375,639.000874353425,687.689620647197,671.943088529147,642.138200878917,714.315911112355,672.208122900199,623.764533620703,727.354971053938,680.223957291184,677.787597370369,666.993608588786,693.310961828288,737.50091650641,703.285007046164
549.189938846951,537.871626578323,543.579559592237,550.13394893652,559.197832985386,554.106102800561,563.955365403269,549.353169294999,554.442375691753,558.582538232045,543.561672561876,567.885738883745,502.863599633498,526.348805784314,541.860174008594,529.703359440481,536.239557106017,554.307219933209,566.47443306746,544.008225598582,551.636506753996,545.476131574712,541.516471524412,525.894204465759,546.275840990773,549.347860584879,542.812306121762,555.75998888524,600.441607586808,550.659233756227
525.919139313452,518.174332263495,506.63886942902,516.530321297824,532.925488634407,515.033904912552,518.930328668685,501.492601922962,512.646504370955,519.979434179356,506.114020536654,519.99576685644,485.482353348992,515.819876829418,514.274869034638,510.50845950448,510.48242240056,520.646684664725,519.183971711557,517.348297043878,505.191250929922,503.445889136244,516.458453417789,495.202871022155,516.994997187223,513.157963064215,509.972558835319,517.638564491958,526.511098976271,506.812581303583
525.715768084985,518.12689411111,506.567088245856,516.529239234336,532.879780451373,514.752487655966,518.844854369382,501.399166091383,512.502627097652,519.933558289287,505.988580919781,519.991534816326,485.383896622337,515.808040974625,514.229717037577,510.494300266218,510.475903998053,520.640636275775,519.147334383311,517.275144778133,504.435338291757,502.658551057088,516.379043067612,495.073969535428,516.865977541435,512.863617873635,509.953081265181,517.295742292795,520.348063983465,506.542210598531
512.013067445124,499.802554337905,506.567050992532,503.514130830904,514.851888644075,508.723329710226,504.93110638796,501.399149628534,491.728865630855,498.536613192899,498.599183523193,512.22755597932,485.383862829844,511.837813347834,506.032724770661,497.542561988933,510.475903998039,491.844043998271,503.133081281154,512.882879946594,504.435328599352,499.991117520463,509.603704644432,487.055185050429,497.130457888944,481.725547106466,500.07433934881,510.909350822298,520.346794409919,506.538750075472
500.018316317748,483.91587744325,491.990207874812,492.511463151567,476.833841146585,493.361982407518,494.054279790456,491.561000972255,491.66386225406,498.536604312061,496.053768412733,468.273331607587,485.383862829844,497.556023192004,505.806324780891,476.833841274919,507.473524365662,485.680132071144,482.96267133058,480.298830867065,492.879065066553,485.012688891932,488.667643061357,486.846997652066,497.050950711397,481.357131961977,492.543462652521,505.693383440196,473.133610614163,498.930522031201
