3622455559150864,388452389690671,21942692394034.1,6095070267.49206,18394419984952.3,123199795900.685,137878560198.17,938564171055060,46245136751602.6,38469284.2033247,54515099473.7696,22463156571.205,453876430493828,336307.235066828,5381041547305.7,5263936496667.98,13959408133712.2,1122242634.44668,2785129934778307,1294981032807.26,285222890531879,87299593747356.5,15272594026428,1694597557124933,2205488403746698,2263490947652693,154006529283840,18624614106367,1444284.33497074,31749595546.0889
3622455559150864,388452389690671,21942692394034.1,6095070267.49206,18394419984952.3,123199795900.685,137878560198.17,938564171055060,46245136751602.6,38469284.2033247,54515099473.7696,22463156571.205,453876430493828,336307.235066828,5381041547305.7,5263936496667.98,13959408133712.2,1122242634.44668,2785129934778307,1294981032807.26,285222890531879,87299593747356.5,15272594026428,1694597557124933,2205488403746698,2263490947652693,154006529283840,18624614106367,1444284.33497074,31749595546.0889
3622455559150864,388452389690671,21942692394034.1,6095070267.49206,18394419984952.3,123199795900.685,137878560198.17,938564171055060,46245136751602.6,38469284.2033247,54515099473.7696,22463156571.205,453876430493828,336307.235066828,5381041547305.7,5263936496667.98,13959408133712.2,1122242634.44668,2785129934778307,1294981032807.26,285222890531879,87299593747356.5,15272594026428,1694597557124933,2205488403746698,2263490947652693,154006529283840,18624614106367,1444284.33497074,31749595546.0889
3622455559150864,388452389690671,21942692394034.1,6095070267.49206,18394419984952.3,123199795900.685,137878560198.17,938564171055060,46245136751602.6,38469284.2033247,54515099473.7696,22463156571.205,453876430493828,336307.235066828,5381041547305.7,5263936496667.98,13959408133712.2,1122242634.44668,2785129934778307,1294981032807.26,285222890531879,87299593747356.5,15272594026428,1694597557124933,2205488403746698,2263490947652693,154006529283840,18624614106367,1444284.33497074,31749595546.0889
3622455559150864,388452389690671,21942692394034.1,6095070267.49206,18394419984952.3,123199795900.685,137878560198.17,938564171055060,46245136751602.6,38469284.2033247,54515099473.7696,22463156571.205,453876430493828,336307.235066828,5381041547305.7,5263936496667.98,13959408133712.2,1122242634.44668,2785129934778307,1294981032807.26,285222890531879,87299593747356.5,15272594026428,1694597557124933,2205488403746698,2263490947652693,154006529283840,18624614106367,1444284.33497074,31749595546.0889
2551694357994504,197634793552838,7021776951961.09,525113.896531441,8585230657374.48,218241.71909874,8075387030.7395,727197548533754,11455311060649.6,343442.00494372,413427630.008584,9873429917.71304,248566220894463,299897.153438762,102582754283.515,636750945283.306,13959408133712.2,627898.836313653,1608268917081857,176726461.959821,206818310337822,82817448295477.3,3871064456299.09,1336503876096852,1368770640903222,1474744072904031,110151880237735,2004363176447.37,297856.217379216,1025900.4733301
965990874902916,1578680493784.84,34898628706.5124,387210.951773501,3829334.91258548,218241.71909874,397302.541607233,284761573731524,72695601.6400335,286296.19038045,2405537.91043608,288110.786339179,18011327318546.6,284756.340111293,221067.701041901,245121.556508849,33841753.8099235,205489.544676141,66162517054451.8,264147.206137284,34615894902994,11903298561528.7,33935243.0374551,611991191991242,175415851.452962,245266865701637,128034243533.021,585157.396479415,297856.217379216,269051.807933973
35622142383248.3,218714.077312469,149343292.177737,387210.951773501,302257.838275557,218241.71909874,397302.541607233,252713.154069578,239945.861211531,286296.19038045,318806.195170105,258688.871246303,175960716.028941,284756.340111293,221067.701041901,245121.556508849,17241749.9570591,205489.544676141,190461.32308323,264147.206137284,26249932.2676042,182660579.233811,1270271.95691961,31111729197599.1,62204177.0026312,115998692.757662,322825.357163344,259619.463414186,245449.936924202,269051.807933973
418661.887706586,164948.821372878,231577.168786016,376839.334834188,302257.838275557,202948.947411854,327407.40223671,242617.027018468,239945.861211531,281065.108069478,318806.195170105,258688.871246303,187374.688987527,277576.81924368,145339.12251669,245121.556508849,2514625.40831966,193560.89332378,162960.379784667,264147.206137284,262293.613409344,109784600.019591,252349.282128694,235628.05535581,183947.039439881,223167.435294393,241541.419076182,179896.314926686,216308.649343387,269051.807933973
242160.672163904,164021.370296287,123222.311661054,270042.475282806,136454.139578001,171492.653642183,247315.24181717,240750.887334709,202112.596095052,279804.374879204,232608.202838506,243689.706663412,185459.109256808,256363.443570672,145339.12251669,209689.308115309,146227.908458285,192090.738408079,142253.787202001,164300.79410628,246416.983366249,297482.819155169,252349.282128694,222162.617259173,135455.443446305,143595.318530546,235094.715666808,157886.176269692,216167.282332822,249681.054969537
240539.655036032,123996.673220709,107096.135860768,103718.255742047,124570.383934422,171492.653642183,247315.24181717,230419.716929636,93492.339566612,272698.820137659,205426.909694037,207928.313248481,169225.419743398,249283.623236431,127486.126624916,185363.17951489,118220.271224021,177660.701856345,135172.743364401,142262.983336193,240255.001645301,154450.540391043,104376.170509135,222162.617259173,134810.984262301,90044.5048151121,222553.601777135,140242.709694407,165542.532289747,237612.360369311
172092.484937812,104089.597624227,88566.1281330671,69580.003033163,72186.641747931,94710.576580381,137327.717225028,156510.379010145,78210.8897813533,189428.291444145,133169.862856729,127762.043367083,103991.659196193,127496.354052503,92358.0555702265,135656.077975602,84584.7232619269,103617.143473717,56914.5706643236,67558.1158173756,173907.047659863,78048.2990173493,104376.170509135,160247.041078068,116572.944212259,57194.9446289069,163938.267004164,106924.638619519,92618.1459569183,154863.149492948
8266.10079841332,948.810148546696,1049.05149615965,1281.63238034379,1204.58056275402,877.446829948303,3433.45542609406,2265.06773754399,2553.54800577245,4576.55757673746,5432.98148932317,8055.04945955088,1927.39557188966,4510.77194266016,1957.07248403004,1372.46396935255,1161.5364144053,1106.65492122865,1605.32405776193,919.205528779658,3370.85568290673,1516.11180744872,1458.35772795497,3048.34402893805,2573.95155037528,525.857251038988,3179.90748817741,1234.63110538956,1398.879705927,2966.1147044595
1.41456098390336e-07,4.14439682572265e-09,7.75929720475688e-09,6.68978827889077e-09,1.47720697896148e-08,1.02633066489943e-08,1.40569795803458e-08,7.32404714653967e-09,1.32279751596798e-08,7.14188672645832e-08,3.39190364684328e-08,4.97047949465923e-08,1.29974182527803e-08,5.15040596837935e-08,8.64559979163460e-09,7.75621629145462e-08,9.97169991023839e-09,2.49567619903246e-08,2.21997424887377e-08,1.50789105646254e-08,2.40171402765554e-08,2.25151666199963e-08,1.12746647573658e-08,7.55181304157304e-08,1.48962158164068e-08,3.71431951862178e-09,1.28605393001635e-07,7.84012854637695e-09,6.62754473523819e-09,5.31474597664783e-09
3.69692543245037e-09,1.4029524209036e-09,1.70700786839006e-09,5.32219246451859e-09,2.18568629861693e-09,7.09292180545162e-10,1.46457068694872e-09,4.8328274715459e-10,7.02414126863005e-10,3.68873998013441e-09,3.37956862495048e-09,1.54267354446347e-09,3.27838733937824e-09,8.98262442206033e-09,6.92847379468731e-09,4.58049953522277e-09,1.69313807418803e-09,8.146798791131e-10,9.8134478321299e-10,4.5378101276583e-10,2.26611973630497e-09,1.06797415355686e-09,1.77652736965683e-09,1.60065383170149e-09,8.44408987177303e-10,2.16203943637083e-09,2.06313188755303e-09,3.27702309732558e-10,5.65307800570736e-10,4.45652403868735e-10
2.44415332417702e-09,1.4029524209036e-09,1.70700786839006e-09,1.22747678688029e-09,2.18568629861693e-09,7.09292180545162e-10,1.46457068694872e-09,4.8328274715459e-10,7.02414126863005e-10,2.10803818845307e-09,2.34160779655213e-09,1.54267354446347e-09,1.13669784695958e-09,3.67197117157048e-09,3.39952066497062e-09,2.19546336666099e-09,1.69313807418803e-09,8.146798791131e-10,9.8134478321299e-10,4.5378101276583e-10,1.94285121324356e-09,1.06797415355686e-09,1.77652736965683e-09,1.60065383170149e-09,8.44408987177303e-10,2.16203943637083e-09,2.06313188755303e-09,3.27702309732558e-10,5.65307800570736e-10,4.45652403868735e-10
