115994.230148971,89883.6166579727,227001.734522691,109463.230676065,81100.8423438045,104235.665389391,82413.7933740474,122313.86287655,67442.918664703,157135.062896529,102487.317902478,136914.273003414,110274.275286753,225685.080331553,127687.818695375,95678.462229955,182524.417205794,214605.641716841,121343.412292821,108032.109473612,47461.3614471447,86878.1683995966,157040.432324965,144398.07407407,91891.8906129899,136755.33248801,44186.5714979464,73817.7532070534,79317.8470721581,129626.754866157
115994.230148971,89883.6166579727,227001.734522691,109463.230676065,81100.8423438045,104235.665389391,82413.7933740474,122313.86287655,67442.918664703,157135.062896529,102487.317902478,136914.273003414,110274.275286753,225685.080331553,127687.818695375,95678.462229955,182524.417205794,214605.641716841,121343.412292821,108032.109473612,47461.3614471447,86878.1683995966,157040.432324965,144398.07407407,91891.8906129899,136755.33248801,44186.5714979464,73817.7532070534,79317.8470721581,129626.754866157
115994.230148971,89883.6166579727,227001.734522691,109463.230676065,81100.8423438045,104235.665389391,82413.7933740474,122313.86287655,67442.918664703,157135.062896529,102487.317902478,136914.273003414,110274.275286753,225685.080331553,127687.818695375,95678.462229955,182524.417205794,214605.641716841,121343.412292821,108032.109473612,47461.3614471447,86878.1683995966,157040.432324965,144398.07407407,91891.8906129899,136755.33248801,44186.5714979464,73817.7532070534,79317.8470721581,129626.754866157
115994.230148971,89883.6166579727,227001.734522691,109463.230676065,81100.8423438045,104235.665389391,82413.7933740474,122313.86287655,67442.918664703,157135.062896529,102487.317902478,136914.273003414,110274.275286753,225685.080331553,127687.818695375,95678.462229955,182524.417205794,214605.641716841,121343.412292821,108032.109473612,47461.3614471447,86878.1683995966,157040.432324965,144398.07407407,91891.8906129899,136755.33248801,44186.5714979464,73817.7532070534,79317.8470721581,129626.754866157
104954.631560077,84639.9188649298,203616.202999897,96924.9517480415,70689.4319019902,91443.4336239375,68814.0576375232,115457.136867296,62157.7587080595,131152.402955052,86973.4291693355,121467.80949836,98904.3891957105,212075.071743407,106512.407405426,85597.5673607271,161688.279934673,205121.184127165,109895.225772419,95475.1638449805,42864.6072133271,76239.4643288601,143291.503348469,144398.07407407,82287.8213839666,130026.672955053,41031.1737837918,65212.1164606216,69546.6098914991,100979.357069519
89985.8069207442,64647.7978863007,171558.943513653,83341.5392009737,51073.138033713,79258.8179527434,64598.1557926461,69794.1991999128,48235.4580528233,126086.873040715,70854.5889148645,118739.050201208,85011.3281323053,176132.507351513,79431.8797510151,66556.2069187125,161688.279934673,163964.283200089,89042.1493415926,79436.7880679587,39459.1382964061,70503.3361011335,116321.094735999,118007.805749718,77299.7473264279,107541.258573781,32591.0686883077,53439.5864642373,50684.6857500442,91602.5998421167
69133.5628478965,37192.8697660192,102316.744896668,34184.3214039205,30264.5888077458,28562.7044357303,32330.2705865582,48486.1152523336,28786.7285020817,69757.5916471544,42671.8754409427,64321.3434965401,37148.0355710816,99259.1487002874,43662.6641716264,37466.2224022242,111202.766337975,77242.8354428465,54332.6963502088,32271.2622410574,23004.2815130921,44664.9111917277,66476.4642241912,34117.446033899,37394.0066024611,64489.4310456566,19167.4769140277,38678.8627194791,25724.4868095273,61432.6741164515
19418.751661946,10013.4889420749,34919.9883982114,13218.9357569526,10123.8421864429,7856.97174592812,13149.7970993265,12214.1237655414,8760.10258218138,19893.7873350175,12971.4574666739,9498.35534997943,9935.99793834691,18555.5921245995,6745.67065720179,14387.3507329471,38300.9315189762,29144.4351279169,12691.0998696144,10357.838017271,7570.30706021796,15033.7589885203,22302.2957989174,14158.5073785515,6592.83931484314,12416.6520929938,9647.37368476454,17332.3403832531,6771.94981221235,11978.8985830318
2009.75212776512,1754.82784240311,1696.00710674388,3200.3008416472,1657.75203432387,1681.58735347519,1878.1305024863,2915.86164454833,2519.75956773465,1927.45541658398,5322.81831504422,2988.27973254733,1748.89402359754,2001.96494385613,1455.84160367852,3621.02766848969,3107.98732592538,2219.56422258138,2863.83778032332,2223.4657170904,2696.02230083739,2203.73592505561,1880.75156891479,5000.61640894817,4853.27442161616,1917.38550170259,2663.79695663715,1763.18217315494,1037.355142283,1884.03407050172
492.94638623552,360.614413612487,331.792765792137,463.442244737023,408.179251346343,388.168452563953,524.313543837746,517.039273777695,1268.89794314171,658.688543865482,644.420832572509,708.675778736339,387.825204907974,533.888299253952,394.065779726757,549.458038924861,605.899869745954,428.404861458072,772.910382108542,511.413301473944,532.492976081518,383.994664246465,577.924473060061,584.257922678445,468.495401725482,485.474065717167,398.06277341417,915.056072514114,311.506528806104,679.352533173404
138.211104483443,128.579288061677,135.000987323649,135.139565770219,135.271551648397,133.397980215814,145.106008930859,138.50794772685,162.960767016616,139.356823779728,132.327085546885,143.326755408302,134.713311232156,135.088503713084,124.821287814534,138.941430795101,139.966686857575,126.632460803263,129.645289426948,147.444928099498,140.397837708084,125.419837432152,126.528155591553,133.002284320322,136.301208517532,137.356931453293,129.666919793086,132.924357966734,126.838061402597,140.971545368103
96.6525192811178,109.039489828277,109.656584519045,99.381709202832,100.517055760064,111.416445311803,113.044142948858,118.453350217675,102.917486266116,109.026001283617,90.1770620944346,88.7927271056512,102.222072184524,103.93483825983,89.3029715721971,109.535110163652,91.5253782461896,102.208434716523,89.3483772106792,89.4095505355659,110.90420511061,104.258212438144,100.626981676448,88.0794506044354,100.68727229204,112.824079455719,88.4398907515675,88.5508655053017,93.4959031569657,114.904652024215
87.4184612210908,85.8565803353953,88.187314080822,84.0731124512829,84.1021630629448,88.0910397157991,85.1886480890958,92.3988653087199,86.3302628951795,87.6550554070589,83.8943054913461,84.0909223312652,84.4560865622762,84.6620920897864,83.7885812656477,85.0526648458114,83.4849676154915,87.8008116004623,84.0855701509396,83.495701869337,86.6292483460476,84.9868923098013,83.7291801613067,83.4830869049175,87.3787708435986,85.8551274629032,83.5065139256654,83.6124205478483,84.059306524894,87.7546002357024
64.1177057096964,58.5630154935769,64.120057446474,58.5618536268017,58.5616093715462,64.1199411220236,58.5853442551188,64.1288130225487,58.5857079247542,64.1218542118762,58.5616235157946,58.5617933425597,58.5618395754499,58.5625555140054,58.5615938777683,58.5620897262949,58.5616266446899,64.11820441104,58.5615953860115,58.5615881021477,58.5840853577728,58.5631305378384,58.5615692765606,58.5616098091488,64.1174986454591,58.577228312679,58.5615919146162,58.5618153633781,58.5620466182006,58.592009321264
58.5997916785296,58.5615573023894,58.6022317416868,58.561557302433,58.5615573024126,58.5901467848261,58.5615573023899,60.9024512238494,58.5615573023913,58.5647269977691,58.5615573023978,58.5615573023982,58.5615573023989,58.5615573023879,58.561557302391,58.5615573023904,58.5615573024333,58.6041335544911,58.5615573023923,58.5615573024119,58.5615573023971,58.5615573023939,58.5615573024078,58.5615573024122,58.5781561953291,58.5615573023909,58.5615573024247,58.5615573024035,58.5615573023917,58.5615573024286
58.5615573024053,58.5615573023894,58.5615573023887,58.5615573023908,58.5615573023895,58.5615573023913,58.5615573023899,58.5615573023931,58.5615573023911,58.5615573023904,58.5615573023888,58.5615573023881,58.5615573023894,58.5615573023879,58.5615573023903,58.5615573023904,58.5615573024069,58.5615573023984,58.5615573023903,58.561557302396,58.5615573023971,58.56155730239,58.5615573023929,58.5615573023952,58.5615573023976,58.5615573023909,58.5615573023962,58.561557302402,58.5615573023917,58.5615573023958
