93770.1642180699,87271.9588686093,145241.878864668,369680.633487879,116101.378688377,49083.2207169517,136708.989654582,60460.615320338,90427.2548584862,36221.6603057608,812040.699650376,85218.267428399,51706.3708984983,297947.083818207,76589.7832102797,63703.9724926026,87479.1647720401,66374.7075140906,116458.03875109,89393.4915409759,106401.181861665,83750.5244481666,733028.024704064,379004.527681451,103529.508990785,67578.0221310678,323462.146241295,83290.6230720405,241605.333458048,78075.2854912092
18162.8477930525,18020.9025756496,25301.3239587443,55061.5790888942,23253.5488146708,16086.5421240949,24495.7640866796,16937.1670410638,27654.2844417702,18650.2154807232,777749.449713671,25095.3263340363,12830.4378381471,87088.4754414046,23780.2395395571,20500.7449508265,30311.5269055986,20385.885017397,21919.9356535136,24331.0396591491,20235.9088283989,21841.2451059699,662379.52715865,113529.435435236,36471.6341027758,19839.866910437,100196.615607165,27071.0548128407,65112.4816678269,15100.1198336742
18162.8477930525,18020.9025756496,19079.4455596609,31067.5602401733,22366.6246341644,13060.9686610864,24495.7640866796,15471.9669927865,19538.0180670763,11928.909798251,710925.460529035,17620.9102916694,7321.88622255908,29848.6325952241,13683.1493926607,9702.37488800197,17242.9430198834,10045.0139476706,20947.0029853715,14464.4561450667,16336.3588834266,9235.62762809628,654713.356228393,28297.716742381,33534.5015027289,8415.86298579457,32608.3052019045,17263.7955880776,20486.1430286534,15100.1198336742
3045.08266405407,3133.39675133715,5210.34406309593,31067.5602401733,6598.60462972044,1381.75217518189,3899.7030024863,2009.81131259664,2877.0999549776,1974.30959631778,460271.582876544,8473.03079579266,1710.03658990042,29848.6325952241,2351.45967345694,1516.24507560724,3199.07487402195,1815.29937624433,4715.10154137203,1670.82869078132,4610.99625746392,1520.46276394874,344803.551814896,28297.716742381,5491.06042900018,1724.8671574983,32608.3052019045,4357.22996931555,20486.1430286534,4626.39796957393
372.675424789483,364.033469117203,612.186009348608,5673.68674838639,590.025441321089,340.743448892487,386.726832268078,336.141192384352,437.725902954675,358.084631129969,150450.421082037,604.062515427766,323.738426781053,5671.09905789712,359.318455737912,319.264844108119,435.232167477733,329.330531914903,449.864728344919,345.359629861422,526.909031939964,331.727047415504,123949.127936232,5292.13313106546,516.773212549015,322.145984375331,8129.52239174172,496.184043896607,7244.56531458726,499.64360073063
233.020727177648,232.717863921647,247.811735742489,406.539738183204,252.588973836899,235.407438399756,238.663257000994,235.195873041601,217.644256079839,234.459854821911,31939.5579197643,244.510414398643,236.343881114619,385.19282751609,242.370969089713,235.389125472707,231.75321893614,236.444219268406,228.568457303336,235.926109915509,226.364161188971,234.89860205869,27460.3172064322,415.461157711801,231.20936083018,234.324448553503,495.766105155832,235.609338421944,427.912562454051,240.336366105712
229.958743213282,229.82776945389,204.187546270466,246.201432714758,205.878961067263,228.451425637364,230.572051903877,213.358688807856,201.536691259969,220.373607323353,31939.5579197643,204.616221662197,227.078132179711,257.358550640727,222.432470833726,221.214294372129,228.024645945868,220.372876041146,200.983646950559,226.461695202653,202.00880886529,226.825276442456,27460.3172064322,239.028009746104,202.180865664874,221.316088306968,267.74241738743,203.610427320925,249.990639363218,202.67157930212
219.443982595724,218.3635539814,198.278329647522,230.592127877665,197.791418902602,203.472908233899,217.888561291129,197.911185755158,197.505345404998,218.274357215572,21736.4778367914,198.112019807519,202.787154376457,236.801778691255,218.328221753295,198.268485574958,217.384054617495,219.547996120236,197.46147052836,201.825123800902,199.673012292597,204.284322454432,16156.9862366917,230.12095645129,198.397824917325,218.285835011638,231.804935707505,201.313846488744,230.716331331114,197.466437384974
212.884953027578,212.542475253042,197.371917016171,227.040728716523,197.367647857666,196.574818101414,212.402097143176,194.970257481124,197.358375200231,218.249036221069,21736.4778367914,197.372879990478,196.741344590939,221.186249485235,218.246593299529,195.717870245186,212.385275729005,206.848731618045,197.3584360253,196.353897644923,197.374122452958,197.902996698897,16156.9862366917,222.951930754279,197.370758605515,216.470010890076,229.383259792508,197.380225766417,227.271850816183,197.359817989959
212.323427599973,212.297861438597,197.357203088184,218.331302928972,197.357350753696,195.65621061767,212.289606991513,192.945642499271,197.356827854853,203.37602321875,14605.6968062079,197.357103647109,195.762547043942,218.384519695013,203.084374035489,194.450012499703,212.285428506343,198.673802345422,197.35683718983,195.587370187509,197.357250755338,194.018192759459,12540.1392672483,216.839429256489,197.357280182832,201.61768562861,220.482591751852,197.357358546359,219.245714685836,197.356977820376
212.27725981443,212.276901503308,197.356797084248,212.802383680269,197.356817186264,194.450518659029,212.277062324596,191.213911595246,197.356784334534,198.686206477514,14605.6968062079,197.356802760383,193.83736634307,218.293533010052,198.076976549943,192.103090560486,212.277353631589,195.969912429385,197.356784475356,193.455122641377,197.356805292751,189.406685954628,12540.1392672483,212.695072363567,197.356803945449,197.794703313448,213.226141478248,197.356799153098,213.308464324064,197.356790643827
212.276880779135,212.276857786639,197.356784360524,212.28874980749,197.356784497457,192.083183516619,212.27686198861,188.888468027629,197.356784002956,194.47339314081,14605.6968062079,197.356784468353,190.456273627782,207.447699231906,194.269259546337,192.067740308025,212.27685652846,193.003003740139,197.356784002913,192.07308312336,197.356784305299,171.932954016869,12540.1392672483,212.304144585778,197.356784144892,194.169546147367,212.31543043192,197.35678427016,212.305586355802,197.356784033534
212.276856299553,212.276856262683,197.356784004327,212.277462472772,197.356784003508,192.068016186339,212.276856263945,173.463062474727,197.356784002862,192.33903383623,11147.1337818796,197.35678400327,187.625566547066,200.826950477006,192.761331319297,192.067591880047,212.276856262449,183.796773636094,197.356784002852,192.067804245409,197.356784003895,167.156283074917,12540.1392672483,212.277634460757,197.356784002907,192.532351633663,212.278506757732,197.356784002897,212.278528210751,197.356784002806
212.276856262488,212.276856262504,197.35678400295,212.27687373518,197.356784002821,192.06759136874,212.276856262438,166.827627524774,197.356784002862,191.149070801464,11147.1337818796,197.356784002824,169.90423811505,198.503701364675,191.05465057942,192.067591346745,212.276856262439,173.72412335296,197.356784002852,192.067591358544,197.356784002927,157.860705924369,12540.1392672483,212.276870049035,197.356784002772,191.019467326595,212.276909909858,197.356784002762,212.276898813901,197.356784002806
