353.436515126336,453.515094753641,430.007733097346,484.727132088905,404.341271601954,384.242407337953,461.109043650284,434.520717933282,429.42141655211,346.940922307533,415.678820590072,483.828167186004,324.421357985186,389.407443596408,488.628145074073,359.075539594566,502.865715218048,331.420976671308,411.813355103197,490.354978314231,381.267918365025,342.100380044936,306.998991977071,399.793213876818,482.096018367038,384.230718113554,361.842799296489,377.000633940844,386.80339597121,377.828203941553
227.681697807596,322.598946537472,272.472754757598,318.597658885803,268.28277111323,219.21187944348,246.335286548913,284.014156067147,267.369097418542,271.699342446152,255.991148115653,272.504393199283,244.848664401655,335.954745980732,317.092067303096,290.3656445974,247.385894556903,309.559858361813,242.813699346077,293.725052626001,249.365809879569,310.218037509571,274.406963633516,275.008723445126,299.6719248549,251.112740517849,235.168190216223,308.048364469621,251.839784129563,247.900008843817
186.523512737184,213.968797082067,225.851403326689,219.088625806081,233.680345355081,214.049242024543,232.245691258566,219.89576877792,227.834105013087,220.714350340676,208.290861542977,233.511821656252,232.1251604373,251.692458328809,235.511690958085,236.632919396831,231.331923245957,226.130387354303,232.70697031121,231.026342148787,210.92798875301,204.101060866833,186.463091650484,236.148518791498,276.110287770384,249.553787298179,229.758625158893,215.113713538724,212.621547872224,227.598762308411
186.523512737184,212.114061897151,187.60757803545,186.878252613277,195.246905409729,187.720262925915,195.702624240523,195.169905664179,182.534834759697,184.618364026403,185.002160233236,208.481927098787,204.552594412434,158.287313757781,184.328486598905,208.793845044108,185.333770700385,204.634898790268,204.459793270173,208.921363951962,199.865622631901,184.538366563368,160.071030971681,196.667751755907,208.617435961942,185.32830097553,195.044718065521,162.078775909066,189.399621192874,195.808889586613
158.769019205851,32.8506910531785,81.5563329126895,7.83747715201559,15.4821703978863,121.507148325639,92.1927208732853,167.679084894524,10.6001806905965,136.794079642817,15.24715999725,109.270251776039,152.519078954436,22.6849613182865,79.0809999892493,150.124726305012,131.20197772774,172.182760998144,8.6166782452903,162.199985021332,180.577742067336,13.3359386324082,160.071030971681,96.6754837779541,74.865986456181,18.0739267468186,168.723995239329,36.845906092473,19.2660192375549,164.659509559788
6.96471359030704,6.96471340339417,8.95463160005062,6.96471340464694,8.95463151488894,3.97983626973831,6.96471343538843,8.95463681318887,7.95967245846424,5.96975439236036,6.96471340440411,11.9395087085842,7.95980631226905,10.9445496375042,9.9495906521318,3.97983642631806,7.95967269561515,5.96975474267191,7.95967245924271,7.95969214931563,11.9473008225225,11.939508694031,7.95969025522976,7.95967247203595,12.9344677733087,8.95463151752494,5.96976345104594,6.96471340569133,17.9092579917631,8.95463373820564
6.96471340049823,6.96471340014159,8.95463151646533,6.96471340464694,8.95463151438838,3.9798362327262,6.96471340447954,8.95463151440254,7.95967245846424,5.96975434476417,6.96471340440411,11.9395086860281,7.95967245902807,10.9445496375042,9.94959057205693,3.97983622902751,7.9596724577894,5.96975434534357,7.95967245924271,7.9596724586678,11.9395036476493,11.939508694031,7.95967245820293,7.95967245791167,12.9344677444261,8.95463151752494,5.96975434512484,6.96471340569133,9.31485587841041,8.95463151509983
1.99133031763694,3.97983742970928,3.97983777764239,5.96975449753438,0.994964108910494,0.995071763616863,3.97983851103385,4.02397817626741,3.98267499635676,1.99065791860465,4.97480105913627,1.99115608213822,4.97784240835853,3.97983858347663,2.98487954784196,2.98499641302743,1.99029002159955,2.98490208278673,3.51965158012024,7.9596724586678,5.33029657516653,1.99049842373228,3.18687089209783,4.97481114337751,1.98994430614323,4.10270364464918,1.99049230469871,0.994959577564998,4.97479529342439,7.9597616806264
1.98991815269346,3.97983623261268,3.97983623353736,5.9697543462778,0.994959065437797,0.994959066633498,3.97983623386199,3.97983624302884,3.97983623066887,1.98991811559574,4.97479530215531,1.98991811686562,4.97479531260063,3.97983624021492,2.98487717956687,2.98487717775441,1.98991813374619,2.98487717640882,2.98487718604292,7.9596724586678,2.98487718411582,1.98991811919149,2.9848771760449,4.97479530398255,1.98991811819525,3.97983624453246,1.98991811832752,0.994959057999722,4.97479529057949,7.95967245868559
1.40005863354583,1.99790282537202,1.04388168023672,1.99651454832946,0.994959065437797,0.994959066633498,2.9949952385071,1.00658085113025,3.01047761453839,1.71790453354618,4.97479530215531,1.21057969185051,2.85959042935048,0.00023271092777577,2.98487717956687,0.0144850657466122,1.01930947673253,1.99126801472562,2.98487718604292,1.99002130094959,2.98487718411582,0.233148325205718,2.9848771760449,1.99005400028051,0.998816623728715,3.97983624453246,1.98991811832752,0.994959057999722,2.98501780093,1.00405086466253
0.994959061113718,1.98991813517432,0.994959079011267,1.98991811685693,0.994959065437797,2.00974454855896e-08,2.9848771822214,0.994959062950443,2.98487721607125,0.994959063342492,4.97479530215531,0.994959078538614,4.43063186139625e-08,4.5496960865421e-08,2.98487717956687,5.15336751050199e-09,0.994959060200586,1.98991812702639,0.994959141741788,1.98991813918457,1.4452211871685e-08,6.76055833537248e-09,0.99495907265441,1.98991811957353,0.994959066441766,0.99495908349644,1.98991811832752,0.994959057999722,2.98487718143002,0.994959070589857
0.994959061113718,0.0343060166189844,0.994959079011267,0.0325994401074468,0.648786165275567,2.00974454855896e-08,0.00572434777296849,0.0060672143448528,0.99994086087554,0.353984260055711,0.000153215554519193,0.010662688839318,4.43063186139625e-08,4.5496960865421e-08,1.01120036282293,5.15336751050199e-09,0.255219098115731,0.996177572788099,0.994959060862016,8.75954748948971e-05,1.4452211871685e-08,6.76055833537248e-09,0.438512644892683,0.99684826880781,0.994959066441766,0.467937583518051,1.26856942454998,0.129495926413028,0.995325242110937,0.00670626187701373
3.17897956847446e-08,1.13737996798591e-08,0.994959079011267,7.0756982495368e-09,2.97653741654358e-08,2.00974454855896e-08,2.42181386056473e-09,2.72206079898751e-09,0.994959096633465,1.99148075807898e-08,8.03345301392255e-09,3.31533556163777e-09,2.23375877794751e-08,9.16980980036897e-09,0.994959065496118,5.15336751050199e-09,1.9787705696217e-08,0.994959060888732,4.90859974888735e-09,1.46569618664216e-08,1.4452211871685e-08,6.76055833537248e-09,2.75446154773817e-09,0.994959060589906,0.9949590639809,1.7544891761645e-08,1.50043888424989e-08,1.92020479516941e-08,0.994959068200387,3.79694711227785e-08
3.17897956847446e-08,1.13737996798591e-08,1.36926131517612e-05,7.0756982495368e-09,2.97653741654358e-08,2.00974454855896e-08,2.42181386056473e-09,2.72206079898751e-09,2.19705498238909e-09,1.99148075807898e-08,8.03345301392255e-09,3.31533556163777e-09,2.23375877794751e-08,2.75298361884779e-09,1.29431043660588e-07,5.15336751050199e-09,1.9787705696217e-08,3.01667114399606e-07,4.90859974888735e-09,1.46569618664216e-08,1.4452211871685e-08,6.76055833537248e-09,2.75446154773817e-09,3.64499959459863e-06,0.9949590639809,1.7544891761645e-08,1.50043888424989e-08,1.92020479516941e-08,9.08659103515674e-09,3.79694711227785e-08
