2995.46265394579,2366.29713306971,2736.74675274665,2440.76012039985,2668.8255234743,2284.87829449008,2556.97141067815,2821.81211117792,2644.77398393472,2458.08028644602,2688.66687747272,2681.25400024171,2609.87178599632,2622.62909565326,2283.26779590836,2946.90967243239,2611.19764900399,2999.8385288467,2982.51851863294,2725.39988259267,2678.77092477733,2713.53201534262,2625.63626394581,2472.9049258783,2935.21098261796,2058.91787418379,2526.42252060381,2451.47016018915,2359.00348358815,2170.20706746368
1908.12348576812,1606.19530756589,1887.6093786554,1713.76175864538,1770.92314843535,1286.28814981039,1747.93056949043,1721.00389383086,2021.23265588109,1622.51712451965,1802.98798406311,1534.23927831026,1542.81380949978,1789.76025252991,1581.4013776811,1944.80630642049,1505.10053162914,2391.92391638704,1829.24519107018,1724.66440273576,1716.15696625559,1807.45275043379,2049.54626804365,1703.65486806886,1648.23911859962,1414.90941217681,1683.18311941003,1619.67037853632,1607.41549689353,1758.22622331505
1260.46981016465,1340.92308210951,1221.67199081988,1301.29696989516,1392.34592987434,1248.85435975574,1255.22565284358,1219.40921050189,1455.93410289129,1372.46574742303,1284.44094402455,1234.19717657073,1284.20551307233,1446.37404100986,1301.07861062246,1213.45968302514,1219.16541625446,1797.80204591048,1290.59098346497,1251.79304900373,1210.2873751498,1300.09312488195,1608.49739625068,1426.06754831018,1282.50004721088,1320.77591211997,1296.73465054714,1391.21239035933,1306.10834455664,1278.94611368038
1172.52848418699,1148.29917959321,1143.55920531518,1100.27881223086,1132.22443809227,983.350385174316,1086.46833818085,1146.11647587966,1206.02416705448,1169.68137524669,1152.28071155145,1205.36253330443,1130.36359426166,1094.04258791271,1168.89125880722,1210.18266281213,1001.07657896482,1289.18791796125,1146.13420385871,1111.81980735626,1085.29471798143,1045.29859951465,1260.17349399199,1174.56770736629,1168.77974749793,1161.71515149302,1233.67144425855,1212.43542719284,1155.7698296933,1133.8811951861
832.720005543064,840.83751619587,807.704726830809,810.568376281836,845.115637860563,807.679084972303,867.143007418768,825.83214271951,926.555064673862,849.717745910723,843.79212913824,838.707333702583,790.500083734896,789.958430614353,812.602070748451,836.725234855423,848.612496709008,1084.03132896072,822.507294011247,807.815544524859,849.860588221492,836.239048688497,804.178815130045,845.314848905888,802.034623813675,827.569815783782,839.345435597899,815.419291848401,824.65310168376,816.93735040729
664.91652807772,737.094189734622,774.726045810908,364.327169494588,680.674319406872,743.19557142021,617.744527877458,653.74038482217,787.830240609316,734.490574406532,466.74635471458,735.259321012878,669.214697522515,334.837961804236,722.740550295835,757.798151720422,653.003279898965,817.879569934337,716.843546029715,757.657817998603,516.215381621781,107.40697714867,726.847687485486,367.210068716133,742.212621857234,693.343189128511,741.266502067483,348.676323519631,706.863350135666,701.760349011577
14.0161239799543,15.1689536719374,10.4799714964522,14.9319981769106,13.9588865116335,116.46687712236,23.9327889777275,14.0145826939776,729.31444511711,29.6540524846362,14.9505019464082,10.0780964020738,11.0002967263296,11.9466498717642,8.17378125316031,19.0022216460616,12.0299251760297,709.080034850338,9.67982435988245,515.699439238455,14.9648714347978,16.915052279859,125.472068527672,20.9016899932882,21.0951642475563,11.2619664103948,11.1131053123928,13.939552691533,12.4189173521934,9.32363652098866
13.9294281759111,14.9243874436256,9.94959315512426,14.9243859359877,13.92942695411,15.9199795059054,23.8790184418017,13.9294279922236,66.6015535516508,14.9244874548826,14.9243860287775,9.94959162007933,10.9445499228334,11.9395087288251,7.95967331574502,15.9193642320195,11.9395091343461,120.251636364052,8.95463576046211,5.97805780885187,14.924386243512,16.9143039915007,16.9577247173651,20.894140238747,13.9294597574653,10.9445511097032,9.94959829172319,13.92942686049,11.9395125292529,8.95463457129586
13.9294268401185,14.9243858890113,9.94959060781855,14.9243859018684,13.9294268133704,15.9193449557873,23.8790174000235,13.9294268179657,13.0013008461708,14.9243858942164,14.9243858881839,9.94959061340592,10.9445496590411,11.9395087110275,7.95967246842952,15.9193449399621,11.9395087654979,17.3016841428796,8.95463153877563,5.96975440976053,14.9243858859568,16.9143039915007,16.9143113923485,20.8941402132868,13.9294268151615,10.9445496471824,9.94959058157303,13.9294268285238,11.9395087177797,8.95463152463526
13.9294268401185,14.9243858890113,9.94959060781855,14.9243859018684,13.9294268133704,15.9193449557873,23.8790174000235,13.9294268179657,12.9345107903979,14.9243858942164,14.9243858881839,9.94959061340592,10.9445496590411,11.9395087110275,7.95967246842952,15.9193449399621,11.9395087654979,16.9149700596744,8.95463153877563,5.96975440976053,14.9243858859568,16.9143039915007,16.9143040231817,20.8941402132868,13.9294268151615,10.9445496471824,9.94959058157303,13.9294268285238,11.9395087177797,8.95463152463526
13.9294268401185,14.9243858890113,9.94959060781855,14.9243859018684,13.9294268133704,15.9193449557873,23.8790174000235,13.9294268179657,12.9344677628779,14.9243858942164,14.9243858881839,9.94959061340592,10.9445496590411,11.9395087110275,7.95967246842952,15.9193449399621,11.9395087654979,16.9143055152908,8.95463153877563,5.96975440976053,14.9243858859568,16.9143039915007,16.9143040231817,20.8941402132868,13.9294268151615,10.9445496471824,9.94959058157303,13.9294268285238,11.9395087177797,8.95463152463526
1.07900982232297,4.98344665520187,4.2470621037786,1.05683405167213,5.49211771089983,15.9193449557873,2.62353152500373,4.98232071596999,12.9344677628779,1.29737260519869,5.00886071453715,6.25712008610003,10.9445496590411,5.52079211790158,6.48396591252447,3.05024670113391,11.0720456941041,16.9143040247621,4.89897400037614,5.96975440976053,4.99887321695837,13.1387291238934,16.9143040231817,7.26102429116895,9.7140732628003,2.69466188551746,2.32663744400429,3.20450210465367,5.08969928057661,2.42533104396728
0.994964864829058,3.97995023295346,2.9849683625597,0.994961994775736,4.97483629235967,0.00413720979520349,1.98996994644722,4.97479619359763,12.9344677628779,0.994976207012314,4.97480111304571,3.98002662001193,3.98040829758975,4.97483895616892,4.97491011518093,2.98488856267682,2.98539136772081,16.9143040247621,2.98506372595205,2.98510239033169,4.97480001377016,0.996108011652041,16.9143040231817,6.96475703145438,2.98522499882722,1.98994846788992,1.98994171879474,2.98489488502901,4.97481244126311,1.98993824956324
0.994959470295498,3.97983640613438,2.98487729016745,0.994959161196448,4.97479536886317,2.79341293207835e-07,1.98991824940993,4.97479538094797,12.9344677628779,0.994959138445665,4.97479541102837,3.97983636692572,3.9798363295854,4.97479536071103,4.97479536856031,2.98487756287807,2.98487729597048,16.9143040247621,2.98487725254392,2.9848772509016,4.9747956643065,0.994959235059468,16.9143040231817,6.96471346517558,2.98487732740955,1.98991818671504,1.98991828092903,2.98487722441803,4.9747954334689,1.9899182910533
