14816.4688207175,34237.7916091548,18212.0173333124,21861.3689740604,13543.3508672193,23697.7890228627,14414.0758125949,34269.5614027148,25010.0060245615,32068.5407108312,26709.5389103672,24516.3428537452,31575.660364125,28401.3723564577,20500.5030988542,18789.9341653802,17897.5036850716,29796.9430603922,35092.9782519417,12183.6668829807,14936.7455914228,22525.9772604897,7440.66500190532,46330.7847464549,23524.441321853,16015.9572702473,19567.0842651373,13005.8259096642,23547.1753157039,28501.4865801633
8153.0063428656,2879.11657584848,6363.01899452814,4073.0060244644,2983.82402316802,4616.27534551908,7162.39833363931,9088.0697170586,3966.24685985582,5637.07319019497,5031.67456774386,4925.41013901001,6524.62218021567,5680.18757755837,2998.04055261097,5009.62234292932,2751.91042698256,8293.14446417911,28705.2767932234,4046.1897155989,4040.01174342155,3563.76938801936,2800.05867260975,10228.9582528551,6833.62785060533,4443.31806666456,2388.22420355275,4200.67373305377,6189.04679892587,23159.0284006523
2642.42949565371,1711.22467096516,1751.48804698757,2141.57665773333,1920.29530134862,4219.66231852172,2883.44092916425,2293.22573438328,1607.60320862522,3820.66920360902,2563.03036596739,2745.41926590772,4319.2997713105,2658.15055871909,2263.43885110555,2524.6725604467,646.21863038692,3996.14092449985,28309.5186908924,1378.8032040107,1826.7349493057,1672.97762377069,1127.47249334805,2202.20679905521,3409.80439337676,2527.27891850844,1729.96439492151,2587.86375128723,3167.75688765945,3474.76083186524
329.623047540617,178.373436728771,203.505996382904,132.678414814602,145.450708859836,299.578209789219,269.811973330554,219.527574903607,190.932084139398,202.756351703411,206.785259015305,270.93951634641,336.156089574348,398.666019204445,74.7689959303333,131.339440451538,76.1967398716453,344.698143412107,4747.65146727859,86.2091186931981,130.870937508686,128.066235235186,58.6064869679932,565.529032775818,318.770845793091,343.65732972936,161.985124145036,168.637513869714,291.667941757499,441.35689335607
0.53254834839413,0.681751256979737,0.474843695605728,0.481162824735293,0.478803354417096,0.550947912053061,0.439884630515166,0.638211746202273,0.503551008068598,0.5132541668562,0.451005699953384,0.55187974693888,0.998240648831484,0.699818095694354,0.428823276761477,0.529931347234083,0.639427903013029,1.10621839728083,23.0228556480763,0.453517345452269,0.801690900713766,0.258261563300721,0.199836494649276,1.43553551048353,0.258943458155045,0.710010305737001,0.499385170473943,0.483080138212813,0.458876800711096,0.700814062481641
1.24498455988942e-08,1.27215571410488e-08,1.03347019830835e-08,3.76280695491005e-09,3.06897618429502e-09,7.23355242371326e-09,1.24966845760355e-08,2.49644926952897e-09,1.26092345453799e-08,1.54165036292397e-08,1.89645561476937e-08,1.3390831554716e-08,2.60562273979303e-08,8.73524186317809e-09,3.96698851545807e-09,2.79678715742193e-08,8.69158611749299e-09,2.9890657060605e-08,1.91574372365722e-06,3.12888914777432e-09,2.42107489611953e-08,2.32682850764832e-09,3.71483110939153e-09,1.43847955769161e-08,3.27622728946153e-09,1.72814225152251e-08,9.68850599747384e-09,3.08966718876036e-09,8.29891178000253e-09,6.17566229266231e-08
6.89055923430715e-10,4.25893631472718e-09,2.06568984140176e-09,1.00624220067402e-09,9.79412106971722e-10,2.18358309211908e-09,1.24966845760355e-08,1.26567556435475e-09,2.44847342401044e-09,3.00769897876307e-09,4.45663772552507e-09,2.5618192012189e-09,7.15533587936079e-09,2.17005435843021e-09,9.12564246391412e-10,8.32642399473116e-10,2.16152784560109e-09,1.15721832116833e-09,1.24271082313498e-09,3.12888914777432e-09,4.46675585408229e-10,5.42854650120717e-10,3.71483110939153e-09,4.41173142462503e-09,7.45558281778358e-10,5.1526285460568e-09,7.27709448256064e-10,8.14225131762214e-10,4.6167087930371e-09,1.0886651580222e-09
6.89055923430715e-10,4.25893631472718e-09,2.06568984140176e-09,1.00624220067402e-09,9.79412106971722e-10,2.18358309211908e-09,1.24966845760355e-08,1.26567556435475e-09,2.44847342401044e-09,3.00769897876307e-09,4.45663772552507e-09,2.5618192012189e-09,7.15533587936079e-09,2.17005435843021e-09,9.12564246391412e-10,8.32642399473116e-10,2.16152784560109e-09,1.15721832116833e-09,1.24271082313498e-09,3.12888914777432e-09,4.46675585408229e-10,5.42854650120717e-10,3.71483110939153e-09,4.41173142462503e-09,7.45558281778358e-10,5.1526285460568e-09,7.27709448256064e-10,8.14225131762214e-10,4.6167087930371e-09,1.0886651580222e-09
6.89055923430715e-10,1.58343027578667e-09,2.06568984140176e-09,1.00624220067402e-09,9.79412106971722e-10,2.18358309211908e-09,3.82181042368757e-09,1.26567556435475e-09,2.44847342401044e-09,3.00769897876307e-09,4.45663772552507e-09,2.5618192012189e-09,1.72133240994299e-09,2.17005435843021e-09,9.12564246391412e-10,8.32642399473116e-10,2.16152784560109e-09,1.15721832116833e-09,1.24271082313498e-09,3.12888914777432e-09,4.46675585408229e-10,5.42854650120717e-10,3.71483110939153e-09,4.41173142462503e-09,7.45558281778358e-10,4.0313352656085e-09,7.27709448256064e-10,8.14225131762214e-10,2.75883849099046e-09,1.0886651580222e-09
6.89055923430715e-10,1.58343027578667e-09,2.06568984140176e-09,1.00624220067402e-09,9.79412106971722e-10,2.18358309211908e-09,3.82181042368757e-09,1.26567556435475e-09,2.44847342401044e-09,3.00769897876307e-09,4.45663772552507e-09,2.5618192012189e-09,1.72133240994299e-09,2.17005435843021e-09,9.12564246391412e-10,8.32642399473116e-10,2.16152784560109e-09,1.15721832116833e-09,1.24271082313498e-09,3.12888914777432e-09,4.46675585408229e-10,5.42854650120717e-10,3.71483110939153e-09,4.41173142462503e-09,7.45558281778358e-10,4.0313352656085e-09,7.27709448256064e-10,8.14225131762214e-10,2.75883849099046e-09,1.0886651580222e-09
6.89055923430715e-10,1.58343027578667e-09,2.06568984140176e-09,1.00624220067402e-09,9.79412106971722e-10,2.18358309211908e-09,3.82181042368757e-09,1.26567556435475e-09,2.44847342401044e-09,3.00769897876307e-09,4.45663772552507e-09,2.5618192012189e-09,1.72133240994299e-09,2.17005435843021e-09,9.12564246391412e-10,8.32642399473116e-10,2.16152784560109e-09,1.15721832116833e-09,1.24271082313498e-09,3.12888914777432e-09,4.46675585408229e-10,5.42854650120717e-10,2.80749645753531e-09,4.41173142462503e-09,7.45558281778358e-10,4.0313352656085e-09,7.27709448256064e-10,8.14225131762214e-10,2.75883849099046e-09,1.0886651580222e-09
6.89055923430715e-10,1.58343027578667e-09,2.06568984140176e-09,1.00624220067402e-09,9.79412106971722e-10,2.18358309211908e-09,3.82181042368757e-09,1.26567556435475e-09,2.44847342401044e-09,3.00769897876307e-09,4.45663772552507e-09,2.5618192012189e-09,1.72133240994299e-09,2.17005435843021e-09,9.12564246391412e-10,8.32642399473116e-10,2.16152784560109e-09,1.15721832116833e-09,1.24271082313498e-09,3.12888914777432e-09,4.46675585408229e-10,5.42854650120717e-10,2.80749645753531e-09,4.41173142462503e-09,7.45558281778358e-10,4.0313352656085e-09,7.27709448256064e-10,8.14225131762214e-10,2.75883849099046e-09,1.0886651580222e-09
6.89055923430715e-10,1.58343027578667e-09,2.06568984140176e-09,1.00624220067402e-09,9.79412106971722e-10,2.18358309211908e-09,3.82181042368757e-09,1.26567556435475e-09,2.44847342401044e-09,3.00769897876307e-09,3.053060027014e-09,2.5618192012189e-09,1.72133240994299e-09,2.17005435843021e-09,9.12564246391412e-10,8.32642399473116e-10,2.16152784560109e-09,1.15721832116833e-09,1.24271082313498e-09,3.12888914777432e-09,4.46675585408229e-10,5.42854650120717e-10,2.80749645753531e-09,4.41173142462503e-09,7.45558281778358e-10,2.7254145607003e-09,7.27709448256064e-10,8.14225131762214e-10,2.75883849099046e-09,1.0886651580222e-09
6.89055923430715e-10,1.58343027578667e-09,2.06568984140176e-09,1.00624220067402e-09,9.79412106971722e-10,2.18358309211908e-09,3.82181042368757e-09,1.07547748484649e-09,2.34661001741188e-09,2.03306171897566e-09,1.62981450557709e-09,1.33616140374215e-09,1.72133240994299e-09,2.17005435843021e-09,9.12564246391412e-10,8.32642399473116e-10,1.87435489351628e-09,1.15721832116833e-09,1.02068042906467e-09,3.12888914777432e-09,4.46675585408229e-10,5.42854650120717e-10,1.5446630641236e-09,1.02750163932797e-09,7.45558281778358e-10,1.36799371830421e-09,7.27709448256064e-10,8.14225131762214e-10,2.75883849099046e-09,1.0886651580222e-09
