3119.11108722907,2883.26108037044,2419.14113496905,3560.58118774546,3375.37998116422,3242.55414915737,3145.95922446121,3160.50255593299,3600.43514682758,3158.65074868121,2660.64045012746,2623.9208363922,2762.98347178252,3206.75786845682,2854.06379292896,2513.90973662897,3272.28351773003,2848.47304905291,3105.2006690897,2296.2623000302,2591.69698007276,2781.52340607342,2972.4636963089,3260.8329720331,3428.35786416997,3368.84150759335,1995.54896329317,3208.44614068078,3292.31733228906,3227.04214451901
3105.2627646287,2749.56115762664,2114.24625117837,3389.93371574992,3049.87952579063,3242.55414915737,2871.38736195273,2843.51621656046,2693.52323949521,3113.05290727965,2139.34365014051,2331.26116825948,2368.18612602983,3206.75786845682,2854.06379292896,2442.51401432158,3102.87341452671,2848.47304905291,2959.27353071595,2092.68155564552,2591.69698007276,2313.25863164347,2613.25341807769,3260.8329720331,2980.69829277398,3235.87462023841,1995.54896329317,2987.55196017971,3088.58569797539,3227.04214451901
3105.2627646287,2749.56115762664,2114.24625117837,3389.93371574992,3049.87952579063,2668.69470453379,2871.38736195273,2843.51621656046,2693.52323949521,3113.05290727965,2139.34365014051,2331.26116825948,2368.18612602983,3149.46272596315,2854.06379292896,2442.51401432158,2730.95777848226,2848.47304905291,2959.27353071595,2092.68155564552,2591.69698007276,2313.25863164347,2613.25341807769,3260.8329720331,2980.69829277398,3235.87462023841,1995.54896329317,2987.55196017971,3088.58569797539,3227.04214451901
2455.31076042847,2633.03907505425,2114.24625117837,2865.94416769398,2967.61290268208,2668.69470453379,2695.15586438432,2843.51621656046,2675.05356193155,2929.03786622213,2139.34365014051,2265.13560110097,2277.36302102403,3120.35108572632,2854.06379292896,2442.51401432158,2162.75809218431,2848.47304905291,2678.93680210142,2092.68155564552,1949.04899622293,2246.26830194662,2613.25341807769,2727.45850330594,2980.69829277398,2941.88982987406,1604.87185238579,2987.55196017971,2532.04797336798,3019.1987665706
2321.66825054133,2633.03907505425,2100.7114562773,2865.94416769398,2548.94679074103,2668.69470453379,2249.31063781748,2826.31852992458,2423.70202781451,2861.43275761431,2139.34365014051,2043.8487016422,2126.66518780267,2797.8731802424,2854.06379292896,2251.57183985112,2162.75809218431,2848.47304905291,2671.44867974287,2092.68155564552,1949.04899622293,2246.26830194662,2613.25341807769,2697.68939963137,2868.40316682161,2941.88982987406,1604.87185238579,2681.41943229952,2532.04797336798,3019.1987665706
2321.66825054133,2633.03907505425,2035.70728340512,2545.23146748473,2502.89284297321,2518.69769498162,2225.77402157571,2566.69544285129,2048.91225051167,2436.39917744732,1839.51245548416,2001.62310733347,2126.66518780267,2797.8731802424,1950.2561429214,2159.51517615197,2162.75809218431,2478.13680869754,2243.514077625,2092.68155564552,1489.72216940045,2246.26830194662,2548.79336187163,2280.67197863573,2721.47504931962,2902.36481781767,1604.87185238579,2681.41943229952,2429.1581001822,2650.99297938061
2270.23193757231,2360.2405235741,1775.50237757818,1872.51698806092,1998.69203449072,2518.69769498162,2225.77402157571,2261.6994936462,2048.91225051167,2113.73005885544,1200.2177843872,1961.69805526477,1808.44424739803,2570.05597105781,1950.2561429214,2108.76028823528,2162.75809218431,2478.13680869754,2243.514077625,2092.68155564552,1489.72216940045,1469.37323565805,2534.89413163962,2096.09489209093,2311.5818257212,2705.12833992779,1591.83081081078,2609.27412262561,2229.59654282669,2425.97585918311
1596.59329710981,2179.75028928277,1775.50237757818,1872.51698806092,1932.56383774792,1693.51785671421,1820.66709149228,2086.47889183243,2048.91225051167,2042.2434488581,1200.2177843872,1725.15154079117,1808.44424739803,2132.48922443103,1869.57768159785,1791.15713792333,2162.75809218431,1988.42861635548,2008.7902354005,1869.22656302856,1417.96963790469,1469.37323565805,2477.47376234116,1939.91877677712,2307.2164277411,2106.97483362873,962.143431303398,2297.89312185013,1413.61845411905,1951.70240549204
1596.59329710981,1752.4134368297,1081.25733270755,1259.99279528868,1738.78524216903,1278.72390361862,1361.99118058567,1940.12202034601,1737.98931939052,1656.41465767306,1066.49786569233,1557.45864975024,1416.6327770716,1999.17780513037,1725.47170310139,1729.64901614515,1614.69273994515,1637.02834311715,1879.61545123463,1502.84027128328,914.380161263347,1254.74487149742,1867.38646244865,1269.64298491252,1890.17395276159,1704.70465588055,634.607129218672,2082.67958195526,956.294900634122,1774.26334862293
1219.18978517131,1627.12417749417,508.673262954301,592.148004410065,1361.48007421342,1254.15981956763,594.132064926047,1889.22623849134,1194.61637753547,1562.72004198096,700.504445686943,1546.76267802356,1240.84342440932,1338.58477952629,1693.33173707814,1719.68355423371,1379.08421949909,1518.88278789556,1062.52526115266,921.091223371809,418.592958601675,803.272521348847,1209.34506264103,980.409413458168,1085.29419981103,1001.88312372096,579.864725481628,2054.90609438781,710.039676189549,1741.7066532249
1026.0446905617,1624.9082422236,480.750368071212,546.536116370095,153.73424320083,1252.49087657336,480.744720121963,1888.99664830522,324.49229575591,1557.11945641992,605.874960421302,1546.5974996779,1174.76817774431,27.8590070696255,1692.80202601843,1719.52285984421,1270.59785669222,1515.98200344918,348.337228739432,875.410690025014,129.027069048827,702.562847662213,990.836461527857,874.269208360564,1053.07157726052,771.213132626374,579.222584323931,2053.80341736821,705.18596780096,1741.39665454611
1020.21259971745,1624.89683686785,480.741070449294,546.518316915558,121.978235595835,1252.46877177783,480.645714514359,1888.99649360728,221.557728531021,1557.10435847055,605.810816249385,1546.59742283265,1174.6530945071,10.3075380372475,1692.80166782782,1719.52280712358,1270.19936154899,1515.98105580562,339.117883667358,875.391308519501,128.683219747073,702.04798875927,990.506565079182,874.083956899098,1052.9972334162,770.080335713192,579.222140169556,2053.75997355104,705.180224024018,1741.39651988096
1020.2125493869,574.049564056861,480.741070192783,546.518316856085,121.97820418421,1252.46846172121,480.645714274299,267.08872997005,221.556730096738,1291.41305988703,605.810815826785,453.251367456574,1174.65309333992,10.3073365041218,786.554002746449,1007.88625281384,1270.19935690245,1504.25813109393,339.117873574804,875.3913083678,128.683216677608,702.047982525359,990.506560809252,874.083956582087,1052.99723307084,770.080317016971,399.324925373487,2053.75969876978,261.25527731294,1328.80597929595
641.867145519711,572.653681773196,480.741070192783,546.518316856085,121.97820418421,1056.51869767449,480.645714274299,128.683216677779,221.556730096738,954.391254220845,605.810815826785,448.691463786247,694.432877419144,10.3073365041218,783.270077202923,1007.79856647464,240.478993374235,586.804343809405,339.117873574804,875.3913083678,128.683216677608,702.047982525359,776.722875069894,483.810857205326,717.4816835123,664.894197050562,348.988028991668,783.302983069746,7.14219358082028,1128.8058132604
217.389487155771,543.103356168434,480.741070192783,3.66477845193276,13.5973884365267,697.943194027282,358.804064188244,128.683216677779,221.556730096738,636.626840444285,460.846259994834,372.077535076582,595.669088201014,10.1199731810066,257.11661559091,118.75060681983,240.478993239708,586.80434379801,339.117873574804,599.084048888627,128.683216677608,702.047982525359,582.63710086736,483.810857197801,237.013223327152,7.14219358060654,348.988028991668,783.302978680485,7.14219358064383,246.996642410121
217.389487154732,240.416538798645,253.70165490318,3.66477845193276,13.5973883097386,587.202729647149,243.769045045299,128.683216677779,3.477415128742,132.035722924167,13.7222971918063,121.978204184208,237.001578110954,10.1199731810038,257.11661559091,118.75060681983,13.5973883097295,122.165567507323,339.117873574804,240.478993239685,128.683216677608,477.293208027521,247.059096850916,250.411603097566,237.013223327148,7.14219358060654,243.831499486339,125.455619312946,7.14219358064383,7.01728469850786
