7918084.01400354,985168.841856735,37694787.2526376,10148962.2877996,14848283.991534,608306398.407609,22674543.9737869,340711418.794749,49720277.9939511,5472350773.99717,751812.608554857,54637335.7378784,9077671.56278076,30385652.1660113,13949772.4489132,2423054.52702458,25424610.8189753,2273883.77793995,108361430.636626,144442566.126102,366637490.284959,22540748.4686982,9321655.7372135,8889320912.65566,81177438.2498604,22017961.5847007,1832912130.11098,2219800.06692597,18269370.1656431,10288097.3456979
241200.26526205,748623.021216124,3862711.98635598,5957401.63456219,416674.011010682,17162119.7050789,3611336.25624476,25831414.2082783,2443038.29603377,5690035.20436383,657944.30409365,1779261.1186154,100949.313412201,1934932.15609772,1446254.06351064,1168744.98662974,1103021.11688976,693355.981463295,52610811.7506992,39358885.1311479,1395236.10305521,676189.907700531,9321655.7372135,38753292.179397,1451747.3862075,922993.880770604,338282.91575624,151020.069900538,1463865.93213415,616011.723821843
75332.5612887486,748623.021216124,358862.269463601,3503244.15962385,179824.478396569,2462507.35753068,756118.046398141,6457865.03248695,416153.247162556,5690035.20436383,566768.306294328,1260990.80694814,100949.313412201,165311.94460377,594921.034981703,908007.738789985,733136.945071218,95786.9124002021,7908931.81263965,811306.466096026,356721.504607605,676189.907700531,650966.959780338,412191.079622848,945856.946621123,922993.880770604,338282.91575624,126012.493138128,219282.921534168,616011.723821843
75332.5612887486,564156.902264462,44193.3317476368,323598.86331661,176334.221611952,554697.597769243,232892.780343286,456651.94644604,416153.247162556,863502.182152444,410630.141073198,249032.861143786,31257.2169212151,165311.94460377,426301.821820834,382720.786797759,477384.048542761,40083.1568151593,468901.750602419,474740.574742102,153130.902305554,124967.443983842,594623.604720884,219540.974731275,140899.657632697,494202.824437439,56616.428132887,81498.4497833514,144707.08563869,616011.723821843
9245.89304614713,8074.56188764909,13800.9580156648,3793.76664728992,13099.4067070705,9517.45610709404,8260.89720573457,7028.43871955546,5211.240550956,18261.2068143254,3829.06681187172,7783.17447380691,4608.60612177755,6574.08830232039,12069.0045806541,3891.25850209741,9468.1816611142,2550.90430700288,4309.01183557319,7091.12279131046,3502.66028158552,6622.16871193524,10434.8006506152,7775.27366693742,4617.91047836839,53885.6365088442,1777.05355359294,5405.43862609836,9069.38643471266,2918.14899373604
1014.02573360661,575.213679747262,743.043817663917,752.927799064852,122.73929769014,647.398641847358,81.3110880780109,310.325260510988,245.058719734523,246.103976014297,132.443409108278,618.010856757515,462.659232819915,282.778205814949,470.59004783336,499.835579029698,107.874097013005,298.940116969601,285.460402517414,268.330811317381,929.806100091653,262.99909142104,419.25378011263,554.718967825333,481.739751180215,452.220408720617,439.021215324119,719.244520094622,487.582878032629,291.063556262434
954.84768368903,568.135893109439,428.210888839362,720.00652764301,26.0770940973213,618.157293095113,46.4126935765941,263.367357831706,237.393700514128,219.129743447236,64.6691578655687,580.594923725194,431.667766604809,265.731353078102,448.20899048074,475.776457141985,79.8014407749754,272.57210185655,259.510072103033,237.206128005736,881.468368026139,249.127890366663,368.719244867837,521.206370963707,469.685990242909,420.768764076359,411.049615854118,685.144732393591,473.658068931827,271.427450209704
954.847399804233,568.135862331416,428.207285646489,719.965899432316,26.0768249837396,618.15605186064,46.4125243108134,263.366882703021,237.393654245855,219.129587523311,64.668715043817,580.593943211249,431.667455010048,265.730345467253,448.208730285879,475.776158080393,79.8012648157801,272.57190373211,259.495917723012,237.205809048522,881.467284047578,249.124923940164,368.718921517423,521.20604557795,469.670938145438,420.7687311755,411.047672410593,685.144669202891,473.650755526023,271.227199305393
954.847399804233,568.135862331416,428.207285646489,719.965853090011,26.0768249837396,618.15605186064,46.4125243108134,263.366882703021,237.393654245855,219.129587523311,64.668715043817,580.593943211249,431.667455010048,265.730345467253,448.208730285879,475.776158080393,79.8012648157801,272.57190373211,259.495907879283,237.205809048522,881.467284047578,249.124923940164,368.718921517423,521.20604557795,469.670935531309,420.7687311755,411.047672410593,685.144669202891,473.650747881436,271.227179289157
954.847399804233,568.135862323563,428.207285646489,719.965853090011,26.0768249837396,618.15605186064,46.4125243048493,263.366882664844,237.393654245855,219.129587512259,64.6687150012307,580.593943211249,431.667454986064,265.730345467253,448.208730285879,475.776158058787,79.8012648157801,272.57190373211,259.495907879283,237.205809048522,881.467284043443,249.124923895088,368.718921517423,521.20604556767,469.670935531309,420.768731156442,411.047672395595,685.144669202891,473.650747881436,271.227179289157
954.847399804233,568.13586232179,428.207285646489,719.965850690212,26.0768249837396,618.15605186064,46.4125243048493,263.366882664844,237.393654245855,219.129587512259,64.6687149986851,580.593943209711,431.667454986064,265.730345467253,448.208730283007,475.776158054514,79.8012648157801,272.571903723149,259.495907879283,237.205809048522,881.467284043443,249.124923886588,368.718921517423,521.206045547507,469.670935531309,420.768731156442,411.047672395595,685.144669189242,473.650747726957,271.227179289157
954.847399790435,568.13586232179,428.207285625085,719.965850690212,26.0768249837396,618.15605186064,46.4125243048493,263.366882664844,237.393654245855,219.129587512259,64.6687149900897,580.593943204445,431.667454986064,265.730345467253,448.208730283007,475.776158054514,79.8012648108849,272.571903723149,259.495907879283,237.205809042935,881.467284043443,249.124923886588,368.718921517423,521.206045539532,469.670935531309,420.768731144854,411.047672395595,685.144669189242,473.650747726957,271.227179289157
954.847399771436,568.135862319217,428.207285619502,719.965850690212,26.0768249769843,618.15605186064,46.4125242869164,263.366882660698,237.393654241707,219.129587505497,64.6687149900897,580.593943202842,431.667454980691,265.730345460368,448.208730282663,475.776158049832,79.8012648081619,272.571903717531,259.495907879283,237.205809038753,881.46728402819,249.124923874512,368.718921513473,521.206045534433,469.670935531309,420.768731140663,411.047672381815,685.14466918764,473.650747726957,271.227179289157
954.847399771436,568.135862318682,428.207285619188,719.965850690212,26.0768249766953,618.156051855188,46.4125242869164,263.366882660698,237.393654241592,219.129587505069,64.668714988695,580.593943202842,431.667454980691,265.730345453998,448.208730270747,475.776158049832,79.8012648079859,272.571903717531,259.495907879283,237.205809038357,881.467284027594,249.124923858894,368.718921504352,521.206045530675,469.670935531309,420.768731140663,411.047672381465,685.14466918764,473.650747154062,271.227179289157
