4.73361524044526,5.59540373189611,6.0101922983215,5.47151276981413,5.98012010336606,5.51770532137698,6.59795619631518,5.43651236677192,5.68187702248133,4.97493150398805,5.17676188845644,5.30639674027248,5.11292544453249,4.58930484121606,5.19936858774736,5.23939166141759,4.15588387517028,4.75121632939204,5.46095099466402,5.6876534987457,5.98622467495443,5.5442755370625,4.52493396533396,6.21543201205259,5.01538086841765,5.69703250822931,4.58500452206454,4.65434578586996,5.76943946415054,4.93826269268948
4.73361524044526,5.59540373189611,5.65808301102697,5.47151276981413,5.71868956077219,5.51110732761936,4.90767240410719,5.43651236677192,5.68187702248133,4.97493150398805,5.17676188845644,5.30639674027248,5.11292544453249,4.58930484121606,5.19936858774736,5.23939166141759,4.15588387517028,4.75121632939204,5.46095099466402,5.6876534987457,5.98622467495443,5.15778445527599,4.26466385951767,5.41304516573405,5.01538086841765,5.69703250822931,4.58500452206454,4.65434578586996,5.76943946415054,4.93826269268948
3.60417952384432,5.59540373189611,5.65808301102697,2.85722404862759,4.97184824390251,5.51110732761936,4.90767240410719,3.388860109088,5.68187702248133,4.9688069472711,4.58543248750061,5.29066689132355,3.15843875907262,4.58930484121606,3.40209264126565,4.87650142563484,2.69255532187776,4.44360746107145,4.90536972817904,5.49616163934343,5.13673121092324,4.36869359049524,4.26466385951767,5.41304516573405,5.01538086841765,5.28681916627716,4.58500452206454,4.65434578586996,5.74583978850524,4.93826269268948
0.897189953381712,2.7692348817518,2.12399237524755,0.856786097634767,3.04151708543441,2.29362747413029,4.90767240410719,0.980913231900331,4.01559502294026,1.44017430977806,1.52606473329092,3.03054751403693,0.827399086881087,4.58930484121606,0.984021539527248,1.74824919167122,0.554497223761246,1.71262720734785,4.30174171649196,2.81676335157817,2.80641809313943,2.59184415956861,2.65715438511916,4.05786583832037,3.3819725518606,2.23024291669594,3.7547728898403,2.47211507286715,2.23708544692818,2.00820700035592
0.0877134549655239,0.472072020837686,0.318575263417188,0.105515720566473,0.520371582834514,0.653668663064309,0.983679244912082,0.128691574925597,0.608178518381919,0.35111802816391,0.262180278959704,0.329464060125247,0.118369430836765,0.762140562805143,0.114570462365464,0.287489427995979,0.0672743627403634,0.306973235510668,0.629999395344157,0.463973799587848,0.86934890277189,0.386997534945067,0.486588726484797,0.76238678975551,0.540934248398344,0.357043640489792,0.770209983504856,0.571044658616529,0.338397475320335,0.371968990447613
0.0462802895251571,0.0693569865441077,0.092714304278843,0.0322754666954097,0.0951201980915357,0.457943733314778,0.221310458911603,0.0495571020869647,0.152084492007361,0.161195035576611,0.157543343581438,0.0619309206483649,0.0533000880518557,0.15824589377803,0.0573402266404628,0.0891147705231106,0.0357726317188281,0.181336642965334,0.106821997937459,0.163515704605516,0.262717705878003,0.134923416093898,0.103106173291735,0.123628424463277,0.120089836777652,0.1102113249392,0.172484501641975,0.0969567479437501,0.0648732331305837,0.154632550612405
0.0451603473866271,0.0496816520990251,0.0860936347860388,0.0308449135395676,0.0754345841537543,0.452904884762347,0.163385933567042,0.0469553290477052,0.125601859400376,0.156917301408384,0.156170409761216,0.0457491201043467,0.0522701106058321,0.120355240384697,0.0566356479741899,0.0782340752602977,0.0352446120386958,0.179563228071402,0.0758615713859854,0.147107973099764,0.234031689855328,0.124909649020083,0.0838567016733123,0.0945888743497107,0.0937362895981551,0.104151264962411,0.133104606753932,0.0800381228202696,0.0502196675740834,0.146253192920994
0.0441645955040713,0.0480219444471004,0.08580979466592,0.0308103413885874,0.0742657962559861,0.451855037834775,0.159583939261665,0.0466833915540974,0.123641739648974,0.156794723641951,0.155882907089108,0.0446749006380287,0.0521596075921025,0.117731090158486,0.0558320815282514,0.0772562839956663,0.0348442020961102,0.17904959630323,0.0737409878456674,0.143888981109967,0.230789487333595,0.124206949796871,0.0821444238981712,0.0927931730302589,0.0920346159646215,0.103829550352202,0.129935928306168,0.0787818274891379,0.0492263326239026,0.145889458550528
0.043586042897914,0.0478805519121579,0.0857382956394304,0.0307672283020111,0.0741774930479551,0.451665687303603,0.159270776905487,0.0466444868529834,0.123480875630321,0.155948455404996,0.151863072922652,0.044597348113939,0.0516209989418712,0.117503317982482,0.0467085829966436,0.0771563582886756,0.0347639669198543,0.178607747393016,0.0735329943033776,0.141716834593808,0.229248603678798,0.123826221739364,0.0818769500287999,0.092654133811493,0.0919376385181749,0.103711661044827,0.129559015238783,0.0787055012028759,0.0491635439971105,0.14586257659812
0.0434327529810616,0.0478698137044375,0.0768679257271287,0.0306431680689911,0.0741647068518887,0.443708204780478,0.159246578976308,0.0459992808778225,0.123469426484917,0.151916542065919,0.151728933264621,0.0445921549551258,0.0515952523314809,0.11747948387665,0.0466655065363284,0.0764651366907856,0.0342402370106356,0.17845829411408,0.073518345603361,0.140636658809854,0.229195648363202,0.123468288254344,0.081839439614896,0.0926398903397967,0.0919294051313955,0.0964347936082959,0.12952496408775,0.0786977195712097,0.0491574599541309,0.1455023970409
0.0405393489261314,0.0478695168492322,0.0761995042021226,0.030600932254174,0.074158598815302,0.398041128113618,0.159246578976308,0.0458224469423385,0.12346888054708,0.151854485704007,0.136126634220091,0.0445919955286627,0.0513694755404686,0.11747948387665,0.0462395424412989,0.0764157313317355,0.0325141599091694,0.153083940861052,0.073518345603361,0.140610210896966,0.229193763206922,0.123458330996982,0.0818380725090719,0.0926393370841652,0.0919292510677678,0.0963330039801349,0.129521121014022,0.0786975993482883,0.0491573022188732,0.145440280878574
0.0403957743999399,0.0478695168492322,0.076195951183081,0.0305926662529146,0.074158598815302,0.397951080407438,0.159246578976308,0.0458075273731993,0.12346888054708,0.151852791625743,0.136004596163275,0.0445919955286627,0.0513612354411634,0.11747948387665,0.0462208524297694,0.0764157313317355,0.0322820524640974,0.152972503244882,0.073518345603361,0.140610210896966,0.229193763206922,0.123458330996982,0.0818380725090719,0.0926393370841652,0.0919292510677678,0.0963330039801349,0.129521121014022,0.0786975993482883,0.0491573022188732,0.145439482368602
0.0403957743999399,0.0478695168492322,0.076195951183081,0.0305926662529146,0.074158598815302,0.397951080407438,0.159246578976308,0.0458075273731993,0.12346888054708,0.151852791625743,0.136004596163275,0.0445919955286627,0.0513612354411634,0.11747948387665,0.0462208524297694,0.0764157313317355,0.0322820524640974,0.152972503244882,0.073518345603361,0.140610210896966,0.229193763206922,0.123458330996982,0.0818380725090719,0.0926393370841652,0.0919292510677678,0.0963330039801349,0.129521121014022,0.0786975993482883,0.0491573022188732,0.145439482368602
0.0403957743999399,0.0478695168492322,0.076195951183081,0.0305926662529146,0.074158598815302,0.397951080407438,0.159246578976308,0.0458075273731993,0.12346888054708,0.151852791625743,0.136004596163275,0.0445919955286627,0.0513612354411634,0.11747948387665,0.0462208524297694,0.0764157313317355,0.0322820524640974,0.152972503244882,0.073518345603361,0.140610210896966,0.229193763206922,0.123458330996982,0.0818380725090719,0.0926393370841652,0.0919292510677678,0.0963330039801349,0.129521121014022,0.0786975993482883,0.0491573022188732,0.145439482368602
