1866.38723535223,3675.56974047823,3680.69817652392,4054.59304734041,3844.86586855805,2879.61235395884,4691.88015518513,3650.14666203541,3068.1610190118,2402.14213208074,2182.67847589705,2428.24096325776,2795.93037823475,5367.80565793274,4799.69116088286,2683.49496900101,2733.26683520062,2181.3185939329,2607.38422032641,2544.31770631138,4638.2636655504,3386.56380109559,2564.74213097105,4522.25577144052,4687.76716636761,3415.60895211307,3381.7023175266,3465.621339311,2535.09297220246,3544.03647766994
755.475665131576,2056.91373129655,2148.05862677306,2444.85282430527,1953.25759914903,1098.86159904043,2620.62910750251,1586.24345802566,1749.24289158473,1257.21448002821,1182.19577245007,1185.47792072786,1590.09966293125,3406.98802023675,2483.95131097318,1348.20721572507,1362.91634278909,1047.62019819701,1121.87005965901,1358.29785256295,2357.81493396155,1762.53583544034,1117.14159970693,2722.3560492783,2862.62416014169,1697.32515709436,1887.52279409687,1516.13682527457,1488.65746056665,1840.95061815317
576.408476430024,782.053567079216,821.385467130821,1001.93507817771,656.686417863404,618.403260509825,1153.80417752482,664.264075131639,741.48704652416,702.698793779045,684.415969202557,658.961961081648,805.93825318679,1129.27521212639,898.289345930964,734.466134457964,731.209293699879,493.862342591794,648.639862850947,667.721287394093,995.407254842289,912.890102991292,707.391200191779,976.749583845,869.262946589947,809.578944243967,761.485486778084,746.14300797441,663.754928325521,863.390806073068
335.323675142031,474.079930180362,416.371921045368,496.93311414139,465.776654546892,382.125479939901,471.258006661306,407.591164827511,409.22601725203,393.367040730995,354.615334225034,352.360302555258,335.479976789218,470.12617300287,445.298998692171,387.716976387507,403.323386529635,320.201623551089,373.321400078921,382.49555824761,414.281632836842,443.08886527924,422.300881500224,417.412506296026,442.829177216551,464.624990897853,454.98962501362,389.878057409887,342.300225570651,434.329938493545
184.229808091703,171.92983057189,201.648551876367,210.588094884839,225.597238238631,210.83361726723,222.143500765224,220.37670034991,206.863280669171,209.34106029748,214.15520486911,177.289432407263,205.60400074071,213.62358442106,225.594226835106,216.461004427377,205.516895852256,199.025241603662,201.359261923601,221.238922375171,219.391934476049,209.787454493473,206.974479574707,207.404579460725,234.774649811547,220.36333439019,227.556754452713,214.839529317073,214.471018603139,220.516807710161
38.2686593135315,36.5018197984446,39.7915508157564,39.31287235021,38.6488547583015,42.5242698873194,37.4916640164111,40.6530164822948,36.6275687964767,41.1020130226339,40.0010939223141,45.968401451589,39.8407016319377,37.6033130262269,42.3068741459342,39.632817966376,36.7847135495408,37.9048342369895,41.9470872018417,40.3242655140655,42.4977155899446,39.1234993771454,36.6351174826464,36.5381560737092,41.2840921625136,40.3204305420902,40.3335889229668,39.6438014710131,41.3404733489112,37.3653916948579
36.6617358521162,35.7961344890837,37.9368619429795,37.7373875218871,35.8078819491486,39.5639886975864,35.2818907678129,37.9420702651082,35.5459355479525,38.7671767461311,38.3194800151196,40.0961993682979,38.417380913236,35.6301201686774,39.9304766566636,37.7816569205252,35.8709882059266,36.6004940045502,39.5162443649988,37.2500538655495,39.7817570187772,38.1163721032638,35.518781631964,34.8413421280791,38.824038202642,37.1613780154767,38.3356337245868,37.5062367421265,39.6534887291723,35.9480448298307
36.6579747165642,35.7948286710823,37.9314521737365,37.7338221977848,35.8025950118792,39.5573101051004,35.2766060734866,37.9389793243583,35.5445221842585,38.7631121440077,38.3158126749597,40.0832074558682,38.4158048849663,35.6258321487603,39.9260303354977,37.7787360841614,35.8695270436606,36.5974540636043,39.5112929611855,37.2446207124794,39.7782649963999,38.1145633919778,35.5173816719512,34.8392150640427,38.8192252977101,37.1547040256416,38.3315552876554,37.5025074290684,39.6493903938699,35.9452880644922
36.6579683685907,35.794825860534,37.9314467824645,37.7338156662536,35.8025878723802,39.5573022724652,35.2765974546771,37.9389744577829,35.5445190718492,38.7631060756758,38.3158076817465,40.0831908216344,38.4158021179576,35.6258263475618,39.9260230905018,37.7787317831494,35.8695240624334,36.5974487419294,39.5112884073396,37.2446143823909,39.7782596191023,38.1145600955469,35.5173795186297,34.839210640981,38.8192183272668,37.1546942616219,38.3315464934931,37.5025026525823,39.6493841099318,35.9452853076341
36.6579683569962,35.794825857161,37.9314467741476,37.7338156578041,35.802587857559,39.5573022560527,35.2765974334848,37.9389744464227,35.5445190663984,38.7631060625472,38.315807668567,40.0831907959014,38.41580211308,35.62582633691,39.9260230771263,37.7787317745444,35.8695240566253,36.5974487320154,39.5112884011035,37.2446143729462,39.7782596086272,38.1145600912885,35.5173795146347,34.839210634234,38.8192183180079,37.1546942471894,38.3315464801767,37.5025026475193,39.6493840965413,35.945285300975
36.6579683569962,35.794825857161,37.9314467741476,37.7338156578041,35.802587857559,39.5573022560527,35.2765974334848,37.9389744464227,35.5445190663984,38.7631060625472,38.315807668567,40.0831907959014,38.41580211308,35.62582633691,39.9260230771263,37.7787317745444,35.8695240566253,36.5974487320154,39.5112884011035,37.2446143729462,39.7782596086272,38.1145600912885,35.5173795146347,34.839210634234,38.8192183180079,37.1546942471894,38.3315464801767,37.5025026475193,39.6493840965413,35.945285300975
36.6579683569962,35.794825857161,37.9314467741476,37.7338156578041,35.802587857559,39.5573022560527,35.2765974334848,37.9389744464227,35.5445190663984,38.7631060625472,38.315807668567,40.0831907959014,38.41580211308,35.62582633691,39.9260230771263,37.7787317745444,35.8695240566253,36.5974487320154,39.5112884011035,37.2446143729462,39.7782596086272,38.1145600912885,35.5173795146347,34.839210634234,38.8192183180079,37.1546942471894,38.3315464801767,37.5025026475193,39.6493840965413,35.945285300975
36.6579683569962,35.794825857161,37.9314467741476,37.7338156578041,35.802587857559,39.5573022560527,35.2765974334848,37.9389744464227,35.5445190663984,38.7631060625472,38.315807668567,40.0831907959014,38.41580211308,35.62582633691,39.9260230771263,37.7787317745444,35.8695240566253,36.5974487320154,39.5112884011035,37.2446143729462,39.7782596086272,38.1145600912885,35.5173795146347,34.839210634234,38.8192183180079,37.1546942471894,38.3315464801767,37.5025026475193,39.6493840965413,35.945285300975
36.6579683569962,35.794825857161,37.9314467741476,37.7338156578041,35.802587857559,39.5573022560527,35.2765974334848,37.9389744464227,35.5445190663984,38.7631060625472,38.315807668567,40.0831907959014,38.41580211308,35.62582633691,39.9260230771263,37.7787317745444,35.8695240566253,36.5974487320154,39.5112884011035,37.2446143729462,39.7782596086272,38.1145600912885,35.5173795146347,34.839210634234,38.8192183180079,37.1546942471894,38.3315464801767,37.5025026475193,39.6493840965413,35.945285300975
