73292407.2034298,125494643.274363,34971123.9908461,63912223.0981841,80297567.7839558,158641601.896253,145638140.447713,30816428.3439253,178912054.525579,59654271.2167624,64077271.4963914,54592945.3430844,222387514.199381,76260323.9745109,86069737.2168088,111232742.580829,84047035.6224867,104398576.784126,57097750.3395533,173281312.289187,138784002.337186,67099598.0714921,41658684.2715731,73674515.3876962,223297880.141023,264585478.964692,109471919.245508,211307706.01803,74472054.0936123,121171220.535597
73292407.2034298,125494643.274363,34971123.9908461,63912223.0981841,80297567.7839558,158641601.896253,145638140.447713,30816428.3439253,178912054.525579,59654271.2167624,64077271.4963914,54592945.3430844,222387514.199381,76260323.9745109,86069737.2168088,111232742.580829,84047035.6224867,104398576.784126,57097750.3395533,173281312.289187,138784002.337186,67099598.0714921,41658684.2715731,73674515.3876962,223297880.141023,264585478.964692,109471919.245508,211307706.01803,74472054.0936123,121171220.535597
73292407.2034298,125494643.274363,34971123.9908461,63912223.0981841,80297567.7839558,158641601.896253,145638140.447713,30816428.3439253,178912054.525579,59654271.2167624,64077271.4963914,54592945.3430844,222387514.199381,76260323.9745109,86069737.2168088,111232742.580829,84047035.6224867,104398576.784126,57097750.3395533,173281312.289187,138784002.337186,67099598.0714921,41658684.2715731,73674515.3876962,223297880.141023,264585478.964692,109471919.245508,211307706.01803,74472054.0936123,121171220.535597
73292407.2034298,125494643.274363,34971123.9908461,63912223.0981841,80297567.7839558,158641601.896253,145638140.447713,30816428.3439253,178912054.525579,59654271.2167624,64077271.4963914,54592945.3430844,222387514.199381,76260323.9745109,86069737.2168088,111232742.580829,84047035.6224867,104398576.784126,57097750.3395533,173281312.289187,138784002.337186,67099598.0714921,41658684.2715731,73674515.3876962,223297880.141023,264585478.964692,109471919.245508,211307706.01803,74472054.0936123,121171220.535597
73292407.2034298,125494643.274363,34971123.9908461,63912223.0981841,80297567.7839558,158641601.896253,145638140.447713,30816428.3439253,178912054.525579,59654271.2167624,64077271.4963914,54592945.3430844,222387514.199381,76260323.9745109,86069737.2168088,111232742.580829,84047035.6224867,104398576.784126,57097750.3395533,173281312.289187,138784002.337186,67099598.0714921,41658684.2715731,73674515.3876962,223297880.141023,264585478.964692,109471919.245508,211307706.01803,74472054.0936123,121171220.535597
73292407.2034298,125494643.274363,34971123.9908461,63912223.0981841,80297567.7839558,158641601.896253,145638140.447713,30816428.3439253,178912054.525579,59654271.2167624,64077271.4963914,54592945.3430844,222387514.199381,76260323.9745109,86069737.2168088,111232742.580829,84047035.6224867,104398576.784126,57097750.3395533,173281312.289187,138784002.337186,67099598.0714921,41658684.2715731,73674515.3876962,223297880.141023,264585478.964692,109471919.245508,211307706.01803,74472054.0936123,121171220.535597
73292407.2034298,125494643.274363,34971123.9908461,63912223.0981841,80297567.7839558,158641601.896253,145638140.447713,30816428.3439253,178912054.525579,59654271.2167624,64077271.4963914,54592945.3430844,222387514.199381,76260323.9745109,86069737.2168088,111232742.580829,84047035.6224867,104398576.784126,57097750.3395533,173281312.289187,138784002.337186,67099598.0714921,41658684.2715731,73674515.3876962,223297880.141023,264585478.964692,109471919.245508,211307706.01803,74472054.0936123,121171220.535597
61954356.8201494,125494643.274363,28943218.0547107,50759808.3481274,68427628.7984988,144761891.109801,129477072.771159,27913843.2550655,146446967.869479,59654271.2167624,56094874.9632727,50361054.153306,166592020.063927,67351636.3866909,71148722.9004608,111232742.580829,84047035.6224867,97731386.5694896,48921490.5129101,145884873.258521,120078402.962031,55881021.0698252,37641963.8778222,69515815.5651366,178574910.511669,240130025.13889,109471919.245508,190072052.18679,74472054.0936123,104534178.680323
46112778.5907454,88218106.6756676,28476732.6957461,40997355.7514843,58526466.0114931,144761891.109801,97892210.7111242,27913843.2550655,135446715.03797,45618507.8131414,46027076.8285722,43412995.2598458,149386719.47761,53875457.4555978,57175159.4249479,107070127.791203,76901031.7085075,84370694.1058967,42485969.2986365,137506304.573188,91606991.8320085,38063057.0884799,32073345.14406,57997722.3702952,141682359.047688,204398773.309269,79595579.075517,174258674.15283,64932051.0158185,77328313.9541712
18638233.969356,70265587.7118765,14269635.9442992,18707555.0777375,36735774.7801543,94660773.1663634,62766200.9236206,11727446.288456,85929956.7061151,33117727.1477623,27174556.4345942,33491391.7930105,78474801.0659712,30341967.6148358,29560171.1187563,50890141.3336858,57979617.4146624,41098179.7687956,20705220.9994648,85238738.4137768,56889167.257514,13921521.7673949,12168190.9256651,34477891.314348,84230622.583003,108296544.684424,58116732.1366925,109005692.840511,52791582.1680499,61209590.5355375
2198984.61916473,13679032.763334,2275575.69086428,1478539.27558832,7908667.98536953,26220553.7065998,10360128.8146669,2225228.41437886,14541512.4255252,8519535.31418748,5941029.39999228,10538526.2932561,15106246.9648406,4131310.2066987,2152590.34289103,14780191.717969,15168915.2700595,9094679.39322424,3229517.43125262,17954089.2877011,7556132.7794959,1214892.47500115,1424270.13765558,4283547.18647536,13092642.8125222,28528073.431205,16998569.4707281,34293589.0593479,18917919.4832444,12607309.1158165
2414.958019936,576420.832606399,12854.6782425026,5763.57382198585,85466.4475397891,157152.629159547,36521.4676296261,8235.56698297956,229960.047202519,116736.559741511,22974.1549249077,94043.3341311896,108639.160904641,18578.9630252262,14180.2568056673,66275.757864189,86465.8980052301,21553.4559025175,23471.1149879784,258494.351729554,56200.7664299564,2887.27214972878,1883.63719466165,35016.5058372787,106655.753920657,352960.805739404,863064.087510223,899724.565525937,489527.622688208,103443.08145766
29.9106281127024,55.4361903948416,36.6960819563778,31.1825200244984,39.8460041248441,44.7539257318185,36.0922847729137,37.6306508789653,46.7477329686462,40.5527418099164,40.6700481430262,44.4166969723694,45.3238725276976,36.1752969537081,39.6172374497792,40.6626751745328,41.8855030004356,35.2405841981231,35.4802488807195,45.073891563467,39.9815569290795,33.0083574322116,33.2347278674067,33.7183154369418,44.7162312737976,46.2823399234346,74.113024864198,57.6381612379237,54.281354690826,46.5533809398539
5.31206819528006,7.86081187182708,6.61466023874073,6.30244912486523,6.10713725783035,7.45037201860896,6.720154196051,6.73543573094003,7.99776829152756,8.7445485795356,6.90415962653742,6.69673914405143,7.57264928444556,6.85028629049134,6.20222868974315,6.04209562011602,6.85640073055993,6.75628753130377,6.12044993243603,9.30617711989794,7.80228094899985,6.5715143413463,5.90228121163227,4.60953228743392,7.58911015213334,7.44976387066595,9.70613667403495,7.34532396711938,10.0692759581398,7.30049021213517
5.11688774221511,6.94046555139016,6.31407906092682,6.13975000095797,5.63278307636392,6.76213164320188,6.32281862950458,6.21211672160325,7.27919478801732,7.53481910078608,6.45623478843959,5.90304101422998,7.23738194662997,6.57313068113467,5.75206532870266,5.44460000965182,5.6395691830603,6.50115847455481,5.44721550704435,8.76446520314244,7.3217501697759,6.41713132277005,5.44044815192728,4.20830050786617,6.71804856744006,6.59871142878592,8.59446602318485,6.69827134015964,9.03769772066698,6.87007784712705
5.09778581982846,6.94045453892818,6.31389321918914,6.13934723852935,5.632642939167,6.76196885761556,6.32113853612213,6.21198215900949,7.27888735701117,7.53480379447046,6.4561613010369,5.90295626234138,7.23722753247512,6.57261478387932,5.75200582223147,5.44448785613622,5.63942707723845,6.499387195395,5.44624462025081,8.76433799002166,7.32157188311885,6.41687208371445,5.44037094200689,4.20807190974438,6.71777727340441,6.59866979157459,8.59446273300864,6.69825145630784,9.03768591992957,6.8700520879047
