10839.3917127077,10785.7055341815,11038.6146252618,10915.6757958616,11626.906444115,10543.0642812232,10452.3816350856,10599.3742017072,11052.2482800381,11409.9471440575,10741.4231336414,10673.3494481146,10600.2214209016,11209.6819715565,10402.3225538238,9660.04672943475,10068.0606980136,9144.14091456221,10886.1017201063,10494.1494162795,9469.75898217214,10994.8603583107,10600.3412479411,10306.2344679093,10304.0708215049,10639.1285763152,11049.3924102884,10327.8338971361,11347.7142442156,10752.7379876841
10839.3917127077,10785.7055341815,11038.6146252618,10915.6757958616,11626.906444115,10543.0642812232,10452.3816350856,10599.3742017072,11052.2482800381,11409.9471440575,10741.4231336414,10673.3494481146,10600.2214209016,11209.6819715565,10402.3225538238,9660.04672943475,10068.0606980136,9144.14091456221,10886.1017201063,10494.1494162795,9469.75898217214,10994.8603583107,10600.3412479411,10306.2344679093,10304.0708215049,10639.1285763152,11049.3924102884,10327.8338971361,11347.7142442156,10752.7379876841
10839.3917127077,10785.7055341815,11038.6146252618,10915.6757958616,11626.906444115,10543.0642812232,10452.3816350856,10599.3742017072,11052.2482800381,11409.9471440575,10741.4231336414,10673.3494481146,10600.2214209016,11209.6819715565,10402.3225538238,9660.04672943475,10068.0606980136,9144.14091456221,10886.1017201063,10494.1494162795,9469.75898217214,10994.8603583107,10600.3412479411,10306.2344679093,10304.0708215049,10639.1285763152,11049.3924102884,10327.8338971361,11347.7142442156,10752.7379876841
10839.3917127077,10785.7055341815,11038.6146252618,10915.6757958616,11626.906444115,10543.0642812232,10452.3816350856,10599.3742017072,11052.2482800381,11409.9471440575,10741.4231336414,10673.3494481146,10600.2214209016,11209.6819715565,10402.3225538238,9660.04672943475,10068.0606980136,9144.14091456221,10886.1017201063,10494.1494162795,9469.75898217214,10994.8603583107,10600.3412479411,10306.2344679093,10304.0708215049,10639.1285763152,11049.3924102884,10327.8338971361,11347.7142442156,10752.7379876841
10839.3917127077,10785.7055341815,11038.6146252618,10915.6757958616,11626.906444115,10543.0642812232,10452.3816350856,10599.3742017072,11052.2482800381,11409.9471440575,10741.4231336414,10673.3494481146,10600.2214209016,11209.6819715565,10402.3225538238,9660.04672943475,10068.0606980136,9144.14091456221,10886.1017201063,10494.1494162795,9469.75898217214,10994.8603583107,10600.3412479411,10306.2344679093,10304.0708215049,10639.1285763152,11049.3924102884,10327.8338971361,11347.7142442156,10752.7379876841
10839.3917127077,10785.7055341815,11038.6146252618,10827.7092206985,10565.6705179186,10543.0642812232,10452.3816350856,10599.3742017072,10966.6277956921,11048.4021580301,10741.4231336414,10673.3494481146,10089.3309706554,10737.5977688365,10402.3225538238,9660.04672943475,10068.0606980136,9144.14091456221,10886.1017201063,10494.1494162795,9469.75898217214,10994.8603583107,10287.6722379818,10306.2344679093,9943.03870527765,10639.1285763152,10721.6920024851,10327.8338971361,11347.7142442156,10612.3721033919
10618.4564552344,10785.7055341815,10257.4419889962,10827.7092206985,10565.6705179186,10543.0642812232,10254.616176731,10599.3742017072,10966.6277956921,10671.1024469787,10741.4231336414,10673.3494481146,9980.95631634836,10737.5977688365,10402.3225538238,9660.04672943475,10068.0606980136,9144.14091456221,10886.1017201063,10193.6198008405,9469.75898217214,10994.8603583107,10123.0755119624,9992.66713849216,9594.16633332814,9818.08628378376,10706.5468879022,10327.8338971361,11092.0111001994,10388.7261998606
10618.4564552344,10785.7055341815,10257.4419889962,10329.3232510942,10467.8849649626,10146.4485717774,10064.7823807475,10599.3742017072,9865.3356877244,10462.7983849682,10741.4231336414,10673.3494481146,9731.96059874382,10225.995219544,10402.3225538238,9660.04672943475,9553.95079085575,9144.14091456221,9736.76897030429,9531.72044750315,9469.75898217214,10501.814969235,9784.37987772798,9974.18889961525,9501.35631938152,9818.08628378376,10383.0027179654,9173.52429895605,10767.8574814795,9725.07682158736
10133.5552922369,9577.6209729186,9887.19432147921,9161.64453856914,10226.3875624639,10066.288144732,8847.38557646205,9469.63506312635,8798.65551476528,9673.7962581407,9638.91600293292,10527.2370492183,9074.94557012646,9396.75866882235,9407.27726743154,9048.34485017117,8488.62628339456,9144.14091456221,9736.76897030429,9179.62412881894,9469.75898217214,10152.3373636879,8335.61381227493,9035.18794945447,8896.88398336033,9037.53512256028,9129.32532709625,9026.75249218126,10574.8644065186,8907.09801587858
8728.27304836501,8322.77321042267,8544.86157782592,7880.64082856051,8088.00546891082,8430.33814356061,7930.97983802382,8311.64255752751,8007.66500768017,8276.53499449709,8423.78728771984,9649.04234227394,7401.77994576169,7863.21764489542,8186.00377456171,8096.96672330377,7430.28900578135,8139.15356276345,8418.27588876105,7271.17086955563,8735.76669442585,8277.338535979,6658.95715342081,8024.57864270818,7133.69117520174,7738.33269232283,7519.65487031593,7911.31122998851,9796.31849350075,7758.63248823146
7093.08125600614,7053.36051602153,6935.2629145208,6923.11949682823,7172.00414826396,6729.15431795799,6110.78324572267,7327.82342378223,6719.84725867645,7021.95703392646,6574.18470411561,8442.79761746739,6457.93200912683,6554.00170274451,6539.67292024883,5595.2700646809,5561.41562773872,6526.50099356872,7214.97802175205,6610.7243700069,6725.05287863539,6646.81706326395,5725.6167273028,6419.81770342036,5989.71208409713,6762.78074599931,6178.44751367255,5930.65682316367,7656.18748101682,6578.49538543885
6580.6163704296,6679.37538367653,6340.17549409597,6639.26396884167,6988.38607365437,6039.18260700811,4722.98665413414,7095.51386065926,6474.90368817934,6580.30947514846,6194.79037285436,7692.27995937554,6223.33997698865,6266.33557421027,5430.49408555023,4275.21633431046,4673.56501676106,5526.57095708363,6868.84014306131,6510.86933406855,6149.07783711912,6087.20296941909,5560.2399827995,5887.50507623086,5878.87055733051,6561.85926588989,5645.70244217337,5033.37816595613,6704.76985156133,6288.10041444527
6559.97864298943,6627.85473336548,6289.99990112149,6631.1201974088,6985.14656033609,6010.48306782946,4565.41997758907,6943.00662654396,6444.39077921249,6571.1809774477,6187.66262636702,7469.49574129915,6218.89110231172,6259.8134194327,5318.13173364317,4145.28620312622,4541.6718439874,5449.12162274572,6865.98914838446,6510.26773122608,6121.11180531269,6057.76594909262,5559.50993889725,5861.95233325648,5874.57829480951,6559.30706924818,5630.75231491395,4990.40128285608,6494.53780576193,6282.87123242099
6559.90646662531,6595.22543017966,6289.32905900021,6629.90391980548,6856.14629997038,6010.19813096927,4564.26297708944,6677.26679218349,6393.10951623644,6569.21038257278,6187.22089587245,7468.93907268958,6218.86672513531,6258.68712631863,5317.2970270352,4144.79331339055,4541.13660665166,5448.81103173388,6864.55636076476,6502.79632111592,6120.77163699977,6057.71171003339,5556.77224529728,5861.90463253983,5874.5554662305,6557.47014018821,5597.84195423983,4990.23482814624,6293.7393257176,6282.83656795353
6559.88196209171,5945.18251765755,6289.1726249239,6448.4651861475,6803.96026213651,6010.13298999923,4564.21231827869,6676.76759483491,6392.42735633088,6568.41345750399,5626.90433017486,4409.97060333673,6218.8518116569,6258.46207666642,5317.29692773063,4144.75866926469,4541.12278208564,5448.79558102181,6864.01970089366,6042.01487029705,6120.66951950878,6057.69035085657,5555.09717049345,5861.84960920137,4986.57377393181,5777.34321779953,5595.10956667992,4990.23449778617,6293.72004880333,5102.09474851766
4275.83213648565,3324.85086233895,5523.45635380058,4009.39335662911,3725.92397568195,5273.97337159955,4564.21145115254,3554.73932929444,4113.71319181111,5691.86004129403,2296.39067484965,4089.88622121161,4387.86952125394,4485.16220174103,3698.95328323493,3830.7024800463,4174.86782839959,3635.19244681986,5457.17804723834,4086.62282020141,4745.92524623794,4184.40739561663,3638.63526818144,3947.50332725089,4809.16905037808,5013.21365110556,4723.84095505157,4702.56309062613,5979.27012317887,3820.2034812687
