53.4945877501452,194.628623291877,56.8982862107652,74.2086867121838,89.3694865567693,74.9526042964685,76.3109852176486,73.5593595902805,59.0668983047782,55.5857361001187,51.0140848001924,95.1615313655338,57.7182111788251,510.234590546906,98.7788467268891,95.703380278071,80.630460328838,53.4402573479844,90.7274582355897,136.12165956994,84.4756927586803,51.3142925556786,52.1846325068703,76.3138944853181,62.2678154166178,51.5730822124224,106.786240303083,144.942018972903,99.2526239681517,71.8099958034267
50.5508045000128,70.4595599488457,51.1440674115913,53.4054062306855,58.5241491079453,50.6546010594294,51.8861740183876,51.706354199778,50.6881418451068,50.7652750123512,49.9253629721437,86.2123576259006,51.1533836871496,104.52845406701,53.4403357120713,52.7312810119941,50.381496901347,49.986835068232,69.1157013963043,93.6578374978398,54.7789665482571,50.3486980246645,50.6920844393862,51.5943708442163,50.9046676044007,50.0657638363756,66.024768811858,91.8634637898579,87.3488411859321,50.4219401546851
50.382296827384,55.4992559720739,49.9044152087237,50.5325229328677,51.5979487602031,49.9100409042603,51.2464423040904,50.315051760356,50.0048631114171,50.1567125150156,49.9253629721437,77.3265884902158,50.3683395841966,78.6377745066526,50.4891716386842,50.6336571097299,50.1709734460305,49.8997797996385,50.4672705231579,86.7393280900087,50.9810317705042,50.2337049080393,50.2549625088947,50.4637052215587,49.4961107910733,49.9780713210892,52.3501441319697,86.0909172338302,84.9619007435234,50.1869665541622
49.6980391956736,50.2283065821694,49.6966440696734,49.9707164651233,49.9330853474906,49.8176243790648,50.3574824227005,50.1049532633203,50.0048631114171,50.1414605941607,49.9253629721437,50.7344030438902,50.3683395841966,53.9468338047028,50.2506216399847,50.4428180173389,49.2040244513205,49.8087698787578,50.0439248846931,78.9087814442529,50.3173536326583,50.2158638472057,49.4760111308619,50.3546259410674,49.4961107910733,49.9780713210892,51.0850334268416,81.9664807450434,57.8889865386829,50.1869665541622
49.6563564884054,49.8008480179903,49.3558843540311,48.070539676622,49.9330853474906,49.3153123826103,49.8041101661655,48.0918412876609,49.5923252733373,49.6307756618017,49.8418256801809,49.9050505073003,49.5658723031108,48.3485615103752,49.9857193041036,49.444795712843,49.2040244513205,49.6320289457668,50.0201625165583,76.9472487008848,49.1627094520065,49.9012407709566,49.4760111308619,49.7038302766233,49.4961107910733,49.9358316735036,50.0207570404071,50.6739027069433,49.9028415978766,49.5502648285259
48.7409574422372,48.0300424388769,49.3558843540311,48.0677846766672,48.1713211891632,49.3153123826103,49.8041101661655,48.0914508147958,49.5923252733373,49.5952030193737,49.4940230900759,49.9050505073003,49.5658723031108,48.3262556881114,49.8611060704265,48.1073425641008,49.2040244513205,49.2208685297813,48.0132712287499,49.7148641315657,48.0593009470885,49.588688529408,49.2517534117501,48.0418986495758,49.4961107910733,49.1419740260109,49.4438642461143,49.8387694012159,49.4716926485165,49.2475826712325
48.7409574422372,48.030041985966,49.2926171945107,48.0677846766672,48.1713134405204,49.3153123826103,49.8041101661655,48.0914508147958,48.1076462655945,49.2409750674511,49.0592131098622,49.4940300693916,49.5658723031108,48.2614779853921,49.5051716961988,48.1073425641008,49.2040244513205,48.8983790779389,48.0132712287499,49.1460998313285,48.0592964944289,49.1560130309343,49.0713264891918,48.0418986495758,49.399783070461,49.1419740260109,49.4438642461143,48.1623827479113,48.1117612192098,49.2475826712325
48.7409574422372,48.0086553010098,49.2926171945107,48.0677846766672,48.1713134405204,49.3153123826103,48.1414443023594,48.0914508147958,48.1076462655937,49.2409750674511,49.0592131098622,49.4940300693916,48.0832655051373,48.2579582126252,49.4837528837208,48.0365591606167,49.2040244513205,48.8983790779389,48.0132712287499,48.0556951670287,48.0592964944289,49.1560130309343,48.1739434950295,48.0418986495758,49.399783070461,48.8984320186002,49.4438642461143,48.1623827479098,48.1050278323263,49.2475826712325
48.7409574422372,48.0086482714385,48.8828131677652,48.059969090105,48.0486402773794,49.1164960023995,48.1414443023594,48.0024775430249,48.1076462655937,49.0431122959813,49.0592131098622,48.1774487253134,48.0831245262726,48.0127002685498,48.0367475224321,48.0365591595505,49.2040244513205,48.8983790779389,48.0132712287499,48.0244321833071,48.0121932648277,49.1560130309343,48.1739434950295,48.0418986495758,49.28009537555,47.9948035874366,47.9986893625171,48.1623827479098,48.1050278323263,49.2475826712325
48.7409574422372,48.0086482714385,48.047073302966,48.0545884895123,48.0399626844327,49.1164960023995,48.0530955252352,48.0024775430249,48.1076462655937,48.8985770554621,48.1069227411882,48.0330785175696,48.0831245262726,48.0126323670859,48.0367475224321,48.0067074465096,48.1009806874118,48.8983790779389,48.0132712287499,48.024432182668,47.9959225050893,48.9641862391822,48.1739434950295,48.0418986495758,49.2706694971821,47.9945997945081,47.9986893613166,48.0845415346493,47.9959091616025,49.2475826712325
48.7409574422372,47.9888398231746,48.047073302966,48.0545884895123,47.9939680340149,49.1164960023995,48.0530955252352,48.0024775430249,48.1076462655937,48.0529869934434,48.1069227411882,48.0227651204271,48.0831245262726,48.0126323670859,48.0206100534466,48.0067074465096,48.1009707096981,48.8983790779389,48.0132712287499,48.024432182668,47.9959108651062,48.9641862391822,48.1739434950295,48.007065136875,48.0849012369502,47.9945997945081,47.9986893613166,47.9952822793591,47.995908590629,48.6956257875311
48.1017447773051,47.9888329676558,47.997958430789,48.0118180460177,47.9939680333709,48.0492142574756,47.9972719164301,48.0024775430249,48.0018705854564,48.0464180185809,48.1069227411882,48.0227650314628,47.9880190357659,48.0126323670859,48.0206100534466,48.0067074465096,48.1009707096981,48.8983790779389,48.0132712287499,47.9931559918824,47.9959108651062,48.9641862391822,48.1739434950295,48.007065136875,48.0653957116196,47.9945997945081,47.9986893613166,47.9902194371267,47.995908590629,48.0340923719105
47.9987939008053,47.9888329676558,47.9979330394222,47.9902194371267,47.9939680333709,48.0175596948843,47.996941057855,47.9959107483183,47.9991847696552,48.0069461142965,47.9902194371267,48.0069461763679,47.9880190357659,47.9888329679283,47.9880190357659,47.9901642372358,47.9943837140806,47.9959107483185,48.0132712287499,47.9888329676559,47.9959108651062,48.0066637508503,48.1739434950295,47.9888329676559,48.0147852894688,47.9945997945081,47.9923605683906,47.9902194371267,47.995908590629,47.997518949858
47.9987939008053,47.988019035766,47.996926243442,47.9902194371267,47.9939680333709,47.9888329676558,47.996941057855,47.9902216918819,47.9924012916482,47.9968334925631,47.9880190357659,47.9955855050051,47.9880190357659,47.9888329676558,47.9880190357659,47.9901641607238,47.9943837140806,47.9959107483185,47.9892824866767,47.9888329676559,47.9959108651062,47.9944010438804,48.0052028196513,47.9888329676559,47.9902219720491,47.9901641607237,47.9923605683906,47.9902194371267,47.995908590629,47.9901641607239
