321286.668247922,110840.106812336,226284.580603511,68842.1835974552,1104798.81242141,3987142.01567832,89209.2556455382,240636.11041093,4515641.01576667,8080.14514855697,48163.711681905,21357.9801868621,966900.118301847,238470.989642683,93850.4533554009,383994.883376005,142198.768852676,43585.3568122991,7415.84457859451,34405.0902745332,46488.6074531951,166456.140168086,4817.80645926737,52992.3650639568,2848.0020333564,75500.6938827482,43563.8665472327,21577.1910191859,821007.129500254,62123.7059063389
16503.1298131629,12782.729414007,74806.5082733639,5506.11814930472,15076.7345404132,1064326.78666651,9241.03780971776,20304.1587003746,155991.160610263,5639.42662965293,3300.50189575115,1509.00781279517,64818.7160180695,5272.91808303504,93850.4533554009,43374.2082897239,11127.4419982395,43585.3568122991,2360.2602157058,2187.67087101894,3055.73818512114,3933.46795978478,4817.80645926737,6316.08067083835,2848.0020333564,75500.6938827482,43563.8665472327,14009.9514546031,19455.4054138148,19516.539035401
16083.4872056919,377.276452874295,285.907378989741,22.5264405905956,7697.98019744348,46208.1996521192,5738.69126609336,7745.31182746523,25954.5905168914,19.7210408811877,1937.15308632816,454.870156633582,8750.49438789977,215.667694958182,3901.43478805333,444.960648870649,293.904631399532,417.940413910188,65.3724187942157,204.755943215384,11.8401002629648,15.1307920016158,326.872385213136,59.1424681314795,44.9233279063721,12970.0673337627,15766.7770837957,55.8388861860799,19455.4054138148,1569.49908482769
627.942033713036,11.0813301880525,13.4823611593813,7.23754360580599,353.402441666196,5124.8791743172,12.2989617950911,88.6946009037233,337.671965510263,9.21489081268592,16.6122624645252,15.794364769518,352.963511773848,65.1068782051506,614.145387845842,7.12474154271784,8.75459897236653,355.082980658115,8.48128421072746,15.1203770767912,8.51059589324126,5.83947653143392,11.8947409962782,8.909437053322,11.9019525380042,293.350401790701,2641.69856178218,6.97039238248352,27.5169548118922,1109.73831191284
10.9341759055721,3.70780306082899,4.89757699641462,2.2685387763113,8.0424810507287,15.0066302955438,7.04355214670151,6.89383957651125,33.7333451278056,5.62151350686218,5.37149159466455,4.9705997205603,6.22652586810728,7.13627796338151,11.0095270239127,6.01585710851691,3.81089986751478,7.73438185719907,5.53809970442812,4.07756388591419,4.88859208668766,4.53884123026624,4.74906057679938,6.74795756999878,6.67264627514639,8.86228340628597,21.483707529005,4.74420558853288,13.7030073222422,7.26478923473448
5.61348703069806,3.70780306082899,4.89757699641462,2.2685387763113,2.78390547063299,5.23102346144745,6.2336617876288,4.74862020891968,6.26437647110176,5.62151350686218,3.82805906358642,4.32840031388654,4.80487646529354,5.07380896265367,4.42908730813538,5.72210992466709,3.81089986751478,7.28133402379981,4.37202164776408,4.07756388591419,4.88859208668766,4.53884123026624,3.32048043723785,3.98557585997173,4.18048695283801,4.24232183370406,6.42573320617022,4.74420558853288,5.81128279690265,5.95184345281261
5.61348703069806,1.92504516493798,4.82039069059388,2.2685387763113,2.78390547063299,5.23102346144745,4.55180503807802,4.74862020891968,4.8678400547683,3.20092341642629,3.82805906358642,4.32840031388654,3.72366627717538,5.07380896265367,4.42908730813538,4.57090854019478,3.81089986751478,4.98212022696052,4.37202164776408,4.07756388591419,4.2858592185046,4.53884123026624,3.32048043723785,3.32386090832891,4.18048695283801,4.24232183370406,5.41754690868365,4.74420558853288,3.96333286121556,4.41520362598574
3.79647328112662,1.92504516493798,2.92055517323954,2.2685387763113,2.78390547063299,5.23102346144745,4.55180503807802,4.22195136751461,4.20646452754908,3.20092341642629,3.82805906358642,3.76653652213161,3.72366627717538,4.16878265515511,4.33913157589068,4.57090854019478,3.81089986751478,3.83102261442147,4.24963291725202,4.07756388591419,4.2858592185046,4.53884123026624,3.32048043723785,3.32386090832891,4.18048695283801,3.64271507923606,3.83128583759642,4.47448953028971,3.38392195848559,4.41520362598574
3.79647328112662,1.92504516493798,2.92055517323954,2.2685387763113,2.78390547063299,5.15706429986659,2.49756708895131,4.22195136751461,2.12309745536952,3.20092341642629,3.82805906358642,3.76653652213161,3.72366627717538,4.16878265515511,4.33913157589068,2.89718449195759,3.81089986751478,3.83102261442147,3.58484217311912,4.07756388591419,3.78487081663127,4.23995546054657,3.32048043723785,2.88533811310934,3.68120665770403,3.55495866322063,3.83128583759642,4.47448953028971,3.38392195848559,3.22715681067812
3.79647328112662,1.92504516493798,2.92055517323954,2.2685387763113,2.78390547063299,4.38668322102623,2.49756708895131,4.22195136751461,1.30808886765396,2.75841732549034,3.82805906358642,3.76653652213161,3.63682943928949,1.09467277654522,4.17785030208067,2.89718449195759,3.77470186998029,2.76972697772785,2.26241380188903,4.07756388591419,3.68378842163224,3.57544273311571,3.32048043723785,2.88533811310934,3.3220817577159,3.48965019541515,2.22887777927485,4.07370514287141,2.11476814223856,3.22715681067812
2.92142146742917,1.92504516493798,2.92055517323954,2.2685387763113,2.78390547063299,2.62823165449144,2.49756708895131,4.19176497506956,1.30790610148435,2.75841732549034,2.73167991869661,2.49200262861158,3.4159377817205,1.00026692971685,3.71745419366432,2.89718449195759,2.52887290055316,2.76972697772785,2.26241380188903,3.65716486802372,3.35196016821798,3.43421953940741,3.32048043723785,2.88533811310934,3.31033524812929,3.48965019541515,1.40519456660963,3.40460061502933,2.07105062717545,3.22715681067812
1.98941309951713,1.92504516493798,2.92055517323954,2.25213114823667,2.78390547063299,2.62182533029777,1.89019213925442,2.70215882040519,1.30790610148435,2.36759120722033,2.73167991869661,2.49200262861158,0.342457181331212,1.00026692804725,1.61391402551811,2.3681462025523,2.52887290055316,2.76972697772785,2.26241380188903,3.03559854571308,2.7828425966438,3.17070853531803,3.09985915331835,2.33707968660848,2.90953022371425,3.48965019541515,1.32601075426556,3.40460061502933,2.07105057353642,2.57591957674558
1.98941309951713,1.92504516493798,2.41963069484173,2.25213114823667,1.21899678387593,2.62182533029777,1.89019213925442,0.519567859186846,1.30790610148435,2.1522225645483,2.73167991869661,2.49200262861158,0.340901332266151,1.00026692804725,1.57421702903441,2.3681462025523,2.52887290055316,2.76972697772785,2.26241380188903,2.07821325367093,2.7828425966438,3.17070853531803,1.50370112794082,2.33707968660848,2.90953022371425,3.04125775859657,0.435535380388171,3.08781840187796,2.07105057353642,2.57591957674558
0.926239426192093,1.92504516493798,2.41963069484173,1.93543016525879,1.18844807869091,2.62182533029777,1.89019213925442,0.519567857883999,1.30790610148435,2.1522225645483,1.69034247281658,2.49200262861158,0.340901332266151,1.00026692804725,1.16792011968645,2.3681462025523,2.52887290055316,1.77662748840655,2.26241380188903,2.07821307658571,2.0842562454819,2.23860363571492,1.50370112794082,2.33707968660848,2.90953022371425,2.27794367250401,0.419408741188379,3.08781840187796,1.96026620352728,0.712605700252684
0.926239426192093,1.79378941422687,2.40528198780315,1.83361273920979,1.04764834091107,0.949861095025154,0.952462290649645,0.519567857883999,1.30790610148435,1.79757319422211,1.55201370972886,1.25900881320422,0.340901332266151,1.00026692804725,1.16792011968645,0.706950404262579,2.1800195611411,0.861261131997623,2.26241380188903,2.07821307658571,0.710337634376881,1.93121402795705,0.897822096624798,1.86045339080508,2.90953022371425,0.793813472539574,0.419408741188379,2.50980884525963,1.96026620352728,0.584714821661222
0.926239426192093,0.630019300306104,0.569484932847739,1.73597358821165,1.04764834091107,0.949861095025154,0.952462290649645,0.519567857883999,1.30790610148435,1.77715631929392,1.55201370972886,1.25899335383356,0.340901332266151,1.00026692804725,1.16792011968645,0.706950404262579,1.07297696224411,0.653332222068609,1.05063881808296,2.03618686415297,0.710337634376881,1.8450623915712,0.670392076287469,0.7142111542622,0.934862973260027,0.793813472539574,0.419408741188379,0.602469366195858,1.96026620352728,0.584714821661222
