5023.51391528616,6035.03964217482,4339.53430311781,6534.74554697482,5893.31248534696,6091.44900810516,5954.33350459674,6920.18055606576,6863.66266962049,6403.58214759517,6455.11267749108,5583.07441745599,6221.93365412129,4107.55824015117,6949.3904296059,5848.58842174701,6606.25570639593,7036.42096246486,6506.53978863458,6722.00805988161,6200.70969453745,6380.90934916971,7010.86138221151,6624.77559538488,6245.56337614457,4865.16933860619,7479.92176298416,6801.67703181289,5025.78780857955,7225.06385586111
4516.59822192558,3297.76196712774,4013.61302583426,6198.85340507434,5544.45797047712,6091.44900810516,5954.33350459674,6646.595170514,4976.18887665435,5351.36015821361,6320.48480607028,4808.5765747556,5843.08638328131,3314.6240805397,6338.23698607438,5145.84650091565,4475.90062809029,5843.23994653415,5239.59479733098,3721.75048131749,6171.31842095255,6083.98444655619,6355.92132691711,6095.20733106927,6117.04124918379,3506.27578317112,6718.57581425671,5889.06881860631,3291.15391905386,6586.60968125752
4495.4710157999,3042.47211240969,4006.24813637011,6198.85340507434,5544.45797047712,4664.39328220339,5888.13006667167,4581.79236740274,3136.67841348133,3131.53235307508,6138.08316186375,4747.21765994872,3186.35199901715,3294.71046425406,6085.8009803192,5115.21045396625,4103.61210281019,5247.91296622072,5239.59479733098,3520.15927113134,5424.78828074235,5595.44815354081,5489.52837560311,4993.68069801101,4054.03068968831,3499.32823566707,6589.4057216614,5405.54828497218,3265.1251753448,6259.21884719493
4470.97608494145,3042.26545509526,3991.91563138671,4332.14521051115,3937.69904925421,4664.39328220339,2959.64547967363,4201.24160235455,3114.2405339322,2802.09673292197,5610.92195642045,4710.380149144,3035.30500739981,3277.24134064265,5584.01269083813,5064.93396354536,4025.21337184489,2405.7434326745,2815.69560945193,3447.0416293042,5171.81092108173,2803.35697733863,3507.54013113712,3007.22254507619,3432.9326136228,3494.67114394605,5738.01869427838,3111.39983850788,3236.73278288433,5700.93224181454
4363.50942331849,3042.22040156542,3939.96451764082,4306.89558679038,3787.19160611875,1779.78894196898,2772.64648017242,4187.16114797631,3069.92322054338,2713.9605977892,5511.90408925433,4579.73328558553,2981.42359236406,3225.23017436369,5015.15871804125,4924.88347790833,3907.83282963363,2287.64341199569,2240.14470149178,3287.93194038498,4929.66475562021,2740.91032544315,2465.99993813334,2823.13492397598,3303.46185841001,3472.82471841007,5328.41626506778,3000.74680730111,3173.36483412269,2135.16022376629
4296.41748880371,2850.84792116623,3706.89093837382,4174.89103410468,3701.31349363527,1547.01400375025,2722.37170054933,3950.12362321648,2967.67204477035,2664.72992877424,1529.60313925071,4522.89711933852,2851.13150921673,3211.94993366638,1093.39770543745,4860.62509137468,3838.40920249953,2169.26975604688,2093.91238088056,3243.94387137682,1701.78383252749,2616.0193072524,2348.34031493078,2720.4648632285,3198.8387487361,3305.2319009807,1861.35516668931,2865.23062844304,3077.35871087843,2012.94816453444
4177.00372841189,2694.23273188337,3665.46237382413,4041.55447947171,3679.0938691488,1521.46785531618,2719.14628262148,3887.07529093927,2858.24361277144,2000.2907172419,1438.02779999273,4513.82308800191,2790.53770435286,3070.24910815903,975.739646267512,4853.57189154499,3818.53912866083,2161.41141209109,2054.52160323572,3239.60951207167,1648.37836495755,2535.05836496121,2341.17648073888,2706.61102893686,3183.19622486126,3204.87191737149,1824.38275615066,2855.23154052146,3018.1108589821,1951.91079220383
4132.94331440066,2675.29602228859,3651.91674199288,3979.08122438102,3677.59855062182,1518.43437877002,2718.30210028879,3848.82175840762,2846.54477417418,1955.85856539112,1431.79674451338,4449.15553710278,2762.90489915773,3037.41412252872,955.749442556402,4153.64947325905,3816.54338883803,2160.92368129989,2048.77130812877,3238.92925724683,1646.00719663705,2514.25364504148,2338.65211292099,2706.6079129158,3180.35835658664,3163.73872870364,1822.38104279424,2853.34325150535,2998.29058060442,1930.89572160333
4097.61920861723,2670.03944576419,3648.16340728089,3966.17305734398,3220.15787778406,1518.43437877002,2346.07757163587,3333.14414037232,2844.25334407968,1953.17004888412,1431.79671428014,2102.34245735941,2761.05037960572,3029.49401318711,950.235090352872,4039.11983945522,2730.88028650059,2160.92368129989,2048.77130812877,2740.08363073457,1645.60821278634,2509.99647653898,2337.33896534042,2706.6079129158,3180.15745173107,3128.88964455143,1822.1115834091,2852.23804716896,2970.62455903325,1930.89572160333
4093.79154204347,1934.33582546935,3647.12607072157,2336.52536939093,3191.4128340595,1518.43437877002,2072.07406388935,3117.50433851256,2844.25329003899,1952.39324444586,1431.79671428014,1954.20190363252,2761.05037960572,3028.92072016546,948.209321792933,4031.98711797445,2528.052078505,2160.92368129989,2048.77130812877,2683.56274904563,1645.60821278634,2509.99647653898,2337.3389623662,2079.28816693289,3180.15745173107,3120.63242897898,1822.1115834091,2852.23804716896,2967.57810653807,1753.85881860041
4092.68754478515,1825.43035040186,3647.12607072157,2292.16059916822,3189.54829973175,1518.43437877002,2055.75666115997,3109.87935312521,2844.25329003899,1951.70712981104,1431.79671428014,1919.42386850429,2761.05037960572,3028.92072016546,948.209321792933,4019.26549591462,2493.21452283276,2160.92368129989,2048.77130812877,2679.29992674305,1645.60821278634,2509.99647653898,2337.3389623662,2003.90732353739,3180.15745173107,3114.81517322133,1822.1115834091,2852.23804716896,2967.495035899,1744.55226812789
4092.4537105669,1824.11108073845,3647.12607072157,2272.51966711926,2857.51233088745,1518.43437877002,2054.10020923654,3109.71193455507,2844.25329003899,1951.62586896843,1431.79671428014,1919.07598962091,2761.05037960572,3028.92072016546,948.209321792933,4013.9100645639,2490.16242368535,2160.92368129989,2048.77130812877,2678.09651433469,1645.60821278634,2509.99647653898,2337.3389623662,1997.55701312593,3180.15745173107,3111.72753600536,1822.1115834091,2852.23804716896,1878.66890422508,1743.90682841993
1900.77583865471,1823.84877671518,3273.80916706978,2271.29866735546,2679.46623083362,1518.43437877002,2049.57426746424,3109.71193455507,2844.25329003899,1951.58574972413,1431.79671428014,1919.07598962091,2761.05037960572,3028.92072016546,948.209321792933,4013.89094924027,2490.07868383793,2160.92368129989,2048.77130812877,2653.67190536158,1645.60821278634,2509.99647653898,2337.3389623662,1997.55682446408,3102.94678032448,2407.15030473255,1723.13866805589,2852.23804716896,1858.61431213986,1743.81544092685
1812.01756209402,1823.60325884364,3112.80167893417,2271.29866735546,2677.2233108404,1518.43437877002,2046.88682692643,3109.71193455507,2844.25329003899,1951.57480265628,1431.79671428014,1919.07598962091,2392.91413470365,3028.92072016546,948.209321792933,2784.54257227508,2490.07868383793,2160.92368129989,2048.77130812877,2535.51617826342,1645.60821278634,2509.99647653898,2337.3389623662,1997.55682446408,3102.94678032448,2258.51553762727,1715.85046741672,2852.23804716896,1857.74448288531,1743.81544092685
