7589.46206727727,4511.02933228367,4157.4824739874,5201.60603146312,2769.46475206433,6408.62214881576,15946.2400079247,5073.40364258306,5117.15505634256,3653.27146322835,2154.01913828777,1643.50624612063,9541.02401811563,5538.23096051619,10764.0061669419,4319.72318459927,10044.5484475836,12036.3453748107,7228.39021112022,6514.00246978671,6383.15963718366,6578.69126705432,9981.56447604811,6106.38289384205,5210.53110986672,2822.33004251338,4269.98851355394,6750.31831942189,6488.63613324001,4822.29688334664
1666.63501085489,1041.55300778915,857.865684162263,1246.80153255566,911.449789617477,1447.62140191864,1890.22032445339,1093.62738267107,1277.4559390061,1184.56106972475,733.909905417789,693.669207852438,1421.29825297653,1240.55839457216,1300.25675661228,1276.69433359386,1805.60609135899,1924.42256033329,1732.96693298756,1517.70984343714,1052.06180130196,1329.83016835087,1299.13259636314,1433.06045148832,1025.26800384359,1128.07334263208,1115.43242469924,1706.31477578055,1489.55828519307,1413.05771171749
931.176249522753,788.638549526124,720.297022251758,900.64955040365,729.711580932449,967.954545849426,954.522766474768,773.831398845856,900.161806390795,872.757548023561,647.591666423745,640.233086937271,820.1437077164,836.310054321591,865.815494968304,968.378465008054,954.312808372654,1119.43264970854,1023.84028304203,968.729918329697,742.018297329639,900.059556128042,798.681032960867,895.268690881436,826.154870064239,814.161319848291,776.308977713684,952.741452753752,828.852964618341,993.421582672235
749.826238471124,702.727876847325,641.090828156365,760.630551033886,651.455087841764,725.843034383399,675.184184702214,677.999980069097,730.952686353989,663.368188595178,618.075529539,602.413505863005,671.753472054882,640.322663549332,651.358937390638,760.036098198432,725.043243690601,777.416620648205,774.717096581524,724.869772334075,666.635779663693,720.900614165106,644.398142032534,630.08235413219,710.644326931088,692.72634294952,644.726853951862,743.861071295291,683.644354672606,741.06386763704
677.568780601091,646.04074000018,598.845145706327,622.831034628746,598.770074458488,594.780131481976,593.281663125513,633.593936307015,614.128319470597,534.573311809617,610.844949859026,576.726344890992,646.118922628567,578.410685581874,593.137003876582,593.368938647391,590.260215762115,583.685313808363,620.994301833624,614.064335631323,631.031330020116,592.039264644291,605.02302736782,580.872251159677,653.583901199387,612.633760394396,576.881129974665,589.175191897414,610.630317071169,592.134036918409
561.175588140587,572.603138235789,463.763580252165,605.942699136373,569.55562364167,584.932707175917,585.316184766032,601.459106983732,606.599177958558,519.137875138114,610.15841256216,524.352057686185,592.297423337123,568.326151763306,584.666046818664,589.403218554276,575.563664027099,556.024045843253,585.729024605573,592.419760672378,586.204028761494,571.958371115593,585.806585274553,568.088230795561,586.425818347853,560.632506089721,569.744293417934,576.750216545645,605.638221864097,533.105622439855
556.680246834871,571.176634892608,462.648833963332,583.177285348341,563.182544920394,584.871973207386,585.207689802554,563.236899745501,606.456186105559,486.598091937965,595.357615911455,519.119238111547,568.626053067586,560.857180857595,584.542443928603,589.129501877422,564.607065587582,555.253810704533,584.647178351708,589.743162740309,585.118623438884,561.570088614369,585.554475094608,567.722397357588,573.7394440337,559.429090855658,569.559022499435,573.770880668191,605.47951661923,532.652471097939
556.530970702023,571.010438136636,462.629658095228,582.841885232867,563.131851780393,584.71490498021,585.155995527409,560.250010767411,606.446885951372,480.328888699402,595.25233843306,471.353335812743,568.505731492523,560.314071635213,584.541885449973,589.129436000448,563.011640385463,555.253585432966,584.407453582084,589.565696389077,584.914006782259,560.125115974283,585.554293211644,566.222530195254,573.237607973664,559.406261463388,569.497573800165,573.731874651469,605.418900365459,532.543402284553
556.530921927157,571.005062457488,462.552869680394,582.841722675451,563.104237443156,584.620759962005,585.155987404868,560.166458817785,606.446878168354,480.281149998859,592.041310958686,471.286447342037,568.504573424149,560.268712792753,584.541885449973,565.98564081531,562.869292297032,555.253584867588,584.351948711093,589.565558948306,584.913676706789,560.014724315877,585.554293211644,565.673069654974,573.169352736401,559.406254957982,569.497564483267,573.700919517804,605.417148796126,532.54339121599
556.530921927157,570.962957816817,462.552868042132,545.884322300025,551.967559988103,584.620759962005,575.587917179244,560.166405501533,477.187269793019,480.261455673584,560.053089229046,471.168471065754,568.50457215719,560.268710852529,564.62938645529,529.223659768546,562.869097402981,555.253584867588,559.729220883072,582.008551969568,584.913676706789,560.014647919098,566.885526907224,565.673024952647,509.076493407168,559.406254957982,567.527726741898,553.800591514377,555.061430067766,532.54339121599
556.530921927157,570.042441072399,462.552868042132,529.895309643013,512.217686168133,571.627289503979,574.208435721085,560.166405501533,461.539727294049,480.256097475876,559.986548830509,471.118153408586,552.162228891194,560.268710852529,563.307046438022,529.143012034363,529.950078386569,555.253584867588,517.156951079177,580.629303332784,584.913676706789,560.014647919098,562.685766831209,484.758637123331,461.651049615044,559.406254957982,562.772976041994,483.419125262694,554.732453866703,532.54339121599
556.530921927157,560.014538977087,462.552868042132,529.894612353603,480.442130203418,536.965362914759,574.187258700354,560.166405501533,461.485948155759,480.256097475876,559.985949587238,471.110976143874,551.795586074933,560.268710852529,563.242212765907,529.141285980757,529.523457388511,555.253584867588,516.833615127528,580.516619257128,584.913676706789,560.014647919098,562.683615191233,460.336686814121,461.483774740191,559.406254957982,562.716038812269,480.492878750133,554.732449583463,532.54339121599
492.044908528306,559.91606421116,462.552868042132,529.894612353603,480.389740116565,536.854082553104,568.768390078364,560.166405501533,461.485947911397,480.256097475876,559.95295021012,471.110976143874,551.795585862048,560.268710852529,563.242212763288,529.141285980757,529.523454559953,555.253584867588,516.833221536767,580.516469993139,577.519930523284,560.014647919098,562.683615191233,460.293179659337,461.456732340055,559.406254957982,562.716025713572,480.42616258006,542.415577605247,532.54339121599
461.01498078824,559.916064210877,462.552868042132,529.894612353603,480.387192631588,536.854071561718,562.597179256262,560.166405501533,461.485947911397,480.256097475876,559.951251380626,471.110976143874,516.986109606847,560.268710852529,563.242212763288,529.141285980757,529.523454559953,555.253584867588,516.833221536556,567.777084931626,577.03813905943,560.014647919098,562.683615191233,460.293179633246,461.456727783687,559.406254957982,526.310915813785,480.392891052262,470.736110744884,532.54339121599
