31555.3658795399,28467.9056237666,47032.6822639851,23922.7099890297,61292.5487749657,14717.7174928761,32996.0401731702,21233.2162021902,80071.8258669318,68539.3495283359,26824.8245572625,36800.3463541348,22448.6628818285,28764.277855349,35296.8556452348,22885.0526023281,60033.5203673797,52912.5582672553,23892.1595366143,18671.1926394483,26692.5856189219,20659.3047904723,26074.4734171073,36665.7895544302,18527.5389021196,15007.771952534,51151.4471785041,34341.0580011181,73720.5511690421,29587.489254758
31555.3658795399,28467.9056237666,47032.6822639851,23922.7099890297,61292.5487749657,14717.7174928761,32996.0401731702,21233.2162021902,80071.8258669318,68539.3495283359,26824.8245572625,36800.3463541348,22448.6628818285,28764.277855349,35296.8556452348,22885.0526023281,60033.5203673797,52912.5582672553,23892.1595366143,18671.1926394483,26692.5856189219,20659.3047904723,26074.4734171073,36665.7895544302,18527.5389021196,15007.771952534,51151.4471785041,34341.0580011181,73720.5511690421,29587.489254758
31555.3658795399,28467.9056237666,47032.6822639851,23922.7099890297,61292.5487749657,14717.7174928761,32996.0401731702,21233.2162021902,80071.8258669318,68539.3495283359,26824.8245572625,36800.3463541348,22448.6628818285,28764.277855349,35296.8556452348,22885.0526023281,60033.5203673797,52912.5582672553,23892.1595366143,18671.1926394483,26692.5856189219,20659.3047904723,26074.4734171073,36665.7895544302,18527.5389021196,15007.771952534,51151.4471785041,34341.0580011181,73720.5511690421,29587.489254758
31555.3658795399,28467.9056237666,47032.6822639851,23922.7099890297,61292.5487749657,14717.7174928761,32996.0401731702,21233.2162021902,80071.8258669318,68539.3495283359,26824.8245572625,36800.3463541348,22448.6628818285,28764.277855349,35296.8556452348,22885.0526023281,60033.5203673797,52912.5582672553,23892.1595366143,18671.1926394483,26692.5856189219,20659.3047904723,26074.4734171073,36665.7895544302,18527.5389021196,15007.771952534,51151.4471785041,34341.0580011181,73720.5511690421,29587.489254758
31555.3658795399,28467.9056237666,47032.6822639851,23922.7099890297,61292.5487749657,14717.7174928761,32996.0401731702,21233.2162021902,80071.8258669318,68539.3495283359,26824.8245572625,36800.3463541348,22448.6628818285,28764.277855349,35296.8556452348,22885.0526023281,60033.5203673797,52912.5582672553,23892.1595366143,18671.1926394483,26692.5856189219,20659.3047904723,26074.4734171073,36665.7895544302,18527.5389021196,15007.771952534,51151.4471785041,34341.0580011181,73720.5511690421,29587.489254758
31555.3658795399,28467.9056237666,47032.6822639851,23922.7099890297,61292.5487749657,14717.7174928761,32996.0401731702,21233.2162021902,80071.8258669318,68539.3495283359,26824.8245572625,36800.3463541348,22448.6628818285,28764.277855349,35296.8556452348,22885.0526023281,60033.5203673797,52912.5582672553,22807.8641934273,18671.1926394483,26692.5856189219,20659.3047904723,26074.4734171073,36665.7895544302,18527.5389021196,15007.771952534,51151.4471785041,34341.0580011181,73720.5511690421,29587.489254758
31555.3658795399,19661.4396425923,17243.4039245902,18779.6084715549,61292.5487749657,11480.9925896329,26689.7272089573,21233.2162021902,45543.2489809656,35209.7418801005,26824.8245572625,36800.3463541348,22448.6628818285,28764.277855349,35296.8556452348,22885.0526023281,60033.5203673797,52912.5582672553,22807.8641934273,18671.1926394483,26692.5856189219,15515.4332806151,26074.4734171073,36665.7895544302,18527.5389021196,15007.771952534,51151.4471785041,34341.0580011181,34102.2738031749,29587.489254758
19815.5613802152,15385.0919056579,17243.4039245902,16462.5410384488,26500.5058063234,9337.34502811624,15535.1263870785,11997.4050117134,20680.8556742155,18465.6810463368,12957.0222089615,24075.1425048524,14484.0261511986,13541.0089606185,20991.694172996,12818.3171238853,28734.8476137289,18386.4547677938,10204.9142983745,13763.1404644244,13585.2620166383,11384.1831033533,15290.6823051658,15249.9215599721,9928.68612974273,9732.32500745205,21536.9014235094,19883.5335664991,22984.4743630962,19069.7128130238
13322.7068017141,9383.65862670749,12684.66363496,8936.45909019258,15871.8519058202,7426.26300788012,9763.64484720058,10680.9436957774,10071.2876966487,10194.5749006496,6404.60179060917,15649.0739344956,10230.4166964722,9019.99325932169,16188.262294212,7644.12306083704,15202.2911811201,10231.6669324825,7143.34195293366,9009.8295630573,10125.889129972,7811.22870296514,10566.2782920531,8495.41331474956,6537.65950646184,6782.36335428952,11093.9180060624,10948.2611115813,11116.4856934537,12840.1503419901
6335.54058829483,5827.27998328664,6358.47302634097,5405.94457890367,9033.86503579744,5001.96223369647,5453.98083551719,6401.16923434483,5281.99056851348,5473.86807130542,2641.28722781651,7256.48230980003,6197.98365154954,5467.77810000433,7402.74573447787,4782.14379015,6192.43072311074,5457.35857831786,5509.36972633941,4640.54307529471,5691.79540531279,5618.28519860398,6310.19298421371,2842.32351383326,4641.56321019196,4897.1125749335,6096.64425530651,5811.97276694201,5477.8133407928,8298.8787559792
2018.08786809164,3712.47372222416,3403.15110083266,4295.17228338588,3440.56311841634,4243.14309164638,3266.8621287087,1955.93583307587,3248.20585607359,1520.15466249421,893.651327237146,4070.77904298649,3775.99344689644,2189.23749867387,3950.60600699249,3082.14208353933,4124.22978876565,3832.19209062762,4621.55399767654,1250.71569697318,2773.18682639058,4097.73804014016,3582.32713011426,504.672922872365,3056.76001705414,3667.31134574912,3660.86678439729,4434.42379789185,4483.09901650986,4675.40764173779
245.666499097535,1303.96378667333,2685.02211597956,3101.23363271352,2155.84747116307,3045.66453722984,1223.39038718784,239.463085027115,1422.30562495997,211.117164950942,330.468855049816,1681.43454832826,2954.61564293923,495.633199372404,1990.6799686486,2245.42734556031,3408.60751165459,1253.69516324843,3378.70263198781,382.691650779762,2053.05604294105,1989.21480330597,1640.37020018626,203.10952929609,2216.34243036109,1402.29876456172,1526.93206053273,3580.32952470244,3368.52804784571,325.122248034872
200.015676393054,1295.00595918788,952.527078844201,1147.14380898639,1192.3191474541,1209.59735229199,1184.17239340494,200.023823932278,1418.84874595798,200.00062279934,300.003157904645,1360.6310085287,1274.8772587409,300.031022911633,1903.97475967564,2160.46261744999,1406.72282497654,1199.23038399082,3371.99344669498,300.013267868122,2051.09966000414,1947.9623087664,1623.47399387033,200.000165266068,2209.71466138932,1211.21229288547,1491.4519190464,1426.65176881597,2544.10883731378,200.046641792025
200.000008929938,1294.35839409489,945.996868865243,1146.83576037189,1177.08421412065,1209.18581492796,1182.96807135324,200.000005338912,1418.44114799265,200.000007621868,300.00000160422,1348.25776007206,1274.79779636305,300.000001443825,1785.71770672268,2135.1645551617,1403.49003772361,1196.82361196218,3371.82753215504,300.000001555853,2049.93417961279,1737.29014691391,1611.97055586325,200.000006623048,2208.7093879116,1202.87417330056,1486.37055666287,1409.28434621447,1380.54341108673,200.00001091067
200.000008929938,1089.74361256318,945.996868845184,935.582420519225,1177.08421114247,300.000001452491,1182.9680713532,200.000005338912,1384.82727264079,200.000007621868,300.00000160422,911.51987733507,1218.15139368995,200.000006905826,200.000008453284,300.000001523196,1403.49003467027,300.000001889778,1171.91231167525,300.000001555853,1036.87234945543,1535.05043193514,608.745592015275,200.000006623048,960.557826751635,300.00000125933,200.000007017261,300.000001722295,1379.68450922621,200.00001091067
200.000008929938,200.000003748056,200.000003605126,200.000005750378,200.000005462975,300.000001452491,300.000000895324,200.000005338912,200.000003048865,200.000007621868,200.000003504153,200.000007849758,300.000001178203,200.000004582602,200.000005452187,200.000006550014,200.000004362369,200.000003576621,300.000001389392,300.000001555853,200.000005743386,905.356818679448,200.000007535989,200.000006623048,300.000000968937,300.000001125944,200.000007017261,300.000001102123,200.000003609978,200.000004034016
