721.423762809575,806.944086962836,892.557908601318,638.915812629046,597.245321405336,692.371813771643,837.369378367843,660.126933004902,648.122022614165,1054.62985001844,765.334382075744,766.0412417055,755.240059642736,607.589062205993,754.378023379946,909.635731859048,900.76896866311,1071.80009956927,938.05021283005,654.154369514004,769.260056136451,727.822988715645,695.064538688467,653.654282154034,755.044701123556,613.703785715184,709.882472591021,606.218366311485,1099.52616557895,659.90198952727
668.800739581883,769.973375309603,817.356160271851,562.550216825017,583.542450870929,559.991971763689,837.369378367843,660.126933004902,573.02472544206,775.186130662642,604.826883471292,705.099897380356,719.93968077774,556.021350414122,754.378023379946,749.119553977318,842.091738598511,978.924241688233,851.122988161622,597.079681440101,591.635363420851,582.741155586804,695.064538688467,653.654282154034,755.044701123556,613.703785715184,631.312273781758,545.638676921188,944.471256422245,643.077849388395
668.800739581883,602.925896989414,817.356160271851,557.267964707186,582.842025452418,542.875744413313,837.369378367843,660.126933004902,566.128325604405,775.186130662642,603.225238121658,699.65130044986,719.93968077774,556.021350414122,721.435043314196,749.119553977318,842.091738598511,889.08634848107,741.575229595112,596.304266702173,581.790759189601,575.184513090583,695.064538688467,603.424571529689,718.750673729485,613.703785715184,630.462432882081,543.906195934675,908.834512140585,641.838886303251
668.800739581883,602.925896989414,754.056446051597,556.075188103096,581.036723312657,539.500259933368,799.598719116388,598.422637821118,565.289298096987,775.186130662642,603.080299671256,699.297731412531,719.93968077774,556.021350414122,721.435043314196,749.119553977318,700.147727651385,864.841983674832,741.575229595112,571.760731736637,579.937135445751,571.10179972613,695.064538688467,603.424571529689,697.018651961882,613.703785715184,629.819837813094,543.455800180399,589.906105036725,641.535580008977
655.763891691292,602.925896989414,683.336873288717,555.984711163092,572.456067618745,538.596650086858,667.951482736453,598.422637821118,565.043778737954,652.183724930969,602.84484443375,691.76328238613,719.93968077774,556.021350414122,565.366132526165,720.465727543626,620.598929842822,539.919537097726,705.489829145266,571.174616452353,575.986787819481,570.463166964646,666.209847075338,603.424571529689,599.209007655448,613.703785715184,629.760719206108,543.397079016276,549.695092389285,640.15552283368
655.763891691292,530.126266301207,683.336873288717,555.984711154995,572.456067501158,536.689667168822,657.258487272882,598.422637821118,565.038271044154,612.88987917918,602.82954172652,655.623366586552,652.722459856006,556.021350414122,565.366132526165,720.465727543626,620.598929842822,538.611154902229,536.378949714725,571.172367541951,575.466730658218,570.463009860261,657.253459289753,603.424571529689,597.377681504969,587.044587743067,617.166782314341,543.387071169574,549.632592833463,640.149068949361
562.771563469618,527.750578869079,639.808765564926,555.984711154995,572.456067501158,536.689667168822,656.659565924639,532.95004167716,565.038271044154,612.88987917918,554.244804084438,655.60444858845,652.722459856006,556.021350414122,565.366132526165,558.246923416173,592.816954390353,538.611154902229,536.329282709778,571.172367541951,575.466507413802,570.463009860261,657.253459289753,603.424571529689,597.377681504969,550.273890659009,617.166782314341,543.387071169574,549.631131976228,640.149064316008
562.744767344053,527.750484283576,635.804159111162,555.984711154995,572.456067501158,536.689667168822,584.8147616956,530.034171364742,565.038271044154,612.88987917918,554.236524677511,557.386566411038,579.509479592725,556.021350414122,565.366132526165,558.24568332099,592.816954390353,538.611154902229,536.329282709778,571.172367541951,551.247669394017,570.463009860261,629.062317365912,603.424571529689,568.37637440394,550.273890659009,617.166782314341,523.541522683478,549.631131976228,640.149064316008
562.744767344053,527.750484283576,601.414860562806,555.984711154995,572.456067501158,536.689667168822,584.8147616956,530.030840063175,565.038271044154,533.670276584347,554.236524677511,557.386566411038,535.364503653864,556.021350414122,565.366132526165,558.24568332099,571.254197944977,538.611154902229,536.329282709778,571.172367541951,551.239101941703,570.463009860261,564.360677833248,543.587946659611,568.37637440394,550.273890659009,617.166782314341,523.459435178002,549.631131976228,636.082958642134
562.744767344053,527.750484283576,601.414860562806,555.984711154995,572.456067501158,536.689667168822,584.8147616956,530.030840063175,565.038271044154,533.638667349347,554.236524677511,557.386566411038,535.357008639905,550.979305060293,565.366132526165,558.24568332099,563.632392129264,538.611154902229,536.329282709778,571.172367541951,551.239101941703,570.463009860261,540.185781159708,541.912608438588,568.37637440394,550.273890659009,617.166782314341,523.458404547399,549.631131976228,624.048624050109
562.744767344053,527.750484283576,595.030723120521,555.984711154995,572.456067501158,536.689667168822,584.8147616956,530.030840063175,565.038271044154,533.638667349347,554.236524677511,557.386566411038,535.357008639905,550.979305060293,565.366132526165,558.24568332099,563.632392129264,538.611154902229,536.329282709778,571.172367541951,551.239101941703,570.463009860261,535.311985382681,541.912608438588,568.37637440394,550.273890659009,598.732181572984,523.458404547399,549.631131976228,624.048624050109
562.744767344053,527.750484283576,549.13270669424,555.984711154995,572.456067501158,536.689667168822,584.8147616956,530.030840063175,565.038271044154,533.638667349347,554.236524677511,557.386566411038,535.357008639905,550.979305060293,565.366132526165,558.24568332099,563.632392129264,538.611154902229,536.329282709778,571.172367541951,551.239101941703,530.904588297834,535.311985382681,541.912608438588,568.37637440394,550.273890659009,598.732181572984,523.458404547399,549.631131976228,624.048624050109
562.744767344053,527.750484283576,549.13270669424,555.984711154995,572.456067501158,536.689667168822,527.595527793783,530.030840063175,565.038271044154,533.638667349347,554.236524677511,557.386566411038,535.357008639905,550.979305060293,565.366132526165,558.24568332099,563.632392129264,538.611154902229,536.329282709778,571.172367541951,551.239101941703,530.904574849545,535.311985382681,541.912608438588,568.37637440394,550.273890659009,598.732181572984,523.458404547399,549.631131976228,615.788698341198
562.744767344053,527.750484283576,549.13270669424,555.984711154995,572.456067501158,536.689667168822,526.348330245493,530.030840063175,565.038271044154,533.638667349347,554.236524677511,557.386566411038,535.357008639905,550.979305060293,565.366132526165,558.24568332099,563.632392129264,536.356916451751,536.329282709778,571.172367541951,551.239101941703,530.904574849545,535.311985382681,541.912608438588,568.37637440394,535.957736482784,550.850537785283,523.458404547399,549.631131976228,615.788698341198
