2102.39015711759,745.471771035645,2014.43229982451,1626.62294989607,891.801167816977,1697.77830870287,1472.53710495222,900.931187997955,1999.35536616915,1425.25350284246,2718.05876358673,1952.38670512991,2080.79387858891,1367.30643453135,1708.25768886944,2095.01519425106,1277.07940315875,1228.70556570527,1271.14448291251,1037.94972568003,1661.85240275731,1021.71643600184,861.653764285783,1419.98168345947,1659.14234048181,785.341724822995,1226.28297179285,1734.01145329452,2035.44094511738,1185.37597258374
614.866597267749,563.413448483002,618.264115298752,660.186287293986,518.481492974454,654.409000318731,663.355570221047,483.010138305615,651.361474928512,647.323448666793,1006.72496862501,746.174532536232,690.437667640442,698.283164136734,660.131903970571,671.895241230779,579.481294714538,599.923913202534,603.406815409972,553.225783087731,671.964440974667,566.978805879955,546.970395731199,572.084575427592,763.604715133089,535.374230827541,653.846589326428,599.273057231772,827.098947865355,588.091416943695
529.279545858491,513.095211281086,527.593464336211,541.377053853376,473.818217190177,538.805853564867,555.883936352749,449.477947329633,544.483092807557,563.344831197737,612.897794101405,551.843045249977,564.854971822773,568.545588209928,530.420487482581,550.5828736008,534.577109421963,540.019983169293,527.622217809101,504.18155870226,546.127123724734,505.496435277425,500.613242856587,509.379894490148,558.994776609521,501.932402355124,586.750376200797,553.253569623866,614.572059665799,528.100834572408
469.263573665397,483.312664817341,491.259056673597,478.201028848683,444.835258659725,500.009998966488,482.57718463031,390.984106855678,471.569033554983,517.191706736195,530.860789121031,490.067932826839,503.532647548298,477.047829575538,459.90726623063,505.963112725131,506.156812589124,476.555781121723,471.97514522173,444.956658062109,491.077700088793,478.899467365692,424.816966618257,457.623092795117,497.288156576255,439.545758582281,505.523577811995,511.694147253488,506.1430561635,492.166895845281
419.68318726781,408.365419872081,409.665464102015,412.582728998953,404.994178314435,421.268137912201,460.874005456466,300.029285075234,412.785482221916,416.013846480259,411.857843527917,412.286122634475,403.730499520826,399.754194567668,420.552996821782,403.38394879176,416.545545959406,438.511657009804,398.84433183176,419.937514900674,403.242916819217,403.447430950332,409.638456745058,401.84718015795,412.430789706156,425.760891829335,435.055634538902,463.728334619499,444.552980301804,459.658597718945
300.194617130767,300.522648712793,391.458850991075,300.161117401119,392.673024945882,405.367874723126,456.32855043168,300.00000028387,300.58955579882,406.003333631895,303.699229452372,300.876888584998,300.039569273049,300.048298056522,312.396321503413,300.085827199352,300.801345628869,300.032675233756,300.102351237495,398.345362390975,300.052442077574,300.110337474113,403.298946394475,300.123089697974,300.069916249248,402.13963454367,300.316881923909,405.7638821828,301.66857614751,456.303295770723
300.000000562196,300.000007145122,300.039529657506,300.000001883614,300.473905141942,403.285681146112,411.393842050544,300.00000028387,300.000033327952,403.285682127056,300.000017027313,300.000170308913,300.000000371831,300.000000396653,300.000861971644,300.000000166138,300.000029628366,300.00000021526,300.000000486565,331.867253586997,300.000002991524,300.000000857777,403.285680653328,300.000001546689,300.000000222163,401.022566460034,300.000002194151,403.285680653423,300.000156437178,402.270670913061
300.000000167391,300.000000185868,300.000000271506,300.000000394445,300.000007953804,403.285680653327,300.066424421626,300.00000028387,300.000000200646,403.28568065333,300.000000489361,300.000000237134,300.000000371831,300.000000396653,300.000000299282,300.000000166138,300.000000302447,300.00000021526,300.000000486565,300.000032669758,300.000000277055,300.000000330471,342.280885062251,300.000000207173,300.000000222163,303.604139143963,300.000000212657,403.285680653348,300.000000387536,300.000452460489
300.000000167391,300.000000185868,300.000000271506,300.000000394445,300.000000364181,403.285680653327,300.000000375441,300.00000028387,300.000000200646,300.037265276706,300.000000489361,300.000000237134,300.000000371831,300.000000396653,300.000000299282,300.000000166138,300.000000302447,300.00000021526,300.000000486565,300.000000305542,300.000000277055,300.000000330471,300.000000230506,300.000000207173,300.000000222163,300.00000357319,300.000000212657,403.285680653348,300.000000387536,300.000000308611
300.000000167391,300.000000185868,300.000000219623,300.000000334388,300.000000364181,403.285680653326,300.000000375441,300.000000216394,300.000000200646,300.000000296752,300.000000489361,300.000000195592,300.000000148389,300.000000229851,300.000000171386,300.000000166138,300.000000192123,300.00000021526,300.000000242997,300.000000305542,300.000000215696,300.00000013314,300.000000230506,300.000000207173,300.000000213543,300.000000280034,300.000000212657,403.285680653348,300.000000177928,300.000000308611
300.000000162229,300.000000185868,300.000000219623,300.000000334388,300.000000256373,300.00012016557,300.000000201995,300.000000216394,300.000000200646,300.000000296752,300.000000489361,300.000000195592,300.000000148389,300.000000189219,300.000000171386,300.000000166138,300.000000192123,300.00000021526,300.000000242997,300.000000169046,300.000000205181,300.00000013314,300.000000230506,300.000000207173,300.000000213543,300.000000216265,300.000000212657,300.359301147761,300.000000177928,300.000000308611
300.000000162229,300.000000185868,300.000000219623,300.000000216781,300.000000166003,300.000000111939,300.000000201995,300.000000216394,300.000000200646,300.000000150617,300.000000217133,300.000000195592,300.000000148389,300.000000189219,300.000000171386,300.000000166138,300.000000192123,300.000000198704,300.000000168136,300.000000140991,300.000000205181,300.00000013314,300.000000230506,300.000000207173,300.000000139031,300.000000216265,300.000000169987,300.000000212193,300.000000177928,300.000000308611
300.000000162229,300.000000185868,300.000000153571,300.000000169176,300.000000166003,300.000000111939,300.000000201995,300.000000143775,300.000000199916,300.000000150617,300.000000161938,300.000000195592,300.000000148389,300.000000133497,300.000000135665,300.000000166138,300.000000179746,300.000000146873,300.000000127576,300.000000139457,300.000000205181,300.00000013314,300.00000016383,300.000000207173,300.000000139031,300.000000150693,300.000000169987,300.000000144092,300.000000176874,300.000000202933
300.000000162229,300.000000131706,300.000000153571,300.000000141332,300.000000166003,300.000000111939,300.00000012155,300.000000143775,300.000000184441,300.000000150617,300.000000151234,300.000000122774,300.000000139817,300.000000133497,300.000000135665,300.000000166138,300.000000153057,300.000000146873,300.000000127576,300.000000113638,300.000000152271,300.000000125136,300.00000016383,300.000000174792,300.000000139031,300.000000150693,300.000000169987,300.000000144092,300.000000117565,300.000000165751
