146753587.484556,8009110.58417009,15630179.9920694,19699487.0929528,119951567.240255,380592301.886317,18159359.2716812,54289729.3400535,19793982.4418204,6969040.66090688,12552014.8353912,13581.1617914102,141640084.258875,286088230.234184,133864064.029606,331175888.967777,1669017.58349203,59870738.8597522,1125191107.64452,1912695837.62562,410407986.092093,3933137.66095171,1582255.19636755,6523610.45268398,748441560.215876,552800735.665773,39315661.0838372,280328.687075526,302054.898130368,886525121.018005
146753587.484556,8009110.58417009,15630179.9920694,19699487.0929528,119951567.240255,380592301.886317,18159359.2716812,54289729.3400535,19793982.4418204,6969040.66090688,12552014.8353912,13581.1617914102,141640084.258875,286088230.234184,133864064.029606,331175888.967777,1669017.58349203,59870738.8597522,1125191107.64452,1912695837.62562,410407986.092093,3933137.66095171,1582255.19636755,6523610.45268398,748441560.215876,552800735.665773,39315661.0838372,280328.687075526,302054.898130368,886525121.018005
146753587.484556,8009110.58417009,15630179.9920694,19699487.0929528,119951567.240255,380592301.886317,18159359.2716812,54289729.3400535,19793982.4418204,6969040.66090688,12552014.8353912,13581.1617914102,141640084.258875,286088230.234184,133864064.029606,331175888.967777,1669017.58349203,59870738.8597522,1125191107.64452,1912695837.62562,410407986.092093,3933137.66095171,1582255.19636755,6523610.45268398,748441560.215876,552800735.665773,39315661.0838372,280328.687075526,302054.898130368,886525121.018005
146753587.484556,8009110.58417009,15630179.9920694,19699487.0929528,119951567.240255,380592301.886317,18159359.2716812,54289729.3400535,19793982.4418204,6969040.66090688,12552014.8353912,13581.1617914102,141640084.258875,286088230.234184,133864064.029606,331175888.967777,1669017.58349203,59870738.8597522,1125191107.64452,1912695837.62562,410407986.092093,3933137.66095171,1582255.19636755,6523610.45268398,748441560.215876,552800735.665773,39315661.0838372,280328.687075526,302054.898130368,886525121.018005
146753587.484556,8009110.58417009,780113.288185562,19699487.0929528,893249.582533879,380592301.886317,135744.726181545,54289729.3400535,19793982.4418204,6969040.66090688,12552014.8353912,13581.1617914102,4005698.79666871,286088230.234184,1581640.36884174,13381733.3878524,1669017.58349203,59870738.8597522,1439699.29983587,1912695837.62562,184990889.830706,67866.4752467012,1582255.19636755,583601.941745694,61797.6550617411,164475.358714752,39315661.0838372,280328.687075526,302054.898130368,886525121.018005
900359.776519593,11246.5535042398,9354.13191660907,34549.038141911,36315.7652702395,304908.206243777,5434.45364006862,5838.90278362037,100532.610662494,12704.2972087035,45546.2953428386,5841.79433805883,34159.9215136399,9658171.3551951,308450.146522311,47958.6838618661,15468.4147464404,103966.7293716,153321.038696112,38566845.2661268,514367.939652336,9943.94492121422,4765.9886304108,5517.53996777673,7486.24598388522,50932.7038726273,64233.02685976,12313.3366300696,4080.29879194936,18479.7129105806
30203.2745159242,3242.36909331081,4578.9363132793,7465.81835080556,8174.55860786257,17374.508673581,3834.00139767514,5838.90278362037,10243.0219397529,5680.42737363152,13943.2633367306,4007.28419011312,4157.3691002515,13451.3070767793,6935.86604405512,5519.52324453858,6385.22826349829,5724.25375010116,10615.6186745117,1189177.72198678,3464.47986530904,3846.4152303225,3917.94138506144,3956.07829088876,4497.72457773394,3284.27640784445,13498.7267663439,4852.08573427937,3296.53660298963,4780.88050298113
4492.50751577276,2740.13601433193,3033.63536988915,3432.14429794235,3707.71999633275,3074.06144972711,2583.25334315379,3360.31040162849,2882.86912202069,4049.45622778312,2897.66738003238,2461.00638880306,2480.02206567938,3904.35924603695,2819.26774440644,3209.11270211469,3352.44158395985,3388.62393981071,3665.9947466996,4681.73818044138,1980.18613862961,2913.10136843599,2756.23297316189,2557.52941035831,2773.00477063342,2432.04408598028,4943.28934978556,2790.03358337116,2378.13737790787,2479.61283735583
2486.5282185424,1834.43197357472,1877.10376451593,2196.89845576928,2217.39419764462,1597.50077011937,1960.03752167727,1663.25530080427,1542.05187313716,1893.12539197479,2109.15796287786,1619.11355373521,2176.77208473558,2196.21213884997,2216.72080534705,2106.05551939778,1944.58174217908,1844.86288551226,1944.53883157713,2482.5352368091,1794.96805909569,1481.01682444875,1559.03275646405,2052.11822665176,1642.89258908366,2159.88723235695,4344.97821115771,2229.93153280398,1512.91617725833,1916.54957626303
1627.07859586256,968.557168755582,836.241440865944,1683.86030539662,1041.23615829179,1595.04227920641,1467.52234772622,1663.25530080427,1210.88538208006,1413.5184986345,1267.9351915011,1522.44039207726,1539.50393425099,1527.92673447279,1048.8146483554,991.820823729618,1618.75932608508,1120.96234481787,1142.17711233815,1706.59133409563,1178.91876787567,1481.01682444875,894.809629127226,1397.4393618181,1255.38558716984,1537.67006843712,1612.35938524981,1374.49691614744,1338.15474244613,1366.64480595855
1310.69886149221,953.670098059064,791.593455561107,1075.3407314004,897.992591033693,1128.97104985814,753.323951288236,1202.15573525751,1174.19709781687,1413.46918535834,709.113946037753,1454.08229130222,1092.04727519516,894.741287836054,955.294748413399,927.147501973053,1068.59721022828,1055.46788674331,977.237065345743,1321.09390216899,1178.91876787567,688.605341789083,749.80007870956,1389.99112202278,1014.93872899805,1235.90791595266,1261.79186194387,1272.14062536541,1319.35888302305,1366.64480595855
1228.51845375167,940.0213256282,782.453865616024,685.329143292659,882.596185268648,1111.03287739528,733.845747659046,728.181439312488,1042.16898049374,1118.94609881496,685.085688684129,1445.00874628538,1092.04727519516,625.583178731726,931.578080190413,922.935920216838,1012.54230813119,1015.2538963781,970.61701289949,1229.74168607509,576.146833714132,602.950240768896,728.681961069937,953.669340105841,761.022707434236,1098.85587400234,666.773652914279,1264.2590482386,1318.53032389171,1265.02961664135
1026.87005928216,932.440277078496,754.922793956225,677.39670635219,880.315251264959,923.039639420834,709.168816126754,710.155789740283,947.662734802411,1106.95200840359,678.654963037319,1399.86121515501,872.148930086357,621.822397601326,896.545707664819,917.66963427337,1000.14581299359,1009.88074584764,968.022204345121,1194.31843121053,523.40486705283,597.468878546762,726.880341024324,543.243841263473,725.19523377835,1011.61100231865,640.857395508378,1261.67453830135,1318.40772987553,767.777343520888
1012.66995787713,923.721410415028,754.414963643888,676.540680106697,879.983848946933,905.036816722553,706.889406505058,683.594475964738,940.53223331511,1102.33119562332,672.639816116955,1392.75878876268,872.148930086357,621.582193165864,889.865185066061,917.407431003594,1000.09546651113,931.599087164896,966.660222559553,1189.96637125235,520.202478014499,597.468878546762,726.503387570519,486.067885502256,720.361672287647,811.050402040566,627.061488237659,903.951346723269,944.741486226603,767.777343520888
842.675339728533,695.230298707319,754.414963643888,676.540680106697,581.172031966999,748.802819229409,706.889406505058,683.501069761209,550.318492999479,876.726035754347,672.639270524,878.091678779175,501.75094398796,621.582014529202,889.865185066061,846.278901356815,536.071974898952,750.332567441869,437.211721004362,1087.26667465683,520.202478014499,597.468878546762,454.900011493625,486.041425142308,720.361672287647,497.100643630768,626.822643901246,898.53828273681,944.741486226603,715.587609924511
841.826936856742,506.05438269738,580.021498714048,579.913520964449,441.346444000316,748.802819229409,449.812326523818,683.501069761209,550.317911755611,781.393153364131,576.918105742712,679.804396621456,501.75094398796,486.333336430663,707.184458327285,779.641084875294,536.071974898952,750.332567441869,437.210061897151,619.897669333224,451.585379199409,526.277222110973,454.810630827242,486.041425142308,458.120563102257,497.100643630768,600.606383089719,747.147775870643,491.699362822644,715.587609924511
