7625849616339967,11599513222084576,71294878.9807013,90759240251844.4,174146284767761,60747760675756.8,53864004746378832,3008229946361938,174687442880019,1686046728820427,21522268523353.3,2509227339166522,740835.537645957,1494904267829278,106673991867925,1341192758103399,6645067736194933,515253.215082328,2086025285424.85,678891.030541196,104051259499719,1473966709.13444,97935210066066896,500264.546946587,2782260667283495,162198423005013,365348403418710,89646305975608,1076294340233037,23651582256611.6
7625849616339967,11599513222084576,71294878.9807013,90759240251844.4,174146284767761,60747760675756.8,53864004746378832,3008229946361938,174687442880019,1686046728820427,21522268523353.3,2509227339166522,740835.537645957,1494904267829278,106673991867925,1341192758103399,6645067736194933,515253.215082328,2086025285424.85,678891.030541196,104051259499719,1473966709.13444,97935210066066896,500264.546946587,2782260667283495,162198423005013,365348403418710,89646305975608,1076294340233037,23651582256611.6
7625849616339967,11599513222084576,71294878.9807013,90759240251844.4,174146284767761,60747760675756.8,53864004746378832,3008229946361938,174687442880019,1686046728820427,21522268523353.3,2509227339166522,740835.537645957,1494904267829278,106673991867925,1341192758103399,6645067736194933,515253.215082328,2086025285424.85,678891.030541196,104051259499719,1473966709.13444,97935210066066896,500264.546946587,2782260667283495,162198423005013,365348403418710,89646305975608,1076294340233037,23651582256611.6
7625849616339967,11599513222084576,71294878.9807013,90759240251844.4,174146284767761,60747760675756.8,53864004746378832,3008229946361938,174687442880019,1686046728820427,21522268523353.3,2509227339166522,740835.537645957,1494904267829278,106673991867925,1341192758103399,6645067736194933,515253.215082328,2086025285424.85,678891.030541196,104051259499719,1473966709.13444,97935210066066896,500264.546946587,2782260667283495,162198423005013,365348403418710,89646305975608,1076294340233037,23651582256611.6
7625849616339967,11599513222084576,71294878.9807013,90759240251844.4,174146284767761,60747760675756.8,53864004746378832,3008229946361938,174687442880019,1686046728820427,21522268523353.3,2509227339166522,740835.537645957,1494904267829278,106673991867925,1341192758103399,6645067736194933,515253.215082328,2086025285424.85,678891.030541196,104051259499719,1473966709.13444,97935210066066896,500264.546946587,2782260667283495,162198423005013,365348403418710,89646305975608,1076294340233037,23651582256611.6
7625849616339967,11599513222084576,71294878.9807013,90759240251844.4,174146284767761,60747760675756.8,53864004746378832,3008229946361938,174687442880019,1686046728820427,21522268523353.3,2509227339166522,740835.537645957,1494904267829278,106673991867925,1341192758103399,6645067736194933,515253.215082328,2086025285424.85,678891.030541196,104051259499719,1473966709.13444,97935210066066896,500264.546946587,2782260667283495,162198423005013,365348403418710,89646305975608,1076294340233037,23651582256611.6
1604680666920.53,11599513222084576,71294878.9807013,376569566599.374,7776149995.76202,60747760675756.8,41274834185219696,3008229946361938,11962751295.77,1686046728820427,1678134254460.79,2509227339166522,740835.537645957,125518793433.391,97123643602.5843,43158172697804.8,20067375076.9073,515253.215082328,2086025285424.85,678891.030541196,20371347638.2362,1473966709.13444,97935210066066896,500264.546946587,4705639207.80669,11363157748.4971,365348403418710,109416587362.34,1076294340233037,4478199882.1504
708772125.588481,3823502988.4167,71294878.9807013,18347271020.8806,2871875158.14123,5277492477.18915,693088949815.728,236454535235.942,11962751295.77,21467800780.6705,1489455852.17431,497117472.247864,740835.537645957,897783453.7447,490007999.350994,9818441703.68085,1924034328.18572,515253.215082328,5138310561.36952,678891.030541196,20371347638.2362,1473966709.13444,9553968365966006,500264.546946587,4705639207.80669,6138915845.41123,538984478.861117,4391163395.64726,5011789365.79434,4478199882.1504
708772125.588481,7753209.77810684,71294878.9807013,619474.366624515,30060547.7405958,28837679.7897557,150794380.508726,4823442.99993547,120218445.341768,48459995.4243592,992555.794717767,7672986.55138749,422275.176621649,688611.226465401,5012789.65185824,1599167190.98686,5061234.04607803,515253.215082328,351198129.257154,531396.231214501,464050565.860836,44765898.3996528,210222184.498489,500264.546946587,5725559.64780706,329132344.428998,65828232.3556843,285092354.35046,423862721.601201,13645688.1969948
392981.732322459,358516.384232501,71294878.9807013,471027.427023436,500571.914837148,595249.15907811,334761.997886661,308314.037552504,422002.134238226,420645.599027224,425005.437467864,384087.716239317,399811.576523353,330023.88242657,447421.541508425,265261.422837202,654083.855062273,465121.763218011,604475.306557218,374138.99815871,384609.831349533,411779.080398688,486838.457124902,459925.138084066,424202.491680999,391775.102015558,541492.947622819,390960.711574297,472638.845844499,365463.502036898
392981.732322459,358516.384232501,71294878.9807013,471027.427023436,500571.914837148,593684.067465438,334761.997886661,308314.037552504,422002.134238226,420645.599027224,425005.437467864,382566.392803323,399811.576523353,330023.88242657,447421.541508425,265261.422837202,654083.855062273,465121.763218011,604475.306557218,374138.99815871,384609.831349533,411779.080398688,438694.42662679,459925.138084066,424202.491680999,391775.102015558,541492.947622819,390960.711574297,471776.143164157,365463.502036898
392981.732322459,355924.199129754,71294878.9807013,471027.427023436,495104.8932691,588819.870799546,334761.997886661,306396.716232937,416939.029103717,420645.599027224,415470.991349342,381543.660709306,394541.629147571,325616.303049086,439181.598971863,265261.422837202,646901.508857537,460670.289799914,600299.255577608,361396.314040008,384609.831349533,411779.080398688,438694.42662679,459925.138084066,424202.491680999,387215.094645353,541492.947622819,384888.654096203,462365.781342965,365463.502036898
188289.828506508,257350.87366497,293952.966927818,199533.564554115,203425.979513916,331063.194494429,181539.38048826,143947.680844987,234766.763452553,293377.202579605,197752.612461194,207455.710731274,259516.758620161,122662.531617122,201626.548149723,146037.94135678,334079.049822437,196296.617086853,237962.464064874,95448.7008589505,143684.911611708,196457.503673508,196399.624028416,329600.120554017,140409.616116737,230592.885865322,368865.062504911,206084.312282457,192067.033667337,162126.373007213
27560.508997233,28755.8475293417,78950.3139244349,51162.707745642,29797.9276666546,22033.3330626044,18625.6005807181,17450.6553166086,40697.731810134,80324.3309433211,84651.8616341889,38916.0480077895,85532.4739061385,10064.0174185427,21357.7772480389,13310.3976407766,61697.3010019129,19287.8477954501,29286.8657520621,3620.90488744222,31812.6327404371,13196.8982331433,116962.255687045,33264.7869886631,19270.8810481846,29233.4355177371,44276.3339748812,18732.7647401413,22840.0876498928,87852.5683629101
2.21126583710429e-09,2.44779130298411e-09,1.45565275033732e-06,7.3040640529598e-05,3.86421561415773e-10,2.01828243007185e-09,4.35989022662397e-10,1.12800080387387e-09,1.9479386992316e-08,3.32584590978513e-08,3.09817052652761e-05,1.92801508092089e-09,6.54627058338519e-07,8.4421003521129e-09,1.49628931467305e-09,3.09302095047315e-09,1.60127564754475e-05,4.13876932725543e-10,8.72080363478744e-09,3.99404598283581e-09,2.94278379442403e-10,2.0258994481992e-10,4.26041424361756e-09,2.84444467979483e-09,1.86332727025729e-10,5.58787860427401e-09,8.03066768639837e-09,3.66173935617553e-09,1.66932068168535e-09,9.3777430265618e-09
4.05862010666169e-11,6.93489710101858e-12,1.87583282240666e-12,3.24007487506606e-11,5.91171556152403e-12,4.54747350886464e-13,5.6843418860808e-13,1.47792889038101e-12,1.09139364212751e-11,7.95807864051312e-13,1.48929757415317e-11,3.97903932025656e-13,1.2425402928784e-09,1.20564891403774e-10,2.53521648119204e-11,3.46744855050929e-12,1.88720150617883e-11,4.13876932725543e-10,6.25277607468888e-13,4.49063009000383e-12,2.94278379442403e-10,4.43378667114303e-12,2.84785528492648e-11,5.51381162949838e-12,6.82689460518304e-11,3.29691829392686e-12,2.61479726759717e-12,1.52908796735574e-11,6.25277607468888e-13,9.60653778747655e-12
