11970.4595383255,20025.2617384467,38492.4186453363,35872.8450033428,38417.0443777086,61478.7057324256,34165.853402346,33012.8365707683,17558.7936089989,39186.5875816069,28074.0513950534,32012.9035714948,19925.5757352625,14389.6041952898,36814.8262785858,17000.7123483734,27438.772668124,25740.2628290418,16050.5352332701,28349.8265383868,56828.8795095752,24996.002245998,18480.2906050905,11928.1209770154,19138.1569698511,16669.1815931361,29555.096569291,24363.9709822452,24695.2884914843,28993.7889149894
1594.84024287517,2044.23509812693,2346.21487057293,1536.9640712807,2154.59449922708,3178.09763442883,2833.11384504474,1543.08350057074,2002.70030622199,2231.48600567759,2202.61870721269,2323.15567126229,1739.17288768054,2230.84175426018,2440.48432435066,1683.09176222157,1414.72220497318,1844.12445537497,1870.02168957943,1630.16331942262,3715.54309986153,1762.00119521207,1768.75463027143,1479.62385206444,1638.91977685394,1411.82555640986,2580.64238089139,2105.06243321325,1860.99655938209,2201.53120977397
846.224212501108,898.102091611125,938.287961727837,781.094513340001,816.815474504532,797.078301244966,1084.67112631684,735.789476938463,906.337389582158,713.178351670217,970.260823339791,1003.11849867889,866.09440704513,1054.15843173535,1049.62545717221,916.362542192635,797.181670343658,811.781675080546,686.357638331424,713.492800280864,1196.33183206948,881.856493613979,926.511475641213,746.306530261848,758.804116856988,789.975185947384,1150.37545668769,1020.37652133754,875.575218814914,1141.98349909803
595.614097253169,569.61987365828,567.54895052925,519.343334659851,521.667940572401,460.891244722519,654.334462650188,516.234725799801,560.324303986707,387.599957095643,571.312128264824,629.094840206204,504.15103837199,558.99039443228,700.371639340265,563.528027118417,541.818186346442,514.119926101819,405.93108162502,484.563766897933,639.797467441569,522.946196768365,664.498622781552,535.575273797515,529.298219723816,550.444844673245,732.513627843164,624.690424566792,540.08905312005,753.925326085096
448.730238960961,390.870223322162,330.719895646972,348.762809281,377.268620670286,342.995370551475,356.296820727187,438.337232171064,355.573117525675,220.986536410381,312.992716282004,363.077414922549,291.507671568704,308.824620692391,384.590751176287,380.656863270631,352.275155973801,301.65463592157,298.244197608439,312.903883198495,306.95108714734,348.229761186836,512.260527301365,409.031805244787,383.80978722455,424.016925744525,460.959256207782,329.77010765329,384.742804731804,363.9921123526
374.698288905964,314.913480676764,312.467920245088,229.670257909098,363.428546328264,168.720477292588,242.263983073198,398.801272631294,301.155607566407,216.411501726879,229.368950467754,299.603841750613,247.053120163367,295.206669994672,322.191144945996,303.224642058609,274.151741794861,241.461615727723,236.88021002704,273.329371267765,299.093784792697,277.264390720909,338.618186263018,366.536578494512,291.963431728358,362.277844012758,303.320225318688,237.653897187162,359.068470273979,265.302807815331
262.528095014487,245.644285040326,306.917721593054,224.588798509312,284.9540242163,150.270438498974,236.471245181105,366.837283953628,278.24422412623,77.2532536711513,218.8038575363,294.644055029278,231.033686153115,257.477953322795,311.961303573483,237.60712263675,198.273895810538,233.833325010287,231.836032997153,247.528797112882,288.215658730402,224.532588021713,271.142788507515,269.296194922737,280.607663264406,343.819851264501,292.191582524101,203.212520433036,287.272513648235,253.147312645354
252.735059939459,160.601196197633,267.405733105181,212.12766048116,243.723543326264,143.085101033991,225.601086879682,346.105311065356,271.825472669151,8.85540463095242,78.8932056475084,278.404981186402,222.040167743063,227.91380017961,296.440394983733,227.164531397165,191.63786086826,163.963933732444,227.332055517272,240.136811678101,209.934184055576,211.885393324134,251.61019816122,230.285380359033,261.889165752186,331.266851011769,235.853319835646,199.480304716161,282.114078087207,248.509168108617
248.191461302906,157.820927497597,253.904876770342,76.5327118902366,238.989600671333,115.566509357725,141.329948265496,340.940106568164,250.591725652104,7.19304558176901,76.0499046129285,260.402235326849,148.593126574678,219.580963931078,279.536157948586,219.537867505489,179.648299107941,154.575506105451,219.4467968377,229.651122700573,90.2111807211243,206.944253109163,248.993612076274,223.817746248304,255.344874995104,263.897773569065,192.218855196012,191.167018110177,147.638158914795,243.392420649961
242.404974854208,152.898860422514,234.535029189433,40.8069243316652,175.082657180512,1.49814404760929,80.8068502309762,332.753421360346,168.586559838053,4.95254495442032,71.0666454271199,257.243250615473,143.431036955332,204.924009135983,150.596038063419,83.5918728728844,172.787795580113,148.376993901718,151.877729061736,223.02747550716,75.4064294810289,202.859877568552,243.423719024077,209.589623717137,241.602468190655,255.397987100432,180.96654280526,187.980944604896,143.175922240491,227.248534882708
236.785343702026,140.645990900761,190.367450399683,5.46757099027838,170.116558288564,0.411126138271413,72.851745828642,277.873154255472,156.820795630444,2.45148547277665,66.6880673193943,249.956730415122,135.39867218653,195.818014040563,146.179339554631,79.0505898203414,170.380720315635,141.866568281387,148.356764381396,164.837573635224,5.03371934184395,198.406276175762,237.166973138725,203.793118784294,230.457061311013,248.400366672148,173.663142983977,186.879142407125,137.876689399262,227.044504393233
233.893071727878,59.2052982441674,188.522015661392,4.22424391483344,109.61407158348,0.00432943770556449,70.6171747281244,213.465119948843,149.33514743133,0.506208713697845,0.00131398678195183,247.252079084767,71.9366046497443,190.059778356047,143.631932321926,73.8665196784501,169.515948242331,72.7254991463182,145.760241979059,156.7022889165,3.1463314572228,197.5880522829,229.172480086521,198.775511291312,94.1392431293,246.645738062104,170.595365629384,185.506927385485,75.5814665862106,226.693701549033
230.794969351237,57.9130368204029,185.065308125386,3.9866749491004,103.14917796912,1.40317979457905e-09,37.5050458124085,190.271881262833,145.218161087473,0.0028993287734238,0.000325494984167563,245.91416633635,71.7495298705807,186.014548394844,142.198960129032,70.3047666339151,166.425634050858,68.05829504344,140.836877079462,152.714238077889,0.782864547529869,196.382736293887,105.695566544333,195.487532321187,86.2199079464748,187.616262854601,169.929662570865,183.513308597924,72.8578090521759,226.658453538314
228.024715279225,50.9315387675783,184.270568930499,3.98662385487347,103.065388455204,1.40317979457905e-09,14.8271539831017,187.433063780061,85.765337642231,4.96982011100044e-10,8.35370883578435e-10,239.09362758984,71.0305591477581,184.14721812903,141.848788824522,4.0048336439674,163.646349266053,0.0807775125229568,88.8379455769571,85.2285411611917,0.0257415809099939,194.859999506772,87.2526341947503,183.2008325687,84.0913059251895,182.422956610448,168.171660894119,180.357793847437,6.62048553885455,226.658364508388
