821.675443994798,862.678121634861,1411.70844460147,888.845532230809,585.858422589285,990.355530170274,513.680800765481,1308.43502727513,1009.19642494104,1177.42814390658,1022.79570166017,1464.74033905193,1241.09313369754,787.241115306167,1179.39722471981,907.119582145607,1026.80441590632,879.821252711373,1846.49698871766,628.905345045237,1378.51212890188,899.375520821031,1464.80482229936,758.366674090467,563.095064752878,725.789876448751,1274.60377524249,1842.49958450456,1175.80825294799,840.491673367232
278.412929635829,335.865831398177,404.401309336221,284.026147285762,267.436005585425,284.486141599849,267.869760195556,387.60027907195,310.047529748726,292.06703236626,380.427903013829,347.176382074342,317.937919037322,317.839537430456,375.393164921477,303.222610896224,303.760184445762,293.258838948571,417.058243098524,266.026028536424,291.964632282536,295.210960506553,340.592910570787,301.447182607122,260.069257050188,312.432059380123,303.740531447666,423.471322318019,368.653407842006,278.729714495834
221.830180539965,243.102392348834,251.419563734556,246.982683686424,267.436005585425,244.290487717106,254.073890678681,264.957310658023,274.680062239192,242.459253015898,242.479865803669,204.743688253826,268.447385225402,260.31331783094,266.275120896639,270.948691961527,269.093552950389,226.4632557122,234.796980785668,242.830068060316,268.134175493234,232.168454019181,262.976505585403,234.229701355616,251.11581000297,278.498944819806,265.632899030725,245.975882291812,252.839604068467,245.028254395942
221.830180539965,226.277483316377,237.528353227354,233.847267847671,253.813050682548,244.290487717106,221.304067675073,237.266137446277,223.348046282226,242.459253015898,242.479865803669,78.4394392023052,240.040226367089,255.067480058307,245.698120263755,228.260670692503,212.13818698443,226.4632557122,100.646030823411,242.627917076759,234.556854403801,232.168454019181,198.898776046278,212.235834092387,206.260133011005,233.048770834705,247.976446927921,126.623995805841,239.69937143267,245.028254395942
212.173669753562,38.6394415220329,229.392610436464,194.205332274902,227.529970433949,222.475186655861,221.304067675073,70.6454515444702,44.257422135961,230.617789844681,65.8814106706122,61.4760168078299,163.886474666842,215.415184557164,37.9179854391992,39.8671421255518,200.734199533775,213.941398598857,40.9218846449081,36.3081940671436,100.068954534402,206.792182452349,198.898776046278,43.5309065598036,37.3471609260806,215.654542116073,223.156915168693,38.8653952615874,59.0891026135349,218.622154067208
39.5724655347311,38.593129062735,34.7961978412345,37.1898616422807,189.471991488872,39.8193668551932,221.304067675073,41.0541179121431,43.7741553860012,223.825993080172,38.2533724855936,61.4759689008021,38.3891207965478,215.415184557164,37.9011031194901,39.8001085319556,39.7933897987576,45.4053556931856,40.9183207036766,35.8630794374156,40.4357687787772,198.178303993554,39.834836154746,35.9736941569308,37.3432499312934,210.844799140012,195.79158200392,38.7761897486,39.6860073578346,42.3911446286418
39.5721841556795,34.0480039400176,34.7961945470222,37.1691050103356,189.471991488872,39.7416061879113,38.6508388108211,41.054117829887,43.7741553858276,38.8789552820057,38.2533723782005,37.0254556103082,38.3888962436952,41.23606781355,37.9011031194743,39.8001085319556,36.2845115762809,38.3514804970221,40.9183207036696,35.8630794374156,40.4357687710428,39.3733292521732,39.7845632395567,35.9736941550702,37.3432499312934,40.9202979412235,43.5443328134027,38.7761897484401,39.6860070320273,42.3842575797223
39.5721841556795,34.0461218738517,34.7961945470222,37.1691050103356,39.4982737118579,36.0601472506278,38.6508113194404,40.8438989916718,35.4484769815616,38.8789520762399,38.2533723782005,33.4069601139474,35.5437472537378,41.2321504225671,35.2835832178087,36.1670914850773,36.2845115723684,38.3514804948759,35.2111507068313,35.8630794374156,35.3960216699619,39.3733292123511,35.5194895314725,33.8698815480997,35.6537038543104,40.9202948852378,43.5443147083535,33.6274775312481,39.6860070320273,42.3842575797223
34.5232060549447,34.0461218738517,34.7961945470222,37.1691050103356,39.498273651157,36.0600979177457,38.5130844800758,40.8438989916718,35.4484769799271,38.8789520762399,34.8609376984872,33.4069601139474,35.5431146059817,36.4706425465997,35.283583158591,36.1670914022609,36.2845115723684,37.7680270935757,35.2111506982405,35.8630794374156,33.3045301153145,34.9261340046264,35.5178994090139,33.8698815480659,35.6527007640077,34.1704715563859,33.7491606846232,33.6274775310578,39.6860070320273,34.1916795237789
34.4822929954908,33.0673115668848,34.7961945470222,32.4303663466349,39.498273651157,34.7516445756772,35.1581017721423,32.695817741091,35.4484769799271,35.2350611255645,34.8609228275291,33.4069601139474,35.5431146059817,32.8015131688069,35.283583158591,35.7132854102538,34.3068728027725,34.6779144171924,35.2111506982405,35.8630794374156,33.3044924360107,33.0248961764087,32.3689459790991,33.8698815480659,35.5731122603454,34.1704715563059,32.898207017409,33.6274775310578,39.6860070320273,32.2164503933291
34.4822929954908,33.0671535201326,32.6195816895893,32.353431205587,37.345858847701,34.0933158985085,35.1166734008527,32.6958177266933,32.330707044587,33.3316400313922,33.7721926273485,31.5512820106059,35.5431146059817,32.8012198713972,32.7985634458181,32.2119228089218,34.3065944616462,34.6776450579773,35.2111506982405,35.8630794374156,32.2628240418453,33.0246035933224,32.3689459790991,33.366251292554,31.9858994630677,34.0585888216413,32.8823724805652,33.6274775310578,39.6860070320273,32.21644569403
34.4822929954908,33.0671535201326,32.6193306351942,32.353431205587,37.345858847701,33.9141236480948,33.271625364343,32.6958177266933,32.3307070445539,31.6976261376632,33.0882251022392,31.5512820098039,32.3828123379344,32.1923361094565,32.7985634458153,32.2095887303586,32.2834390656834,34.6776450579773,31.9780740645799,32.5229449332198,32.2628239676592,32.5768954649184,31.8767013237813,33.366251292554,31.9814728076706,34.0585888216413,32.5472220132818,33.6274775310578,32.5597252340825,32.0471722102942
31.9393623848874,31.6080906396095,31.8787940747417,31.5512820098037,37.345858847701,32.0103988136899,33.271625364343,32.6958177266933,32.3307070445539,31.6975153882983,32.0331233352958,31.5512820098039,31.9687333918087,32.1923361094565,32.7985634458153,32.1563019206367,32.1539526666525,33.2750349729993,31.9780740524662,32.5229449332198,31.8904355234041,32.5768954649184,31.8767013237809,32.1328893013192,31.9814728076706,34.0585888216413,31.9644563958054,32.3285392330592,31.9575535409019,31.9159188394621
31.9393623848874,31.6080905873602,31.8342867001413,31.5512820098037,31.871418919052,32.0103988136899,31.8756840030612,32.6958177266933,31.6809297351491,31.6975153882983,31.9504104864376,31.5512820098039,31.9687333918087,31.9560469473469,31.7941601738651,32.1563019206367,31.9562914199561,31.5348275372726,31.9780740524662,32.5229449332198,31.8904355234041,32.046205443928,31.6406045890844,32.1328893013192,31.9814728076706,32.239347307603,31.9644563958054,32.2015272151276,31.9532232723211,31.9159188394621
