4.86999930777779,2.95622016080324,12.5760301950074,5.65029662601592,5.06342777484133,2.97247396555395,5.46951662967786,51.1871693960345,3.6008398886338,4.81215466351432,4.77532308770765,6.16415313789003,4.81580577854311,3.43657184392623,3.27366953657997,8.67837390416503,4.81961604398589,6.2824200650341,4.42822340923158,4.70667750160851,3.66382895560514,7.48631001358831,5.67383893852889,3.54166450853086,5.80644361520399,4.59119244696967,3.81991478070449,5.75933422369621,5.25196698623677,4.57613959588252
3.61734128766375,2.95622016080324,1.76061016236099,3.61435802580513,4.17372546245429,2.84997521268633,3.37501909243861,3.09028086745889,3.01653910206687,3.79119587994251,1.91654734527333,3.20740433688184,2.9443215355443,3.43657184392623,3.27366953657997,4.61798441520546,3.71700636339665,3.62568265330242,4.42822340923158,3.73818976450434,3.66382895560514,4.1062314541382,3.35816578851677,3.4246675086963,4.09470872890802,4.59119244696967,3.81991478070449,3.10847608534709,3.92021043903378,3.86646506845682
2.97633642056644,2.95622016080324,1.76061016236099,3.61435802580513,2.31069787956426,2.84997521268633,3.37501909243861,3.09028086745889,3.01653910206687,3.5723472874256,1.91654734527333,3.20740433688184,2.9443215355443,3.43657184392623,3.27366953657997,4.0584420541079,3.71700636339665,3.62568265330242,3.62778180967234,3.73818976450434,3.66382895560514,3.01908078672272,3.3368572329573,3.4246675086963,4.09470872890802,3.78451705616408,3.81991478070449,3.10847608534709,3.92021043903378,3.86646506845682
2.93042703758124,2.95622016080324,1.76061016236099,3.41308124649777,2.31069787956426,2.84997521268633,3.37501909243861,1.1156738679208,3.01653910206687,3.06457412567647,1.91654734527333,3.20740433688184,2.9443215355443,3.43657184392623,3.27366953657997,2.53919769337563,3.71700636339665,3.62568265330242,2.29048833489128,3.73818976450434,2.89000137654511,3.01908078672272,3.3368572329573,2.01289627379333,3.20528863951654,3.72212732890034,3.81991478070449,3.10847608534709,2.13959576656612,3.86646506845682
2.93042703758124,2.95622016080324,1.76061016236099,2.35232127861991,2.31069787956426,2.84997521268633,3.20262069704631,1.08656902343955,3.01653910206687,3.06457412567647,1.91654734527333,3.20740433688184,2.9443215355443,3.12477885485646,3.27366953657997,2.53919769337563,3.60759388047745,3.26532769359051,2.29048833489128,3.46668391522667,2.77519361437453,3.01908078672272,3.30606488260082,2.01289627379333,3.05011481677866,3.72212732890034,3.698158410117,3.10847608534709,2.13959576656612,2.52962325234535
1.29902825098475,2.95622016080324,1.76061016236099,2.35232127861991,2.31069787956426,2.84997521268633,2.16642882632914,1.08656902210168,2.43727618490266,3.03414180791492,1.59062605916756,2.32816768048519,2.917580900448,1.7791964339292,2.8288173152082,0.905836049973004,2.34015646962803,3.03029037071497,2.29048833489128,2.19023696784075,1.94484435793947,3.01908078672272,2.6021525460651,2.01289627379333,2.81732298398674,2.03064563630028,2.15232464888913,1.78521596803739,1.91153828494726,2.52962325234535
1.29902825098475,2.95622016080324,1.76061016236099,1.3578040285322,2.31069787956426,2.25124626016122,2.16642882632914,1.08656902210168,2.34120540342178,2.69223836328047,1.59062605916756,1.49623873164524,2.917580900448,1.7791964339292,2.8288173152082,0.905835637159498,2.34015646962803,3.03029037071497,2.29048833489128,1.85014009008842,1.94484435793947,0.428328444917724,2.6021525460651,2.01289627379333,2.81732298398674,2.03064563630028,1.32875092400695,1.78521596803239,1.91153828494726,2.2310475545512
1.29902825098475,2.95622016080324,1.11922559115919,1.35189839867076,2.31069787956426,2.25124626016122,2.16642882632914,1.08656902210168,2.34120540342178,2.69223836328047,1.59062605916756,1.49623873164524,2.88205959197148,1.7791964339292,2.01702539682424,0.905835637159498,2.34015646962803,1.79806678995055,2.29048833489128,1.85014009008842,1.94484435793947,0.427896279168635,2.6021525460651,1.84509846985088,2.27155919833262,2.03064563630028,1.32782804127532,1.78521596803239,1.43456034498809,2.2310475545512
1.29902825098475,2.81901058526068,1.11922559115919,1.35189839867076,2.31069787956426,2.25124626016122,2.01640133569526,1.08656902210168,2.34120540342178,2.69223836328047,1.59062605916756,1.08560836628158,2.88205959197148,1.7791964339292,2.01702539682424,0.905835637159498,2.34015646962803,1.79806678995055,2.29048833489128,1.85014009008842,1.94484435793947,0.427896279168635,2.51965050822605,1.84509846985088,0.697898835594742,2.03064563630028,1.32782804127532,0.887926978409723,1.36462191369833,2.2310475545512
1.29587346374774,2.81901058526068,1.11922559115919,1.35189839867076,2.31069787956426,2.25124626016122,1.26815855579048,1.08656902210168,2.34120540342178,0.710900568462876,1.59062605916756,1.08560836628158,2.88205959197148,1.7791964339292,2.01702539682424,0.905835637159498,1.0067511830664,1.79806678995055,2.29048833489128,1.85014009008842,1.94484435793947,0.427896279168635,1.2459257976318,0.598542199914164,0.697739485113516,2.03064563630028,1.32782804127532,0.834612944704986,1.36462191369833,2.2310475545512
1.29587346374774,2.21251187740654,1.11922559115919,1.35189839867076,2.31069787956426,1.97788487234357,0.780262577097346,1.07732699201711,2.28284681849709,0.710900568446732,1.59062605916756,1.08560836628158,2.69915340869079,1.7791964339292,2.01702539682424,0.905835637159498,0.823276715375641,1.60717063917969,2.29048833489128,1.85014009008842,0.839977805998842,0.427896279168635,1.2459257976318,0.580384499973206,0.697739485113516,1.67569292405892,1.32782804127532,0.834612944704986,1.36462191369833,2.16187829913679
1.29587346374774,0.47590649443805,1.11922559115919,1.35189839867076,2.31069787956426,1.97788487234357,0.780262577097346,0.655773633294984,2.28284681849709,0.710900568446732,1.59062605916756,1.08560836628158,2.69915340869079,1.7791964339292,0.688281738047181,0.905835637159498,0.563428544964609,1.60717063917969,2.17603081384414,1.85014009008842,0.839977805998842,0.427896279168635,1.2459257976318,0.580384499973206,0.697739485113516,1.29161945382657,1.32782804127532,0.834612944704986,1.36462191369833,1.12449780767133
0.438765007678057,0.47590649443805,0.760402950430262,1.35189839867076,1.75836539198326,1.95625160873442,0.436982410102019,0.655773359742625,1.04855375667103,0.710900568446732,1.02088504434573,1.08560836628158,2.50937753035191,0.730762269628485,0.688281738047181,0.905835637159498,0.563428544964609,1.60717063917969,2.17603081384414,0.762653078854555,0.839977805998842,0.427896279168635,1.16807227538061,0.580384499973206,0.697739485113516,1.29161945382657,0.386684144229093,0.834612944704986,1.36462191369833,1.12448423382057
0.438765007678057,0.47590649443805,0.760402950430262,1.35189839867076,0.621376351524532,1.95625160873442,0.436982409945131,0.561703184989938,0.602972832177556,0.485539433851045,1.02088504434573,1.08560836628158,2.03225933045337,0.730762269628485,0.688281738047181,0.905835637159498,0.563428544964609,1.60717063917969,0.845893019899449,0.603625466989797,0.670001993252754,0.427896279168635,1.16807227538061,0.580384499973206,0.697739485113516,1.29161945382657,0.386658804818353,0.834612944704986,1.36462191369833,0.791363026713043
