32234250.0557051,38624651.1484205,977659.065423976,1350038.84986769,15232715.4247672,33777529.1708173,5840464.50973553,10402967.2001608,716569.21669087,2905418.394329,3648135.63706384,14171584.8608956,723439.063443483,2361489.03676381,20190700.4869523,5188360.65359697,2667442.34742069,10587300.98787,11774751.5906893,2368421.69113496,8653337.11270516,915782.076109262,3154872.61086725,1449769.56048494,9315448.48610206,789988.967659205,1593099.14392333,18220889.5196495,1922953.79144113,3585870.08412534
7484204.01968841,5616871.18231248,60215.5071268172,332074.461479528,1454407.57611958,363332.650092098,1617399.79253068,1775624.02722152,716569.21669087,1463885.8042908,1069762.06133225,733430.000626955,619773.56692734,162863.865208741,3526024.7346021,3760522.01155011,1034396.20846066,1641192.655297,5953318.31526955,676547.397874239,623157.155262115,915782.076109262,1690476.5044211,1449769.56048494,167108.36950231,616200.679989675,219717.334696166,3629377.13005866,641298.371649728,674948.304709356
144179.533972568,112578.564204705,50634.4365367017,165497.494838737,543334.673303091,91027.0268799504,1140245.84927549,420358.26900086,601051.897473007,1100212.45003557,696741.361640791,621547.453303363,468919.21927331,104067.392180185,404659.159753841,3041027.79021857,455094.862901163,550217.3688665,1195924.63798694,316365.744503629,393730.983112624,864151.933804731,1084214.29681438,326918.053151633,40184.0929875347,545365.126121237,145506.683433764,423148.223955513,407578.034723839,233467.072714972
110060.567034204,65515.285039324,25224.6864238678,60308.5588177982,327214.417177219,73134.0581249977,586040.743148662,80362.4107047898,329562.61931809,201915.544477191,561019.860334341,318665.085298809,208170.366112556,42134.5151784018,239282.829028112,683337.925634734,247456.797193192,347607.697753556,690078.250364727,200290.355390237,156797.319820902,464910.759579041,512731.344564074,209504.403632388,14077.968822403,287147.82506703,72703.9927704859,217914.227899677,163283.754682393,202269.670017202
26539.8192861326,17941.4411289898,4544.43372699939,11631.7357411935,55110.8457060229,4831.29909463913,80967.4199446536,5272.55719068057,66649.3633936051,12860.1158488411,181530.958015909,38827.5377079685,18663.522712957,7771.2759289769,32544.6887925393,16422.2376804843,21016.5947661626,50583.1793787661,135460.278175396,36218.6678884327,11804.4172011105,78529.6169226496,23595.872164897,35658.7640231398,3661.19235527133,41217.3283892712,15674.9561796899,69267.1445270934,4812.87958889238,26146.9021946132
932.082282379442,2238.44520184072,2230.59029108146,1243.54884681073,1128.15651970524,1932.74078326829,1742.03516111334,1433.35458431959,1322.98821901448,1264.24932188612,1237.42358034791,717.761866573739,1620.54221110376,1344.52047023324,1055.78091721429,1186.51233172313,1625.83252538135,1455.04833635066,2090.73875738913,1309.99252774048,1247.18211659294,863.79330164343,1706.47315112232,1112.22540162279,1615.97214471662,1081.3994653972,1297.00929561445,1559.07056450955,1115.83264462129,1200.96006003376
819.423117016231,1192.04673914041,1230.18599593505,816.464694192142,889.768092422836,992.396663638963,851.945489886092,1166.56797649002,1188.14506929852,550.03277896237,818.363625012827,515.505574327041,941.349901060926,900.758284449851,914.895600715408,904.077131364238,1165.46949877812,477.166600734452,663.994788276239,733.382353292411,826.696459217767,791.246922792858,509.161138920453,762.440637153623,1038.23866832843,637.931835293303,920.573411708361,561.824017193199,801.349876732197,570.57074675272
703.244372545314,986.909055904133,1083.01195637027,635.455016302496,799.000222409761,760.21527820059,633.715414087135,1150.89413470246,1135.96608090944,464.674883063923,600.579873153421,298.836943759609,883.754978095396,627.68061957216,728.701394090091,833.939788880526,957.334704131959,351.483114546493,585.258966827055,491.630387634538,728.50348291006,639.618827791324,432.617871782151,667.327067127314,975.543413926443,488.083148163466,879.570761562504,509.50032467718,756.650052938713,534.383714306664
670.301478942933,978.431910843337,1054.49382091014,613.435041782892,791.858222635658,759.530673648502,590.652412867435,846.994379173216,988.157297840594,464.674883063923,592.62015567479,289.79996807875,883.754978095396,627.68061957216,728.701394090091,797.828143988953,884.460700353298,348.562224998179,580.40855004924,427.389964477033,720.025000693814,639.618827791324,432.617871782151,667.327067127314,721.6227747476,456.710120563581,878.71712636555,509.50032467718,713.117324213541,534.383714306664
633.262659657715,744.870555277373,845.559079594821,463.200958629131,780.427106157555,759.530673648502,590.652412867435,781.962269505318,834.901339619318,464.674883063923,592.62015567479,289.79996807875,883.754978095396,627.68061957216,452.938400158501,797.828143988953,411.085118480989,237.831130442059,580.40855004924,427.389964477033,720.025000693814,607.251005496801,432.617871782151,667.327067127314,409.707019353383,456.710120563581,878.71712636555,509.50032467718,713.117324213541,534.383714306664
525.759855610364,721.657710155992,800.406154328713,413.945146238464,537.73761739797,759.530673648502,542.710404066047,628.790776642157,772.914720952903,464.674883063923,499.393925306787,289.79996807875,880.53569437671,627.68061957216,383.864005524816,797.828143988953,193.111140375029,200.512691011738,548.509170107311,427.389964477033,650.717475010369,590.803250891015,432.617871782151,234.562038083684,402.418529254253,456.710120563581,659.476868509058,509.50032467718,525.546058406665,534.383714306664
525.759855610364,721.657710155992,800.406154328713,413.945146238464,537.73761739797,759.530673648502,542.710404066047,309.208809724214,772.914720952903,351.677400252807,499.393925306787,289.79996807875,523.338834066994,627.68061957216,383.864005524816,797.828143988953,159.035430385224,200.512691011738,548.509170107311,427.389964477033,473.406904713201,590.803250891015,432.617871782151,197.365931483843,402.418529254253,456.710120563581,447.642247449056,509.50032467718,525.546058406665,534.383714306664
525.759855610364,401.994775702789,308.59822009638,268.682365651045,422.252113282817,240.514012557832,436.878363956884,309.208809724214,388.959267130219,351.677400252807,250.33677883651,289.79996807875,226.801503796854,466.998841951759,383.864005524816,199.65830060896,159.035430385224,200.512691011738,252.57263796793,426.064776819446,473.406904713201,507.154669076391,177.410408263029,197.365931483843,168.974670204703,456.710120563581,262.346000915451,297.873059072275,525.546058406665,292.036657874318
266.168515927801,293.931717456203,136.714699709021,142.346792231506,187.081147272726,240.514012557832,294.824643273466,292.664333268503,320.270062688177,318.492080498132,250.33677883651,289.79996807875,130.958908118972,154.177336342363,240.156388279217,199.65830060896,159.035430385224,200.512691011738,252.57263796793,178.206064467197,219.689104752793,345.774655579054,177.410408263029,197.365931483843,168.974670204703,285.033510873663,262.346000915451,266.622147364011,206.158066388668,202.767403157431
