1136.44946707958,1905.00929016729,1409.51434010877,3548.09038643328,3195.21770160084,1983.70955264655,1088.06091476905,5167.98499316768,1795.77438030988,3028.23338605582,1020.82939530705,3737.98136858589,1973.01760181228,2689.41383025412,1768.47914150035,1993.33368609222,3595.44656339614,1959.60112839185,1344.27785778561,9963.27780142208,2281.16675732823,4420.22934754136,897.69874966722,1650.94030133671,2865.22288788351,2476.29718318213,1443.57232924084,2123.44964913142,2488.60614372407,1527.46494019983
615.066341543978,851.559361843425,690.055817770785,2592.2440067078,671.254148326821,664.755092469977,622.544966872678,1251.58423206721,1054.19061280667,600.194914460142,512.42208219391,1097.66416921908,606.105097129955,947.823377503606,854.755585603521,780.612116987374,804.192302656504,990.207468359222,811.10693704371,2877.65551624561,585.638774480512,648.953233444585,534.253830906995,798.569909681615,773.788304938459,976.367984424033,841.849439675088,813.98599859378,581.687290551256,574.219050885299
490.435684036534,678.092645808219,524.442998879799,1735.40187714465,534.36078034882,664.755092469977,515.799757495165,521.372100738911,520.044608272583,510.51847176023,512.42208219391,652.829320607037,508.962926207369,551.465804228887,513.721210030284,583.481194577142,630.050796979482,643.165575726835,572.743982695639,881.169336815437,567.285381209609,540.095168194937,530.192940048092,539.508326621487,474.739519137216,604.150233394103,496.898755453472,593.174205654874,548.578911858158,515.305419007507
467.455896096553,521.427620130864,459.459528334198,625.990632699224,462.660360476535,467.24811083857,486.645678307832,462.40617339744,464.995547775603,484.012530223119,458.734904719238,513.853713216246,464.233887536534,480.813119930943,469.483831610986,465.352162002174,502.930632450305,429.868208746981,462.899756194793,519.75862847653,463.609209234195,462.926003831169,459.761813828212,485.069818186891,457.35762438138,473.914671178587,478.312371836407,460.038714613729,467.997520820214,462.682854757019
446.886074975728,445.913981066496,446.840173832742,461.558751218684,445.207309549808,445.48970771967,447.131558981261,445.055772654485,448.324300226678,449.229943195036,434.990814559436,446.920217641986,403.774510966321,451.259810727188,444.960037829523,417.519417594266,446.334068391353,401.471426795138,445.888971909285,448.588077802938,444.667910943592,444.509259850287,445.939458472186,447.670008066188,445.146896514911,400.552868484457,440.35463921887,449.037061513346,447.973552647051,445.907912875536
445.842265377234,443.635354643939,443.79745097455,444.51165462296,443.469294364429,443.581402917969,443.449268531354,443.618565484422,443.71698336922,443.753153321731,398.532994102996,443.733355145676,397.781381234459,444.087928544504,443.487628234849,398.569272917068,443.820514393545,397.759434278636,443.648079270795,397.794941852786,443.493645611481,443.394075589552,443.493258645093,443.589379145315,443.551446336841,397.757268036083,398.593435971248,443.883498975967,443.866218270577,443.672256337146
445.80546694442,443.365199779165,443.37732687918,443.791527243337,443.400500115286,443.39964807794,443.371505596782,443.389063856976,443.330024101223,443.342662657644,398.033155760777,443.387717221354,397.742871100867,443.364728666998,443.399666244036,398.087180720635,443.391200009311,397.742883251445,443.386953637623,397.74287662965,443.34592080016,443.345913937858,443.405648810508,443.370669845208,443.381143069343,397.742873964195,398.036043828281,443.378764810373,443.388696701215,443.406692786189
445.805466848621,443.365113029819,443.372241171573,443.791527243337,443.400499511314,443.39964735892,443.371504661447,443.389060717222,443.329950233373,443.34227315651,398.032923612352,443.387623174046,397.742869093177,443.356718218183,443.399647361447,398.086740031052,443.387623196845,397.742869093421,443.386941887318,397.742869093348,443.34591291139,443.345912911368,443.405647880419,443.37062551296,443.38109906026,397.7428690931,398.032923735657,443.378361925917,443.383998023032,443.406673142467
444.717344550782,443.365113028671,443.372240959481,443.791527243337,400.787596869683,399.546494476336,408.835441314425,443.389060717222,443.329950233334,443.342273155512,398.032923608864,443.387623173308,397.742869092923,443.35671796823,443.399647358907,398.086740029658,443.387623173307,397.742869093035,443.38694188727,397.742869092923,443.34591291139,443.345912911368,443.405647880419,443.370625510929,443.381099057497,397.742869092924,398.032923608866,443.378361908203,443.383998005847,443.406673142467
443.413389097844,442.578456596172,443.372240959481,443.791527243337,398.010059019138,398.009326970824,398.080547758529,400.30918312754,414.381973891743,443.342273155512,398.032923608864,443.387623173308,397.742869092923,443.35671796823,443.399647358907,398.086740029658,443.387623173307,397.742869093035,423.479893250326,397.742869092923,407.382003492931,401.301643627254,400.240440733904,443.370625510929,443.381099057497,397.742869092924,398.032923608866,443.378361908203,443.383998005847,443.406673142467
443.380657334752,442.578456596172,443.372240959481,443.791527243337,398.008989334033,398.008989334034,398.032923610253,397.742878262322,397.742877115644,443.342273155512,398.032923608864,443.387623173308,397.742869092923,443.35671796823,443.399647358907,398.086740029658,443.387623173307,397.742869093035,397.742885816708,397.742869092923,397.74288001159,397.74288328507,398.00922185272,443.370625510929,443.381099057497,397.742869092924,398.032923608866,443.378361908203,443.383998005847,398.393204908588
443.380657329805,442.578456596172,300.0281067518,398.504854929425,398.00898933403,398.00898933403,398.032923608912,397.742869092921,397.742869092922,397.742889411506,398.032923608864,421.083047102384,397.742869092923,443.35671796823,443.399647358907,398.086740029658,443.387623173307,397.742869093035,397.742869092921,397.742869092923,397.742869092922,397.742869092921,398.008989334031,443.370625510929,443.381099057497,397.742869092924,398.032923608866,443.378361908203,443.383998005847,398.008989334816
443.380657329805,442.578456596172,300.000002777209,398.008989383307,397.755715997596,397.759017443123,398.032923608912,397.742869092921,397.742869092922,397.742869092921,398.032923608864,398.011211239554,397.742869092923,443.35671796823,443.399647358907,397.742869671158,443.387623173307,397.742869093035,397.742869092921,397.742869092923,397.742869092922,397.742869092921,398.00898933403,443.370625510929,443.381099057497,397.742869092924,398.032923608866,443.378361908203,397.742874600988,398.00898933403
440.362513699692,398.313742256237,300.000002777209,398.00898933403,397.742869092921,397.742869092921,398.032923608912,397.742869092921,397.742869092922,397.742869092921,397.751456366061,398.00898933403,397.742869092923,397.795678951861,443.399647358907,397.742869092921,397.748808293695,397.742869093035,397.742869092921,397.742869092923,397.742869092922,397.742869092921,398.00898933403,443.370625510929,443.381099057497,100.144482743627,398.032923608866,443.378361908203,397.742869092921,397.742869093069
