17329154.1745843,3652881.12276418,52177467.0144452,2044534.24005985,147440.25348385,182522871.512925,1415392.83170802,1485020.05654771,7893907.05249049,27092035.821216,8793194.39343835,9592116.15312075,63774811.020728,5774713.93761052,7928967.15773682,1949928.56917172,3753516.59173278,9986384.44381402,2467295.61998802,36711900.2314645,32580048.0113486,9005558.05729943,82090161.6510186,24631404.8740782,4915285.09190051,1662995.31579973,1385833.47610409,10174038.7324206,278091980.962679,88870.9305588373
3050602.85886309,134956.99523533,1750593.39032976,80516.3246635804,4217.53701637097,15640588.0543717,238967.957091909,8829.97763213838,441603.003366755,10400557.9806723,529781.291582538,101465.204549025,5670264.46498491,203107.947208084,1530957.84251304,122657.131598662,677678.525364166,704955.072145255,336941.850088093,2213788.73504565,2710699.04944365,681696.297311511,11371193.5622469,1067373.50732524,199046.5650393,81726.966267335,171310.314862243,1542201.45066699,18074365.785621,1114.99835555405
1125227.10220218,2200.17802292762,47752.1812003501,960.234927337812,1775.61679973464,737589.217511467,38441.6556244025,1542.4862861243,36478.3037567108,934597.986111803,9578.43289083797,8911.96695421533,1874312.73806921,7011.46360061453,92301.6121714331,11883.3122798778,36661.8493120134,51256.3764201464,26993.2540397507,56017.042929521,133254.478387981,37136.3295863839,317071.040765279,31317.4718915733,27955.2074066545,9117.16879235398,58049.7346506877,434568.01974455,970823.378320416,112.869214665572
7539.70067649173,244.665975413634,956.07627131615,62.7668366646205,128.050350692069,13735.6398506302,76.2902733272435,29.2407948350849,995.787126937883,5257.77612200166,1570.90922317999,143.958197159962,315303.086573763,967.64412544031,627.527785387773,1937.42704840064,1006.09310130482,572.6997465437,2202.92492589026,16695.8934301782,1635.04996494142,4035.845707695,17290.3551935558,4295.00406860045,2354.17432438921,727.622841148664,2482.3863801871,1300.38959115989,11046.6501154685,19.1461363560461
28.9272752952224,11.9468608205325,13.1959303508361,11.1757654473158,11.0471698652598,30.4835036864167,11.9329850121585,10.9906930079487,20.912082435796,36.3693280072966,14.5090513050754,12.0173629008787,66.0712463912976,14.2748241455779,19.6287136940746,19.8564386105854,11.6606629631917,17.2902851399181,17.5037035929379,32.621102864204,16.2138569969745,31.2786819473993,31.7703409241014,17.6338398162789,16.1254537511436,12.4744917438818,20.2591505012474,26.7266787644803,18.6361184423779,10.5324802889045
12.3295609636914,9.59387849161772,8.21512805034422,5.15937651053696,7.42035948224293,10.4925425125618,8.27670642459839,6.30270547965802,8.9154608207125,8.58332949808982,8.79676079641899,6.44381674805618,10.4631063607285,11.1392574704464,10.3457857001779,8.95416737129335,10.2398713771415,9.98601770526761,9.89243629473776,9.24602865987708,10.7182568615872,9.02860600720533,8.76135258282557,8.7809846329335,10.4323190953562,7.45983539485633,8.95109277436518,11.2283241679932,9.84665811234504,4.06745330645094
8.35662787403135,9.59387849161772,3.11432958645332,2.28750658998956,2.19208760966012,10.4925425125618,1.76417017966219,1.88148352066992,8.86617329509636,8.58332949808982,8.79676079641899,3.29922448689967,7.25672311448307,8.52168612370042,10.3457857001779,8.40337094427514,3.6997223127164,9.98601770526761,9.89243629473776,8.84389417731222,8.50606599125194,5.6286460063186,8.76135258282557,8.7809846329335,10.4323190953562,2.70343098009903,8.95109277436518,9.1066472257769,9.84665811234504,2.12098966307508
8.35662787403135,9.59387849161772,2.87887612218287,2.09478282958594,1.92345086199816,10.4925425125618,1.36103183147452,1.69018364986823,8.86617329509636,8.58332949808982,8.79676079641899,2.47189165397708,7.25672311448307,8.52168612370042,10.3457857001779,8.40337094427514,2.46728087344513,9.98601770526761,9.89243629473776,8.84389417731222,8.50606599125194,4.33669597874859,8.76135258282557,8.7809846329335,10.4323190953562,2.53318571882187,8.95109277436518,9.1066472257769,9.84665811234504,2.02590575591375
8.35662787403135,7.35596553347568,2.87781281393995,2.09310134746443,1.91905118143291,10.4925425125618,1.35825065791119,1.68193980562137,8.86617329509636,8.58332949808982,8.29054841411039,2.4663108483594,7.25672311448307,8.52168612370042,10.3457857001779,8.40337094427514,2.45984811767835,9.98601770526761,9.89243629473776,8.84389417731222,8.50606599125194,4.33669597874859,8.76135258282557,8.7809846329335,10.4323190953562,2.53199408781416,8.95109277436518,9.1066472257769,9.84665811234504,2.02009222391848
8.35662787403135,4.51944522849044,2.8778127621581,2.09310082871752,1.91904790933722,10.4925425125618,1.3582493030774,1.68193779123817,8.86617329509636,8.58332949808982,7.63256266722078,2.46630506006068,7.25672311448307,8.52168612370042,10.3457857001779,8.40337094427514,2.45984637345077,9.98601770526761,9.89243629473776,8.84389417731222,8.50606599125194,4.33669597874859,8.76135258282557,8.7809846329335,10.4323190953562,2.53199382996763,8.95109277436518,9.1066472257769,9.84665811234504,2.0200919154413
8.35662787403135,3.04750509603355,2.8778127621581,2.09310082871752,1.91904790933722,9.58115052259495,1.3582493030774,1.68193779123817,8.86617329509636,8.58332949808982,4.30688118292846,2.46630506006068,7.25672311448307,8.52168612370042,8.07955642472075,8.40337094427514,2.45984637343577,7.23297407708014,9.89243629473776,8.84389417731222,8.50606599125194,4.33669597874859,8.49840001080042,8.7809846329335,8.34817143900977,2.53199382996763,8.95109277436518,9.1066472257769,9.84665811234504,2.0200919154413
8.35662787403135,1.60623825464518,2.8778127621581,2.09310082871752,1.91904790933722,6.54377740413929,1.3582493030774,1.68193779123817,8.86617329509636,8.58332949808982,3.1729536753196,2.46630506006068,7.25672311448307,8.52168612370042,5.71305052411321,7.70891582028958,2.45984637343577,3.27459009714335,7.07310876739052,8.84389417731222,8.50606599125194,4.33669597874859,6.5405680323986,7.51624836515907,6.92679685872781,2.53199382996763,8.95109277436518,9.1066472257769,7.82518461776635,2.0200919154413
8.35662787403135,1.4565214618583,2.8778127621581,2.09310082871752,1.91904790933722,5.635959837673,1.3582493030774,1.68193779123817,6.77702012340774,8.58332949808982,1.96291629837401,2.46630506006068,7.25672311448307,8.52168612370042,5.71305052411321,7.70891582028958,2.45984637343577,2.67925842830982,4.92732103637718,8.84389417731222,8.50606599125194,4.33669597874859,6.5405680323986,5.79596376790005,6.92679685872781,2.53199382996763,8.95109277436518,7.50518700764133,6.27149004540638,2.0200919154413
8.35662787403135,1.45609983579993,2.8778127621581,2.09310082871752,1.91904790933722,0.986192609790805,1.3582493030774,1.68193779123817,6.77702012340774,8.58332949808982,1.96291629837401,2.46630506006068,7.25672311448307,6.55566370481347,5.71305052411321,7.70891582028958,2.45984637343577,2.67925842830982,1.69538293563596,8.84389417731222,8.50606599125194,4.33669597874859,6.5405680323986,5.79596376790005,6.92679685872781,2.53199382996763,8.95109277436518,6.02378881984919,6.27149004540638,2.0200919154413
