1769.47417482329,1375.16726466584,1800.85738354907,2737.27936825762,1499.99230503695,1223.80271821705,591.826068951029,1102.91627849616,1088.54302335939,1369.39076165303,1189.13210638145,1107.84269865356,1053.87660076863,1029.01716430421,1634.71165914846,2434.08809151762,1060.55162109203,1836.85494442007,1148.78118084999,2155.97938403267,1391.9502787399,2814.9864894665,1006.72932517636,622.911536915624,740.611244865169,967.400920642576,536.085573441719,1965.97418892832,1151.175321713,589.668695021315
1769.47417482329,1375.16726466584,1800.85738354907,2737.27936825762,1499.99230503695,1223.80271821705,591.826068951029,1102.91627849616,1088.54302335939,1369.39076165303,1189.13210638145,1107.84269865356,1053.87660076863,1029.01716430421,1634.71165914846,2434.08809151762,1060.55162109203,1836.85494442007,1148.78118084999,2155.97938403267,1391.9502787399,2814.9864894665,1006.72932517636,622.911536915624,740.611244865169,967.400920642576,536.085573441719,1965.97418892832,1151.175321713,589.668695021315
1581.70877288171,1375.16726466584,1630.19180286992,2578.8419214888,1499.99230503695,1223.80271821705,591.826068951029,961.870990631615,885.705885251978,1190.57798660356,910.881884338657,1070.34729221689,1053.87660076863,930.746465193911,1634.71165914846,2434.08809151762,1006.10522704672,1720.1281517194,1148.78118084999,1866.27702923089,1391.9502787399,2556.22360562126,943.796742136734,622.911536915624,690.743513412392,864.128415015844,518.458326567064,1965.97418892832,1012.08721330814,585.694550290263
1581.70877288171,1265.03082796728,1376.43153986103,2578.8419214888,1075.44273106942,1223.80271821705,591.826068951029,961.870990631615,885.705885251978,1190.57798660356,910.881884338657,1070.34729221689,996.315581121648,930.746465193911,1490.63169394083,2434.08809151762,1006.10522704672,1720.1281517194,1130.86977787055,1866.27702923089,1064.12774939529,2556.22360562126,943.796742136734,622.911536915624,690.743513412392,864.128415015844,518.458326567064,1774.46712700416,1012.08721330814,508.800256657967
1383.49706510884,1091.60697851846,1259.79611786094,2069.36563285194,773.523524984423,1039.60826136167,517.975206243269,814.905223571574,718.80179030976,977.618429707741,733.828978222323,940.216359219131,897.231270144453,748.758683371357,1047.91153669375,2072.6157964776,950.495759019377,1279.32793870638,1000.76126147306,1166.03006380834,934.728042297375,2088.47189452867,755.930657189212,595.117524949425,675.049807894528,803.752778470464,513.485413316244,1494.32364875809,776.199743441246,508.588631576864
977.639714989289,853.553580865887,741.12365521588,1347.15407025664,712.704694559524,893.616526647795,517.975206243269,629.583994186444,513.314185578745,691.196063757299,650.64976889073,777.824902561376,779.443504169652,668.71747070959,886.025468428566,1527.08915228478,574.165566162806,909.336818124844,869.824496282715,791.3006711982,601.775306855331,1484.28379382793,609.901844572532,570.245179016129,662.14880560457,668.425516429299,475.024334950437,1178.26607342993,651.632893883073,444.763785314522
656.490930937797,640.511787861325,596.431778642041,989.292656478381,239.698224115698,791.696036924834,472.374389325838,494.686132232315,389.470180991359,602.291864505424,591.184266884718,556.772639728008,528.514703269302,526.166085993672,294.959754922801,1028.13924308954,531.630014867916,802.169196213716,611.63826336565,368.369135517348,416.603402225302,1017.1804152695,524.751374134898,537.604031967526,608.519696624601,441.383840346165,462.742139923557,456.30165507827,494.614744135361,444.763785314522
316.35387503187,573.84919098895,406.011678147197,287.879371100527,228.741376773293,562.665252379304,440.808596995851,406.693276344114,208.08249855927,480.6918381542,449.420407261972,521.29569621044,440.110003652091,460.537876191913,237.035029913431,637.860873367797,439.683489910671,619.354362338837,454.186999629848,362.842538442118,257.081050222088,684.879397387199,443.127790363114,463.326259441969,453.454026840922,430.967615972826,441.316645047793,387.599500628178,432.634033918381,406.616951368881
271.481145964445,439.10282773961,381.681920513181,267.38877701135,174.90828033508,483.561916429752,411.297747007217,383.967085097937,162.957211544168,424.328806143666,409.970902703061,429.081316677249,402.127394849963,410.981047591671,174.702480985351,417.960659665663,413.998135765292,487.63749814206,454.186999629848,234.900036451014,257.081050222088,389.156637196008,404.742515167743,432.557095807022,412.792955822686,388.895438026253,412.389310441797,258.599941977834,401.475603813715,399.600568012672
155.256438155911,385.027221250581,381.681920513181,213.486002481609,134.626820786138,429.61229360427,365.452741662439,370.659238313247,136.683934817311,373.271423586024,374.796818005114,402.661291640889,386.534385549007,384.35628077735,137.992247706493,384.796421088608,406.893323803593,393.414900667246,425.761564557364,212.046995396461,219.292341893258,380.677739511278,365.786593203915,389.124753911368,395.92440128047,376.844526791038,391.43576600816,172.827412168675,381.503066713353,366.761309996915
115.890603001864,380.717020819048,345.308565444358,204.853307640236,107.753786075545,392.735714035009,365.452741662439,366.455380820842,108.013713472923,373.271423586024,371.175083428574,373.188567524477,356.3602996063,376.400249029319,114.687258279595,369.706022717789,379.282526858685,379.83372472015,379.336876544856,204.84619376224,208.949079277829,361.558873361029,355.647320458226,368.435397393444,359.815669140272,344.043173951465,366.086435297198,106.888368048816,368.081637499005,361.871949957255
101.284021507323,365.471288861459,341.309827841524,200.577342296276,100.599268922201,363.104098337942,333.634228806549,339.691853334021,100.620103221916,373.271423586024,338.886403617352,327.227266361506,356.3602996063,331.475900531346,100.471252313426,362.56178307041,353.053273960542,335.826109852603,338.257287206836,200.022882272125,203.408899902809,330.878843071085,337.052471312779,338.17309139781,340.554318659914,335.538273064827,324.912447376932,100.734751367952,354.862921157217,338.03312612794
100.011050070649,365.471288861459,341.308573222059,200.00025710298,100.006571265476,329.555210937597,333.548986785398,327.921116904492,100.010662413006,373.271423586024,338.736796456829,326.735154893165,356.3602996063,328.589459231534,100.005484643705,328.649079952893,329.738261761256,332.350354711494,328.594027685428,200.000022882356,200.001611248754,328.588583274159,336.999096190769,329.546300603351,324.147591861582,335.456663993995,324.143206017151,100.009002213259,335.648864618865,329.843035201422
100.000001481409,334.696264914265,103.853227519366,200.000000033245,100.000005516514,329.544320820246,333.548986390194,327.919976770089,100.000003259385,338.154289585989,338.73677153791,326.735143885172,100.095602133346,328.588540025302,100.000003459574,328.588540030665,329.73679377402,332.350323246869,328.588540025583,200.000000026048,200.000000380469,328.588540025048,336.999096021226,329.544320820647,324.143169385939,335.456655657585,324.143169384281,100.000005795698,335.648504632758,212.340013949955
100.000000166233,328.58854002506,100.000000447778,200.000000019855,100.000000213322,329.544320819035,100.000073122531,327.919976769825,100.000000198853,200.022956524772,338.73677153791,100.053544554242,100.000000145532,328.588540025045,100.000000153133,328.588540025047,329.736793773721,332.350323246869,328.58854002514,100.000069086575,200.000000039766,328.588540025045,100.000090612599,329.544320819041,324.143169384268,335.456655657585,324.143169384281,100.000000248646,101.887351490263,200.000000314158
100.000000166233,328.588540025053,100.000000165551,100.000000175598,100.000000213322,329.544320819035,100.000000199613,327.919976769825,100.000000198853,200.000000026215,200.000000020314,100.000000169855,100.000000145532,328.588540025045,100.000000153133,328.588540025047,100.000000153891,100.299105037364,328.58854002514,100.000000160472,200.000000039766,100.000000149484,100.000000189984,329.544320819041,324.143169384268,200.000000027476,100.000000102511,100.000000248646,100.000000130812,200.000000025553
