90919763912.0857,85605737692.6124,37200528075.9728,39565774544.6962,86367150619.5129,25567284644.0032,64332430287.1822,14920554737.6341,44585799114.3314,72841883000.6942,75170317291.2593,53002363422.9167,67867971601.2996,60997534011.6889,138817020094.529,29236148817.4494,53462902193.2257,65159446136.5286,86749638885.6774,54299921755.1735,38921065291.1897,82341926581.7396,53050659303.2935,39048963377.3769,71581803482.5663,72978694794.1905,65749878850.6111,38619298230.9602,62002899960.3919,49116768114.4124
85211701089.906,77917014946.7134,32751020498.191,32707132036.1624,80259824537.6039,22366999093.5061,60055309323.2944,12387994524.9259,36563798953.6133,65831692888.4458,66935456379.2053,42147140704.3565,64900295501.6843,57185018615.1095,127988818212.116,23653306604.6252,43325866981.8558,56789884242.6974,83235870115.3986,53024204897.2708,33112902720.4941,78669058425.0528,48765263892.6322,34721675125.7018,67353233570.5133,63504725482.5877,62352525604.4314,36924766255.6538,59267621237.1255,38011644701.8294
77951084081.5882,63481268471.4777,27935583024.6956,24874389870.1694,61607501719.1835,20170769224.4382,47812765058.0419,9775614661.01924,30476327755.4526,52873645031.0418,60092179343.3188,26776200104.9458,59578118834.0362,50152364679.2457,112950639417.581,22698599443.9809,37831501579.8323,47099565573.4125,69808156011.7415,40772550636.6346,26883464682.7113,64916407143.5946,40807824349.3234,31810158208.1287,60023168820.0076,54229386277.7757,51548101131.1478,30239099759.2522,54077796636.3757,29970134778.0088
63441970318.0495,54575922435.0634,21830969780.3882,21379607217.1098,41800397305.0816,14393640865.514,32638177028.4215,8356267672.74219,18662600131.242,39681798287.32,48307394718.3495,17689701420.2312,51636532814.7953,40171097111.547,92793727284.6651,17365132189.1985,33975733290.1447,33335416255.7206,50007833717.061,32766132171.7813,19503883287.3071,42788263377.5741,28292326754.2597,24792598805.715,48109292541.7759,36398650460.7995,37334211390.7342,21878988612.2763,45540184187.6538,16473261594.9769
41180917110.6369,26254023208.3315,7198884341.7132,13060853720.8478,23097954859.8677,6334845939.64549,17834008338.3454,5032505817.5343,9531599240.1996,17888064228.7857,31455575552.7634,3451620778.80627,25735622821.6485,18839493031.9004,52299216950.7085,10660540329.2461,20871491412.8568,18317049616.4887,31804295946.9796,17604967464.0079,9317568738.11316,31146301358.3614,13756635287.8485,12468743298.6065,27466844922.5503,23857345146.7133,25045632832.6435,12970524278.3152,27540764948.915,10248788775.5172
13669772333.985,12238232893.1595,1308715280.80755,4940420585.05903,5149754086.62789,2169190515.89672,7573132366.60332,5032505817.5343,5368726203.17253,4752218560.8587,16276086282.3424,2945566361.15221,13463287530.1647,4406366805.92775,19912239691.9369,2756188945.14845,8758312863.73171,9769903153.26825,12233390546.8788,9272302356.39062,1672247606.45541,9052285434.74327,3399899143.68052,3698232642.35739,10259781853.9254,8193370149.15746,4229966327.58082,3339154197.2976,8887701766.04249,3179367495.38679
3113309077.77676,1288074489.1576,463161405.994835,324798936.113493,1167379016.20135,1227547198.00692,2219909411.33687,1693698712.95705,2952123993.19739,1615596455.48149,1853469655.52657,959852577.68654,2359386205.69264,1850949410.02438,8238339398.85384,2381580805.91765,3121018612.32387,1889835245.64319,1543411059.23198,908838758.671992,988790431.36054,1883592253.30409,1794376449.10558,2237652525.65697,3905688708.10551,2213880676.96619,2523582285.04649,958103715.916313,1509919639.87812,1659201970.68274
259193624.094057,728113963.379991,165032465.874779,324798936.113493,303884765.784516,311562003.585024,614101170.349612,349469815.775428,375362162.779468,436753572.788955,643426257.819446,214051253.305176,322993219.672781,773398875.248107,1917967690.21448,511036271.207087,889883436.850127,969121111.457319,405797656.941646,354223707.923063,139924373.018769,773421891.992889,370730137.342803,584354384.098484,769419207.473604,437014031.11943,550148503.311936,201529566.339937,543455817.327516,363013045.438815
16778889.4282359,25424806.6105724,15026887.9124903,21951599.558396,41899624.6809447,16667119.4080121,80810857.2340918,18246879.637872,100371569.397268,44063846.6380425,49483532.1970595,6722230.95329731,18853664.8101586,15322414.6067528,129153815.65029,21113335.0185328,26531848.4720715,138313476.267598,26988071.4621426,23247309.9287944,3768210.17246785,21511043.1509037,9594348.50966301,9055843.34886236,32416936.3001439,14492492.3890491,24373742.3607099,19524931.4072975,15631452.7764552,18055594.1002821
56265.4385835964,150773.262872564,89273.6872695571,142492.586398496,841187.762929606,147582.877109758,445409.371170852,79591.9913875373,344951.724575765,340632.276848572,610740.259163029,59725.9876286882,70872.9365804856,113905.172202779,1646722.74794196,667914.460898789,301100.874260719,873094.175644783,139250.428000741,90565.144036838,68274.6066659815,180038.597087186,104267.038371067,192617.992114282,139116.45886085,275963.353941181,148435.109941516,116857.892979538,163550.548152137,280009.627248531
1421.90242606311,487.920616963542,498.171062880828,124.813655057506,1211.14453203745,487.808318593667,2112.5405717431,1134.92611350223,131.564597516261,103.028345921218,729.935627507845,4270.81272731372,79.9404850292879,110.354740891252,3168.1274598735,2445.46132086455,1009.85003414404,763.767779228613,719.935988981259,2086.31164320334,2044.02187522036,1911.95916214398,203.576867454769,3066.32339525759,1052.90946964796,403.916389050984,2506.97309422673,203.83495588399,289.745980406422,825.582843604559
1345.02433478111,194.507005576307,421.389550769099,77.5268223947397,999.239487108839,357.04312505637,1536.04529242273,995.443522517689,7.47489804292108,0.668288003835713,445.557286925407,3469.5172948917,64.685022728826,56.5931728310152,2575.79357858843,1934.81222127921,874.659498243666,135.801272360614,521.400634523525,1338.10972880742,1807.09477659103,1572.51985828229,142.900387609858,2708.81798501401,911.409280204898,170.821026088759,2183.7775080309,57.6760161923492,241.054813457346,716.809387626915
4.65271859440008e-05,6.714447891909e-06,1.5652144028877e-05,1.20561317373813e-06,0.000262694116841544,2.27136192449962e-05,3.71871380906441e-05,0.000131176131688449,6.87127215002192e-05,7.14011036961892e-07,9.11126134894857e-06,6.79109050594207e-05,8.46491158768004e-06,4.50371730664756e-06,0.00195469467462317,0.000581685128935305,6.82568480812051e-05,7.66385284407534e-05,7.77466081558487e-06,4.89609834772864e-05,9.75329598276176e-05,0.000180230065822684,3.46462022093874e-06,8.95712551454153e-05,3.05480537576841e-05,2.16095104121905e-06,0.000300235325084941,3.94751036054686e-05,1.24846243920729e-05,0.000195168080367125
1.13321476646888e-08,1.88877891105221e-08,2.33399077842478e-08,2.81694809700639e-08,2.34230128626223e-08,8.5383788928084e-09,1.39574893864847e-08,3.60544447630673e-08,1.54348782643865e-08,8.97939855803997e-09,1.3737320614382e-08,2.9640219167959e-08,1.19941319098871e-08,1.75152763404185e-08,8.01877320100175e-09,8.26202040116186e-09,9.60476143063715e-09,1.00229442523414e-08,8.14546297078778e-09,2.59073829056433e-08,2.3135015680964e-08,8.09541234048083e-09,2.62253081473318e-08,3.33123466589313e-08,2.67653348373642e-08,1.20763132827051e-08,7.09687242306245e-09,1.1060294013987e-08,1.49199195220717e-08,2.18931148765478e-08
1.13321476646888e-08,1.88877891105221e-08,1.04612922768865e-08,1.42619853704673e-08,8.38038261008478e-09,8.5383788928084e-09,7.48210027268215e-09,2.63852655280061e-08,7.43473549391638e-09,8.97939855803997e-09,6.33141894468281e-09,8.83356676695257e-09,7.98546295754932e-09,1.61328728154331e-08,7.35958849418239e-09,8.26202040116186e-09,9.60476143063715e-09,1.00229442523414e-08,8.14546297078778e-09,8.6088647321958e-09,1.26719754689475e-08,8.09541234048083e-09,1.86405628710418e-08,4.63292337826715e-09,1.02419903669215e-08,1.20763132827051e-08,7.09687242306245e-09,1.1060294013987e-08,1.49199195220717e-08,7.92671528415667e-09
4.72572025955742e-09,6.48753939458402e-09,5.34852517830586e-09,6.70951294523547e-09,8.38038261008478e-09,8.5383788928084e-09,6.32863361715863e-09,6.71077771130513e-09,4.87547424654622e-09,5.42611644505087e-09,2.54668464094721e-09,3.54630458332394e-09,4.18907575294725e-09,4.77892569961114e-09,6.5313656705257e-09,4.77653827601898e-09,3.83374754164834e-09,3.58677709755284e-09,8.14546297078778e-09,6.12102724062424e-09,5.36407185336429e-09,2.18470574964158e-09,4.47165859895904e-09,4.4626489170696e-09,3.29099236751063e-09,4.94746643653343e-09,5.17314902026556e-09,3.07001357668923e-09,6.10629058428458e-09,3.32164518113132e-09
