3560.31834964452,2899.87824894386,2818.8519538273,3019.50114391092,2708.68391529023,3299.15085951308,3239.70048427103,2605.05970232364,2855.42809684937,3061.30559269841,3117.4105858976,3502.34494707198,2545.25148852531,2460.38781028667,3430.50617956609,3083.45392000911,2837.13911655944,2389.06299512816,2481.43570649288,2319.79416506418,2526.64332696324,3092.6555328641,2457.95205929266,3385.25963318723,3586.54727389356,3162.70268522286,3553.07292271681,3084.24922517175,2430.55054808067,3044.85388862141
2600.06360541458,2899.87824894386,2271.38555714641,3019.50114391092,2691.48648804809,2849.49473443251,2913.74762058695,2569.93308084882,2855.42809684937,3061.30559269841,2886.92530274104,3478.10351868272,2545.25148852531,2460.38781028667,3430.50617956609,2465.99793987422,2247.711274583,2389.06299512816,2247.50177888576,2250.70083172364,2526.64332696324,2574.32974672644,2405.35501906174,3235.78925457303,3272.4212473546,2974.14123717572,3223.10686846178,2951.75263641339,2205.45245279962,2671.0232081817
2600.06360541458,2608.72161124602,2271.38555714641,3019.50114391092,2691.48648804809,2849.49473443251,2913.74762058695,2569.93308084882,2855.42809684937,3061.30559269841,2886.92530274104,3153.99573141692,2545.25148852531,2460.38781028667,3430.50617956609,2465.99793987422,2247.711274583,2389.06299512816,2247.50177888576,2250.70083172364,2526.64332696324,2574.32974672644,2405.35501906174,3235.78925457303,3272.4212473546,2329.31689495075,3223.10686846178,2951.75263641339,2205.45245279962,2671.0232081817
2600.06360541458,2608.72161124602,2271.38555714641,2962.69173928057,2660.8376459408,2684.97531414845,2913.74762058695,2569.93308084882,2855.42809684937,3061.30559269841,2886.92530274104,3153.99573141692,2545.25148852531,2062.25629790923,3328.38235150446,2424.73036210597,2247.711274583,2389.06299512816,2221.87653955114,1763.9634270413,2526.64332696324,2286.81648774582,1203.06465984955,2918.73151673825,3170.13815485042,2329.31689495075,2567.83691557478,2343.34325915958,2205.45245279962,2671.0232081817
2600.06360541458,2608.72161124602,2124.53535471051,2380.10487500503,2660.8376459408,2361.59476584224,2651.52770773817,2569.93308084882,2769.65642801402,2907.31808718574,2704.21107427233,2772.45521475111,2545.25148852531,2062.25629790923,3328.38235150446,2424.73036210597,1758.30644270879,2242.82602758109,1910.23985384731,1763.9634270413,2032.08515217096,2286.81648774582,1203.06465984955,2779.3072531407,2885.77159269036,1901.3743025842,2139.12936729563,2292.80815761213,2205.45245279962,2153.2637827392
2511.85947572176,2608.72161124602,2124.53535471051,2380.10487500503,2660.8376459408,2361.59476584224,2227.40695320693,2506.8695413955,2503.26003984428,2753.93700364647,2667.06061732869,2640.73652788026,2545.25148852531,2039.54629584718,3136.79211659109,2394.91286193359,1657.58507090565,2242.82602758109,1836.2035643693,1763.9634270413,2032.08515217096,2286.81648774582,1203.06465984955,2597.85119647384,2329.15226878778,1901.3743025842,2139.12936729563,2134.87404307148,2205.45245279962,2019.93187906997
2279.87389108736,2541.1997321363,2124.53535471051,1909.28395528903,2389.05654854394,2189.60998619404,1969.33602097731,2446.45154848944,2503.26003984428,2753.93700364647,2627.63296530593,2640.73652788026,2041.16985189404,1773.94966593225,2772.42774853908,2220.69503296436,1201.95171904954,1939.23160173134,1274.78004497038,1619.81292128392,2032.08515217096,2286.81648774582,1144.65512482215,2391.83983742077,2329.15226878778,1901.3743025842,2139.12936729563,2134.87404307148,1675.06101845016,2019.93187906997
1798.89007025129,2029.46476153227,2037.83429128765,1909.28395528903,1472.15076498891,2189.60998619404,1661.69301144822,2023.70294455061,2349.15428881637,2742.77714227552,2359.49620615351,1740.67885353121,2041.16985189404,1291.89109274602,2591.67953743752,2034.00377265424,802.569934764788,1601.41213379489,1109.12737379131,1005.8111621893,2032.08515217096,2197.78740977826,1144.65512482215,2056.70883236516,2019.42715032808,1901.3743025842,2139.12936729563,1798.15523974742,1398.64600982975,2013.80200543093
1493.01497435841,1617.07711484634,1342.57278149454,1729.97353620389,1030.86241959489,2081.87088128598,1067.05919711876,1611.69624625442,1929.69889498869,2425.45103560818,1847.45156826118,1683.49606959746,1353.33897627318,897.695034639969,2044.1696728095,2004.09690828476,656.642881670233,1499.07022945139,657.200167362386,946.502752828254,1365.51772155525,1574.51652065671,966.740086063497,1359.90971509686,1061.74512642956,1192.52401055519,1459.89569348011,1435.86969273056,762.113257103008,1711.43496236251
1341.81961717314,1422.27212537178,538.489838914332,741.045736733351,726.851760605234,1169.11801766807,1017.19890235272,984.143811416889,1117.72922095648,2372.92239490862,1638.97272188323,1683.49606959746,1015.72531552452,820.11752992968,1855.41737303057,1612.39559402696,647.359576981501,1468.82029937259,484.646544008043,834.459171899329,825.499915184167,1343.94457804353,788.714633555613,1182.99781230144,790.550398062549,778.595782667586,1068.61830388305,1401.15306066362,496.376897669199,1051.80108353558
1339.01305448154,1415.12174910273,383.408213921093,389.098662206753,619.918503449584,775.791351260066,1016.78549002888,960.022105446508,1025.26669180721,2371.1901779719,1627.88005263427,427.225833776393,1010.45942133709,815.755435988224,724.32042085969,703.859276743423,647.194278436184,1468.61438135762,479.287750659466,825.69891915727,815.130510523263,460.501137807109,781.824015753422,1177.56536791314,784.094597568166,309.795140333683,805.734311731906,1400.61985542553,487.761239054543,916.81680615375
1339.01049056304,1412.45813805269,382.783796243555,367.339442162678,619.048774682534,774.780918209363,1016.78511055778,959.814820540047,1025.18035918357,2371.18776762955,1627.87382339153,375.23739282237,1010.45107536845,814.957631528781,230.287631646723,698.224196640024,647.194227971373,1468.61429020827,479.279429639548,825.688490926392,815.122457972575,302.885118881145,781.821940606103,1177.5615764737,784.071682601755,271.239274301766,803.650583530831,1400.61951440529,487.748114349388,915.545437222105
1268.13794158883,1412.43218857864,382.783790336724,367.339346667436,619.048767832026,774.780904683062,688.280753186034,959.81312270738,1025.18035804807,884.351497929012,1207.85653349552,375.236456959809,1010.45107504567,814.953034393681,230.033749032575,698.224087599164,647.194227969689,774.20775432401,479.279429581253,825.688490841933,800.725574666041,302.87418069302,781.821940599365,664.986611701157,784.071682467079,271.070901840255,803.650544514037,527.370309666867,487.748114292989,915.545414811696
1267.66158735116,1412.43215991034,382.783790336724,367.339346667436,619.048767832026,774.780904683062,670.673667275927,430.117026669112,497.869618852195,740.805329856698,837.965285889991,346.275275036071,1010.45107504567,698.050416927025,230.03374902934,354.564930358997,436.369637874986,507.343621316239,256.128618910845,825.688490841933,451.633473619634,302.87418069294,781.821940599365,385.298119026206,784.071682467079,271.070429648581,434.052242062135,512.127686191469,487.748114292989,915.545414811696
377.263124844854,503.928660628716,382.783790336724,367.339346667436,562.679491617093,662.711490446946,165.073579858537,430.117013020126,409.237400299192,153.942116744805,820.486317139808,346.275273730472,917.377046357653,386.536594153803,230.03374902934,354.564929339895,436.369637851185,507.343621315702,256.128618902996,140.387832974702,262.053764953737,302.87418069294,665.527195192491,385.298119026096,632.960083345553,271.070429648581,434.052241971101,512.127686191469,230.612148818754,284.41254643658
247.776508852369,270.139473306356,260.727925136366,43.4701023205162,380.761267233645,464.347215919387,165.073579858537,430.117013020126,385.683908920995,140.652857313921,6.95483025750946,122.305682964417,292.575258030042,21.8870439192196,230.03374902934,354.564929339895,436.369637851185,265.73374998062,256.128618902996,140.387832974702,157.232168550343,247.121551291963,387.304146303593,118.953176717763,135.263320288743,264.153250173246,434.052241971101,122.103113066501,135.325774729783,284.41254643658
