3400751.45662714,23184660.3860621,21062966.5831472,4828696.49310176,7795821.44947181,22128607.060587,14494454.1965583,15637398.0193216,35686574.66315,5804715.66769564,7666985.38770966,7857387.36938417,13708224.2236957,6695529.89482029,9396775.59975679,38503217.8410437,23177781.4471712,9607396.18966567,11432289.3809442,7587503.09503548,11478257.174094,17062579.0022321,10875635.1444288,40602982.7854012,13118630.7763296,15241480.3623812,4712297.02706832,1289939.58796452,8441796.33574066,8391784.64763139
566201.882088702,3804284.53517501,6679119.85176352,497229.60306847,1729409.22639757,6258245.25316335,2982654.23804729,5712636.08139016,7746317.06340806,448495.544717124,3296939.78858041,1991493.31173317,6580240.07593998,2082916.68160716,2550437.25244257,4219554.59244713,3524089.09513892,3865022.05335913,4235211.52714736,2211490.07751798,8334805.9744796,6341445.59740252,2171640.92924257,6371403.02622552,4881971.28658248,8010226.53830587,3663576.81924783,708115.479752232,2813317.69646662,2344950.6618482
513619.298378369,3804284.53517501,4313310.93000018,497229.60306847,557709.355678532,3406153.87242795,1191659.31717776,1342241.41792246,1223152.82051461,145080.991779143,728939.113658101,857808.978192422,4376571.86083183,1404297.42323016,1913366.77029808,1409385.99979683,1487763.0126187,1547204.74662303,3085840.40789741,1217458.10209222,3685374.34225722,2019005.50823613,1084204.79213119,949138.763763171,1394515.31746119,4229238.24567372,1000048.88090035,705599.179268137,1335906.85630356,1409739.32110066
237471.443558285,918124.337806803,1037137.94597968,316944.249297282,408643.272516391,374849.411948943,125752.117734039,210089.373781756,289654.311134833,87181.8812159354,305174.299077826,529485.849929807,1534974.77487201,260160.897829565,624892.820799859,504493.894625281,242302.866296318,421356.969771852,1008776.12358709,265309.67244838,1120851.9392507,223841.467665806,376302.53107198,317025.201032495,218687.864555552,1067739.59956666,689786.315876909,282626.698655748,196244.063385015,458491.16577943
12041.2300418673,36332.8808368761,50362.5369868257,30490.8702812402,76050.5337906892,16992.8760194892,10782.5382467712,8551.00167653675,17942.4587354651,5258.96342382767,8610.11618973274,80792.4949717393,50671.7691177716,12701.5559128981,34345.8224723439,31447.1840604972,10885.298679766,18047.1265994987,56821.4629660867,9186.45198653458,8611.59752672823,17341.7110057911,99973.7489355178,73437.3933563676,32596.8139737394,39057.0400089974,8994.88718040943,2586.49557678391,41047.13848108,141924.958553844
781.686306199102,1199.16937052701,1003.99493229226,634.285781627153,1171.73380260461,558.491435905471,984.968793974846,1045.08097674774,1405.08531731218,1117.3515707905,1243.98428651891,686.700028089397,745.727176792432,1121.79724351832,445.749611560874,1315.71353177699,1044.53258493411,829.402622243912,758.479096936995,1119.3863883118,366.000177320113,760.874081139776,935.345647057649,847.316712896318,1152.40076321226,1179.43206389359,1571.62191669521,1539.73665450037,995.374377414654,956.637146148867
776.077825984901,899.048982048988,968.941590145791,628.705226057809,1122.93037644307,533.941034700844,982.410160086907,1032.06224590897,1401.09550659093,1115.35889175941,1213.99181391395,633.102744650272,702.917847159719,1099.5527454611,400.488474373258,1304.97814075133,1026.67059937262,816.253016495237,657.55509482899,1109.74859446473,360.562272803841,738.324862487757,881.547144353857,778.516583474396,1139.88344503479,1129.84468420722,1569.54563464578,1536.94125540533,972.351681972006,899.081438973734
776.077044839978,899.042429134111,968.933200683733,628.705226020673,1122.93037169614,533.94075937763,982.410160068654,1032.04137499726,1401.0952372534,1115.3588257629,1213.9700767727,633.102723879736,702.916660548127,1099.55274225132,400.487858357283,1304.97814029633,1026.67059918196,816.252655496958,657.552343159063,1109.74859446473,360.562272789719,738.324862457139,881.547062032032,778.516518518976,1139.88344418643,1129.84448666747,1569.54563464458,1536.94084904899,972.351680053621,899.081377032723
776.077044839978,899.042429134111,968.93319792831,628.705226020673,892.918292602815,533.94075937763,945.0926542591,1032.04137499726,865.098474467997,1003.04902127979,1051.29580161685,563.292335223189,702.916660548127,384.664275735884,400.487858357283,711.958107601361,708.715097233773,197.309637449025,657.552343159063,338.860315240301,360.562272789719,696.826933531923,489.205515160761,778.516518518976,787.213143538071,315.967539146876,586.712134813911,1014.99070447725,972.351680053621,862.353541572369
776.077044839978,899.042429134111,929.119021763346,628.705226020673,892.426170965413,533.94075937763,945.092511682509,932.434862833741,864.947621304657,1003.04564663561,800.153117973449,512.985869693629,702.916660548127,381.902435211681,400.487858357283,711.955673774575,708.556341336721,187.461244692543,657.552343159063,338.859084768988,360.562272789719,696.826889218222,487.432749177463,778.516518518976,787.200664068247,311.590920394565,586.710484009471,1014.98874410904,972.351680053621,825.939195136365
611.735705466476,899.042429134111,929.11745631686,175.169283944857,310.642014637387,80.4954463989436,260.303124986343,932.43474469667,852.333519597584,273.763643580817,800.153086926276,512.985868674597,702.916660548127,381.90243518535,400.487858357283,170.53921108326,532.427635737954,187.461244692543,657.552343159063,162.542854144886,360.562272789719,290.345068627251,487.43274916962,778.516518518976,316.595852278678,311.590920374664,257.383939639014,86.2594489939349,391.432528811717,825.939194603794
597.762253971482,510.516232352153,361.309984538701,175.139507821038,91.710735862976,53.5532235027069,260.236178122293,262.823596504358,850.439271496258,271.967435412359,171.212259501513,438.829584568856,32.500239611534,381.90243518535,400.487858357283,170.510020167563,527.448850470883,187.461244692543,459.112656989807,159.057186454452,360.562272789719,290.345068627251,323.286807879742,335.378857960023,309.728360247906,299.176796104263,257.213896708749,85.4955521202155,182.791208312294,194.188936412854
597.762253969979,483.743967627774,342.040358354331,175.139507821038,91.710735862976,53.5532234974205,260.236178122293,262.823596504358,581.711692527186,271.967435412359,171.212259501513,438.829584568856,32.500239611534,370.746366465495,400.487858357283,170.510020167563,527.448850470883,187.461244692543,354.303600820824,159.057186454452,287.986072836713,190.635039063636,323.286807879742,335.378857960023,309.728360247906,175.355247761218,257.213896708749,85.4955521202155,182.791208312294,194.188936412854
526.942117028796,385.247015140651,342.040358354331,175.139507821038,91.710735862976,53.5532234974205,260.236178122293,262.823596504358,568.715281336215,271.967435412359,171.212259501513,438.829584568856,32.500239611534,370.746366465495,400.487858357283,170.510020167563,372.360237415014,187.461244692543,354.303600820824,159.057186454452,249.877081713661,190.635039063636,323.286807879742,335.378857960023,309.728360247906,175.355247761218,257.213896708749,85.4955521202155,182.791208312294,172.015180241088
