8110.74806909731,7435.85895385406,7412.52795478278,6795.74306760132,7769.49440888785,8391.77597244069,6412.79570225177,6568.9851445198,6408.20572473016,6976.46153178048,6133.6793712044,7120.01355927134,6344.60790294562,6878.27549504715,5197.4066943818,9530.14455559869,6588.72337954255,6336.50397851668,6959.78307721353,6420.13545918336,7313.30899076615,7801.83274483267,6877.49532138064,6673.17837015711,7509.11032164786,7897.71276705698,7788.75588267632,6333.22959481601,6274.42348595342,6983.37617137038
8110.74806909731,7435.85895385406,7412.52795478278,6795.74306760132,7769.49440888785,8391.77597244069,6412.79570225177,6568.9851445198,6408.20572473016,6976.46153178048,6133.6793712044,7120.01355927134,6344.60790294562,6878.27549504715,5197.4066943818,9530.14455559869,6588.72337954255,6336.50397851668,6959.78307721353,6420.13545918336,7313.30899076615,7801.83274483267,6877.49532138064,6673.17837015711,7509.11032164786,7897.71276705698,7788.75588267632,6333.22959481601,6274.42348595342,6983.37617137038
8110.74806909731,7435.85895385406,7412.52795478278,6795.74306760132,7769.49440888785,8391.77597244069,6412.79570225177,6568.9851445198,6408.20572473016,6976.46153178048,6133.6793712044,7120.01355927134,6344.60790294562,6878.27549504715,5197.4066943818,9530.14455559869,6588.72337954255,6336.50397851668,6959.78307721353,6420.13545918336,7313.30899076615,7801.83274483267,6877.49532138064,6673.17837015711,7509.11032164786,7897.71276705698,7788.75588267632,6333.22959481601,6274.42348595342,6983.37617137038
8110.74806909731,6918.94063016965,6945.97884359056,6795.74306760132,7769.49440888785,7749.16103445907,6412.79570225177,6568.9851445198,5634.93832542695,6867.82793960783,6133.6793712044,7120.01355927134,6344.60790294562,6694.50415545918,5197.4066943818,9530.14455559869,6445.01630805702,6268.11700019351,6618.51011275231,6095.52073359459,7297.58254416726,6870.12144719738,6242.15751696313,6673.17837015711,7454.78982535548,7290.08256989854,7456.40833452437,6333.22959481601,6274.42348595342,6881.52529762115
8110.74806909731,6918.94063016965,6945.97884359056,6795.74306760132,7769.49440888785,7749.16103445907,6412.79570225177,6568.9851445198,5634.93832542695,6867.82793960783,6090.94097220309,7120.01355927134,5932.57853420454,6694.50415545918,5197.4066943818,9530.14455559869,6445.01630805702,6268.11700019351,6618.51011275231,6095.52073359459,7016.21605557094,6870.12144719738,6242.15751696313,6673.17837015711,7342.14954697174,7290.08256989854,7456.40833452437,6333.22959481601,6274.42348595342,6881.52529762115
7469.16835949359,6356.61281073644,6945.97884359056,6629.35520172224,7274.16790043975,5332.97224648221,5766.03826917074,6497.78369928278,5457.90109133087,6490.07259993166,6090.94097220309,6584.61921750558,5932.57853420454,5846.80135706282,5197.4066943818,9530.14455559869,6445.01630805702,6268.11700019351,6319.01077129286,6095.52073359459,7016.21605557094,6483.45828646521,6242.15751696313,5842.61806031885,7342.14954697174,7290.08256989854,6320.01117932274,6333.22959481601,6274.42348595342,6603.54372574633
4657.70493639198,6356.61281073644,6076.7053842411,5659.83217958691,4249.73283933158,3527.16494842329,5743.14580214356,6483.53482278902,5457.90109133087,6481.1403840132,6090.94097220309,6323.68881169072,5669.80923697053,5635.05942904897,5197.4066943818,8077.2414906547,6007.75900101636,5407.09034609479,6015.12588596284,6095.52073359459,6687.12139136621,6483.45828646521,6242.15751696313,5735.72476191979,6867.29560723245,7190.20256129549,6286.8216131329,6069.12296633398,6274.42348595342,5821.56288159212
2762.88135044332,4066.11976058453,6076.7053842411,5416.97372232508,1005.48521587736,1517.37512646849,5640.7031695519,3538.13108215029,5375.7257941352,2462.30324573032,5738.55740223389,6323.68881169072,5413.44124210988,5094.40960329347,5197.4066943818,3949.58197438124,6007.75900101636,5407.09034609479,5545.14824056615,5107.26549708239,6565.31696257462,6483.45828646521,5749.12677116268,4974.39367241164,6348.56179168772,6557.91023377937,3714.15126457882,5723.71108761703,6121.0766772895,5662.12574031538
790.273653808492,909.592160536275,6040.68635635679,5402.23643425849,421.328084849506,360.445524020738,5390.50070343952,643.451174226147,2160.12917029516,674.231816183899,1140.61150672284,5768.47960437036,4284.00560143285,5049.17371535494,5197.4066943818,452.496529202073,5959.99411946375,4923.60406168975,4785.83131622348,5107.26549708239,5368.74976580649,5904.40551037646,5746.00182839713,4097.37548278073,6209.49954506487,6234.71913118595,854.620129660297,5583.26404889851,5024.73454831635,1864.24433079921
269.683712574366,269.912572227435,5684.64052947631,2760.86895894477,161.891478812053,131.349020302748,4422.35130718156,190.28306599019,278.382414604445,168.397494364483,194.839674991933,812.121900742817,3622.8279551575,3851.33739954951,5197.4066943818,158.615070835956,5034.5065886222,4158.24475853049,4785.83131622348,5107.26549708239,4462.69635643537,5382.08860001427,5272.22700371861,4097.37548278073,5506.40292020261,5535.73638508147,267.068905493566,4943.44314575459,4040.89567167188,481.685463415873
112.910143336785,112.840784164986,4839.29380932435,1775.77657527806,109.875596560938,110.145692551203,2356.44298293849,111.813649100298,113.459617840203,113.410430992961,111.817266175853,130.338761678228,2719.26554345821,2195.56849379492,4539.21204094796,111.482906656797,3121.0459681259,2483.22611942006,3404.95612723549,4399.58776042194,3117.57270701706,3350.24658949594,3253.22493345616,2286.95222268958,3639.60979820092,4695.38601416145,112.390339604912,3208.79540248923,1821.09567306915,115.195291347922
100.056294661175,100.047991473524,3178.62243184933,1764.17695084636,100.008303812676,100.009506409177,2227.31140106499,100.02237266037,100.035211056113,100.029096289159,100.042045018868,100.274053385109,2652.95887618212,2097.41557475658,2260.70139116814,100.016797967239,2018.85580072833,2301.12520788921,3289.83114362645,1922.61349020678,3028.0915811815,2797.15678371726,2933.55689901929,1807.20092840868,2233.8471955963,4684.39065194881,100.045604405436,1892.89214837859,1653.45415326711,100.072529180859
100.000002370307,100.000003024273,1040.7551310299,466.05605641854,100.000000532353,100.000000655593,2227.30535184303,100.000000755493,100.000002117405,100.000004130403,100.000004682458,100.000014332794,2652.9547491075,425.922878196994,2251.31649865641,100.00000091446,1993.00520817638,2301.06760228065,3289.82280153067,1915.11215892889,3026.9355240722,2797.11999345452,1036.33894061325,1807.16847949144,2233.21717319932,4684.39056102059,100.000003925747,1892.28679992464,1650.75226473082,100.000006258108
100.000000148498,100.000000182509,1040.75000694293,100.000019351359,100.000000161855,100.000000143864,2198.15693281754,100.000000194088,100.000000158728,100.000000162277,100.000000167708,100.000000166906,1332.8214937966,100.000014473041,2251.31649856678,100.000000140775,883.473511540673,100.000984735044,100.000414859889,1510.62045382476,105.970384758946,571.791914112251,100.000045610205,1807.16847949144,100.000205565062,100.000129218021,100.00000017504,354.442504051392,1650.75067018628,100.000000209977
100.000000148498,100.000000182509,1040.75000694293,100.000000170327,100.000000161855,100.000000143864,100.000000162439,100.000000159572,100.000000158728,100.000000162277,100.000000167708,100.000000158093,100.000000163197,100.000000147806,100.000000303107,100.000000140775,591.416295083348,100.000000181024,100.000000150758,100.000000149842,100.000000178781,571.130284785596,100.000000167052,100.000000354527,100.000000240989,100.000000172216,100.000000170624,330.146181289038,100.00144824472,100.000000209977
100.000000148498,100.000000182509,100.000000142678,100.000000135897,100.000000161855,100.000000143864,100.000000148355,100.000000159572,100.000000151822,100.00000014513,100.000000139686,100.000000144546,100.000000163197,100.000000147806,100.000000169726,100.000000131951,100.000000123838,100.000000101256,100.000000126888,100.000000132807,100.000000119414,100.000000137128,100.000000135439,100.000000164598,100.000000240989,100.000000172216,100.0000001228,100.000000130845,100.000000112463,100.000000112375
