10965821544.5787,11624383119.1302,32617315942.4185,24681541472.5556,13413056026.7261,8500241708.96235,7213712291.13141,15620647859.1753,15526759848.5219,22651626521.9766,28444981849.3351,47283506247.1445,10164867317.3666,24171206618.0699,14544330208.3078,28293648501.1474,18927017394.5645,9673102435.50326,19014777222.4204,21420994635.1363,49922457218.1062,34738292908.3541,23839352008.3517,26051938704.1791,11061823505.1133,4940208400.6025,33380438317.2826,14330643262.0766,12907675923.5349,3046372861.11488
2730581025.5683,4764617463.31591,13728221692.3597,6567125226.56308,2810865381.37592,1638726115.63967,724021153.783993,2057287975.97061,2673517959.59284,2415940411.20706,5088604601.54321,14141234327.1804,3911241955.05542,5820944106.91508,5074548647.48399,6509961846.90879,6407252131.13941,1649695942.24285,12312307620.2739,6431092751.02379,13200577020.5178,14158462469.5438,2616697621.98626,9372349460.74452,1774107737.32941,1818819957.42882,8474798943.36074,3527306917.32156,2562618954.64116,221745452.519377
192899743.368085,555152201.963916,1264421339.2109,784765812.931605,297447895.990726,200883171.580455,66000058.2182174,196004825.422195,215415739.455243,355906828.993554,695322792.91822,4248526834.99191,194792820.231862,1335226256.7321,203846885.973588,3632608513.76688,1887729820.54156,581559108.61107,3089564059.02692,1049461611.38077,3271928230.24087,1775576942.66161,1290632423.84022,1343591347.99618,124699556.781711,133502521.642249,737698104.919176,684874586.315678,138026612.685558,6438502.67793636
673134.899676449,3194323.64075348,13275772.1281121,8020912.07587994,1023684.41317058,1707707.87665202,1229589.03623618,1338776.63657956,725806.025594564,927875.721347571,4945926.61281775,87221761.5910068,1546711.19505267,15088607.8560109,1620636.12360804,33698734.5959459,16288346.7980407,3751316.55943826,15683421.9801619,8446337.44772998,74931258.8840147,18242186.9713588,4043597.14041517,2716987.75082635,645750.626899738,432380.839212146,5230977.43160779,5530377.76631778,769261.146595487,105956.226229245
8.12878025287118,467.197779562952,30.8016679979605,675.379112204119,433.375456969005,1384.14757764174,98.8059292154186,514.845275047045,35.8167517549853,1430.40333880655,225.379989872775,671.880562995378,1660.55404121516,2899.35007126802,2432.17444938466,159.167333442187,3415.02436840408,1160.68041587742,765.264132326946,230.906615482432,144.343094975635,2481.1458487341,558.508218817806,612.056442867266,1246.52439212648,1564.6158659588,1514.90197161398,2295.25677937003,1490.87727801463,6.1428320760814
6.46631193137312,450.698222710739,18.4175918335401,660.69025714638,416.984375861191,1221.26312380988,96.3171234819834,502.435692080705,34.6866201074341,1378.47251180344,214.01955013289,625.676154431015,1594.9103625045,2828.69055646174,2372.92686613981,136.39886158907,3367.92255238324,1145.35380193605,711.882624598648,209.654273842007,33.3980467627189,2368.37900667157,531.807668261928,587.98155199922,1199.85332750765,1509.84835480683,1452.09880820959,2239.61416112385,1453.97901702401,5.60983433326285
0.00198699509253291,0.181728259259358,0.012376848541858,0.233328825651625,0.0349505234791429,0.000141422147867986,0.0732509786480665,0.37414493964974,0.0790855606514664,0.00115297730279012,0.00107399419887776,3.69083078912563,0.0820484531713412,0.213421802973512,0.863489731099775,0.00935583666120857,38.4733781935813,0.557849452100139,0.000378621954140388,0.0209167167603341,0.58491304804507,0.00604369326542378,0.0560853405990199,1.20078100406485,0.00357509854247649,0.00221816054715557,0.00251936457227007,0.202605227004334,0.459304634612992,0.000809671718085795
1.04671592958897e-07,4.00792910512009e-07,9.14545662997161e-08,3.2643199148802e-07,1.26451303476165e-07,3.43931357349136e-08,1.34678270824016e-07,1.74597842871382e-07,5.30458193857947e-08,8.97497534526244e-08,9.05854848809856e-08,1.80964286421968e-07,3.43987159348131e-07,1.43482585980567e-07,1.37163010380844e-07,8.69217042083069e-08,1.16265507179113e-07,1.2233281446493e-07,1.76649748301253e-07,2.0358576360424e-07,1.43176936169678e-07,1.20332056717024e-07,1.83812372141025e-07,8.01816272705639e-07,1.35584511003397e-07,3.10437227089512e-07,1.99898884434841e-07,1.54782537596278e-07,4.2479111942103e-07,1.8720665562997e-07
1.04671592958897e-07,4.00792910512009e-07,9.14545662997161e-08,3.2643199148802e-07,1.26451303476165e-07,3.43931357349136e-08,1.34678270824016e-07,1.74597842871382e-07,5.30458193857947e-08,8.97497534526244e-08,9.05854848809856e-08,1.80964286421968e-07,3.43987159348131e-07,1.43482585980567e-07,1.37163010380844e-07,8.69217042083069e-08,1.16265507179113e-07,1.2233281446493e-07,1.76649748301253e-07,2.0358576360424e-07,1.43176936169678e-07,1.20332056717024e-07,1.83812372141025e-07,8.01816272705639e-07,1.35584511003397e-07,3.10437227089512e-07,1.99898884434841e-07,1.54782537596278e-07,4.2479111942103e-07,1.8720665562997e-07
1.04671592958897e-07,4.84312480315741e-08,9.14545662997161e-08,8.62073437337762e-08,1.26451303476165e-07,3.43931357349136e-08,1.34678270824016e-07,6.50364474012119e-08,5.30458193857947e-08,8.97497534526244e-08,4.35378205967867e-08,1.80964286421968e-07,1.19429354391267e-07,6.07809709339474e-08,1.26262022260137e-07,8.69217042083069e-08,1.16265507179113e-07,7.36431189416063e-08,4.54463076061314e-08,4.61061617699524e-08,6.04580900908436e-08,4.41713272646321e-08,1.49800093654659e-07,4.55649704020342e-08,5.98461515658718e-08,2.87001983572178e-07,9.18374997572666e-08,1.54782537596278e-07,1.04583814281398e-07,1.71023508292013e-07
6.85411313373571e-08,4.84312480315741e-08,9.14545662997161e-08,8.62073437337762e-08,1.26451303476165e-07,3.43931357349136e-08,6.25671222130616e-08,6.50364474012119e-08,5.30458193857947e-08,4.13566824837588e-08,4.35378205967867e-08,1.80964286421968e-07,4.88267184105563e-08,6.07809709339474e-08,1.26262022260137e-07,6.05572580131266e-08,1.16265507179113e-07,7.36431189416063e-08,4.54463076061314e-08,4.61061617699524e-08,6.04580900908436e-08,4.41713272646321e-08,1.18689424156183e-07,4.55649704020342e-08,5.98461515658718e-08,6.88854567832697e-08,5.89109185953683e-08,7.14878773574707e-08,1.04583814281398e-07,6.7036153213083e-08
6.85411313373571e-08,4.84312480315741e-08,9.14545662997161e-08,8.62073437337762e-08,5.52824310372959e-08,3.43931357349136e-08,4.54434882693535e-08,6.50364474012119e-08,4.3034306084668e-08,4.13566824837588e-08,4.35378205967867e-08,1.80964286421968e-07,4.88267184105563e-08,6.07809709339474e-08,8.14653181739861e-08,6.05572580131266e-08,8.43465979963534e-08,7.36431189416063e-08,4.54463076061314e-08,4.61061617699524e-08,6.04580900908436e-08,4.41713272646321e-08,1.18689424156183e-07,4.55649704020342e-08,5.98461515658718e-08,6.88854567832697e-08,3.70186096224332e-08,7.14878773574707e-08,3.83524581290109e-08,6.7036153213083e-08
2.64599152017818e-08,4.84312480315741e-08,6.7355098086074e-08,6.01691380090958e-08,4.40188877215738e-08,3.43931357349136e-08,4.54434882693535e-08,4.38150680467817e-08,4.3034306084668e-08,4.13566824837588e-08,4.33681006245265e-08,5.33224154668766e-08,4.88267184105563e-08,4.56518799554559e-08,4.28935188373585e-08,6.05572580131266e-08,3.99772223741321e-08,4.06773293731244e-08,4.54463076061314e-08,4.61061617699524e-08,4.79927581566226e-08,4.41713272646321e-08,6.47600070346668e-08,4.21990225688224e-08,4.58768107432939e-08,6.54610527922995e-08,3.70186096224332e-08,4.29697785870946e-08,3.48413349336198e-08,5.36052634774787e-08
2.64599152017818e-08,4.84312480315741e-08,6.7355098086074e-08,2.29070715538616e-08,4.40188877215738e-08,1.47679881452749e-08,4.54434882693535e-08,2.87948664370433e-08,4.3034306084668e-08,4.13566824837588e-08,4.33681006245265e-08,5.33224154668766e-08,4.35079055744082e-08,4.56518799554559e-08,3.00873879982335e-08,2.67042204901515e-08,3.99772223741321e-08,4.06773293731244e-08,4.54463076061314e-08,4.06393616220508e-08,4.68955576656628e-08,4.41713272646321e-08,3.56213153326293e-08,4.21990225688224e-08,3.59504864117311e-08,6.54610527922995e-08,3.29153835024349e-08,4.29697785870946e-08,3.48413349336198e-08,1.75783040111165e-08
