2613464609.67608,5419526612.36622,2810834625.97433,1900159679.27502,3527382412.71618,3386440246.54289,6152128597.27072,1877214537.44675,3328173023.6271,2728272835.12098,1610730737.46911,4161503258.94703,3538407320.52213,1683073313.60936,1837333659.95429,1344552033.69401,3347245102.65371,1653784493.17409,1833284904.14564,2376314506.62943,3333390007.19693,2824798168.90705,4867908577.77713,3847399469.15115,3742652847.62883,3661283335.27632,3592392954.53363,2340898563.98751,3926492936.10711,3958496875.14242
104888775.544389,705768425.826392,307453524.771764,169421573.349143,339245928.284363,150595888.177271,389983717.77362,139871945.924985,147724538.624089,189688531.392056,213602945.615116,453924644.641175,350167497.971963,188628766.782166,130573737.951091,178909868.944023,220293066.612514,122575325.981522,123664161.778274,116860400.049118,274753748.364391,269825081.878958,202023686.115773,180100073.427963,176496741.397246,110597155.049968,151068263.270783,240626946.847172,184579774.042264,373006714.245205
6355487.89300161,37441630.5693043,10416915.1780721,7939875.47007492,9697610.28111993,4578877.0255741,26609732.8322204,6462185.84438595,7557613.53396155,9023191.34982043,10526572.6558291,13563139.7132955,4731703.62244595,8286924.74116172,6045056.78709132,8549953.42815,5740274.11457841,3173071.37173124,3480634.49175278,13512864.631722,7790697.82789483,11005826.7910292,11462086.8492204,17333066.7342523,3511334.66058493,8263619.88808066,8530679.57850453,5573928.70316248,7141536.74012677,13087929.8195092
52739.175839091,65940.7537207296,23071.0695034206,27838.1891820087,59255.3842998014,7539.31182277702,84585.1899986608,20177.0773770964,38770.3737347273,47218.3326762169,46025.6308988396,84535.1295818909,44291.7922971911,28065.7642311556,9782.80665010574,44897.6488824935,12578.3817745438,15959.7533362324,22350.6571034362,60802.0605460586,17545.5996461661,36604.0291197894,98977.0644203684,52277.1956475096,16882.2606506905,25921.6642561339,22795.5327977182,29102.0223524066,22366.0770356782,41686.5463070099
1326.35744883793,2584.0099711937,98.2183592170918,61.4054688845802,366.957220050641,578.551743635044,1566.99481308814,2565.81991264366,0.973640835286208,693.518142449027,260.617522239023,11.3357743138962,3.59522989283736,578.469232688105,159.287275620085,16.0502607453585,2908.58140435562,1193.50388749053,50.4503049324752,533.593708595203,980.687006044714,92.5122893371964,11.3268597867474,109.79633855515,888.469699664866,130.967806284699,769.301952661478,1591.16658461329,260.07100555163,21.795269967021
1126.42739545957,1224.905237889,67.3379821552171,27.8620471814415,308.323007873872,447.093119833649,1114.52188555794,2072.03238136378,0.812056521654556,456.22038623272,185.73901905432,9.02890413897215,2.96991668722487,485.780175229019,109.096972137531,12.7887887644094,2142.91117148782,810.559392615885,44.8899345871432,407.375309448151,763.487617797668,85.000278971971,6.55801768032399,85.802174849469,725.252764793061,119.028025114298,650.982512253845,850.916774604624,172.293029241806,19.6466996241266
3.78920214345577e-06,6.19621695682027e-08,3.42723970665706e-09,8.63397303425467e-09,3.93115067658722e-07,3.38131125241709e-07,1.48808007844802e-07,3.84570348952821e-07,2.25019982166576e-08,6.24047253693855e-08,1.24727139480834e-08,6.02741499057825e-08,2.62944846146909e-08,1.61117082531457e-05,8.00392160852664e-08,9.47742251899652e-08,1.02884808045226e-06,2.26796584683744e-07,1.51801355544196e-06,1.22035598370118e-07,2.18482723165291e-07,3.43043833999814e-06,9.8885374259347e-09,3.0388159817645e-08,6.38441123913321e-06,3.57815230652925e-06,3.54109116378376e-07,2.57483374514131e-08,8.07350195208962e-09,9.65649801757099e-07
1.12377867317614e-08,1.28034190291084e-08,3.42723970665706e-09,8.63397303425467e-09,9.92228244690591e-09,4.87689250772282e-09,1.29504715115364e-08,1.04503271444055e-08,7.85463529852318e-09,1.81082933795194e-08,1.24727139480834e-08,5.26300270114682e-09,8.45910920329325e-09,1.42938267421127e-08,9.40671026101592e-09,5.35967637309947e-09,1.14791126555218e-08,5.65416611574142e-09,9.75315152515478e-09,8.9773380631519e-09,1.44023360378985e-08,1.59004788360003e-08,9.8885374259347e-09,1.52522073784826e-08,9.79609719740353e-09,1.44298901380858e-08,5.31073980207009e-09,6.28865651558096e-09,8.07350195208962e-09,8.29977871577031e-09
1.12377867317614e-08,1.28034190291084e-08,3.42723970665706e-09,8.63397303425467e-09,9.92228244690591e-09,4.87689250772282e-09,1.29504715115364e-08,1.04503271444055e-08,7.85463529852318e-09,1.81082933795194e-08,1.24727139480834e-08,5.26300270114682e-09,8.45910920329325e-09,1.42938267421127e-08,9.40671026101592e-09,5.35967637309947e-09,1.14791126555218e-08,5.65416611574142e-09,9.75315152515478e-09,8.9773380631519e-09,1.44023360378985e-08,1.59004788360003e-08,9.8885374259347e-09,1.52522073784826e-08,9.79609719740353e-09,1.44298901380858e-08,5.31073980207009e-09,6.28865651558096e-09,8.07350195208962e-09,8.29977871577031e-09
9.42068158569595e-09,8.59865974715545e-09,3.42723970665706e-09,7.54232059534098e-09,9.80138523401107e-09,4.87689250772282e-09,8.93390944562657e-09,9.22207671332259e-09,3.39324986335244e-09,4.44765259776898e-09,7.47950179653963e-09,5.26300270114682e-09,8.45910920329325e-09,3.22460004680813e-09,7.01538624331125e-09,5.35967637309947e-09,8.92130645157439e-09,5.65416611574142e-09,9.75315152515478e-09,3.73868277811355e-09,5.05633785318002e-09,1.42686921057371e-08,9.8885374259347e-09,1.05908779711673e-08,9.50592005288458e-09,1.21678874979595e-08,5.31073980207009e-09,6.28865651558096e-09,8.07350195208962e-09,3.79816812504229e-09
9.42068158569595e-09,8.59865974715545e-09,3.42723970665706e-09,7.54232059534098e-09,8.30394570734294e-09,4.87689250772282e-09,7.17915239846683e-09,4.97998775320924e-09,3.39324986335244e-09,4.44765259776898e-09,7.47950179653963e-09,5.18079296845503e-09,7.30700745183613e-09,3.22460004680813e-09,5.32241478555923e-09,5.35967637309947e-09,8.92130645157439e-09,5.65416611574142e-09,5.50667920069516e-09,3.73868277811355e-09,5.05633785318002e-09,4.22132025488604e-09,8.93863118604366e-09,9.31923963043928e-09,4.71170856440979e-09,1.21678874979595e-08,5.2049629595384e-09,6.28865651558096e-09,6.88233954509459e-09,3.79816812504229e-09
5.79626190007729e-09,4.91713454723509e-09,3.42723970665706e-09,7.54232059534098e-09,7.12587000654121e-09,4.87689250772282e-09,7.17915239846683e-09,4.97998775320924e-09,3.39324986335244e-09,4.44765259776898e-09,7.47950179653963e-09,5.18079296845503e-09,5.96423727619870e-09,3.22460004680813e-09,5.32241478555923e-09,2.16533831915296e-09,8.30323348884955e-09,4.52285656139282e-09,3.87845860487507e-09,2.06811163113207e-09,5.05633785318002e-09,4.22132025488604e-09,4.79115513934776e-09,7.6377340766758e-09,4.71170856440979e-09,4.37534451963917e-09,5.2049629595384e-09,6.28865651558096e-09,2.97507076814033e-09,3.79816812504229e-09
2.26300345621979e-09,4.91713454723509e-09,3.42723970665706e-09,6.7703061820752e-09,4.07039877452052e-09,1.64607792415668e-09,5.03520381789054e-09,4.94638488758877e-09,3.39324986335244e-09,2.38651496524482e-09,4.92534989821503e-09,5.18079296845503e-09,5.96423727619870e-09,3.22460004680813e-09,5.32241478555923e-09,2.16533831915296e-09,7.67746368797604e-09,4.52285656139282e-09,3.27889021988146e-09,2.06811163113207e-09,5.05633785318002e-09,3.14516462467188e-09,3.83141901386629e-09,3.21932712181815e-09,4.71170856440979e-09,4.37534451963917e-09,1.41844317838603e-09,1.42048424447315e-09,2.96577888279463e-09,3.79816812504229e-09
2.26300345621979e-09,4.50589899557194e-09,3.42723970665706e-09,3.77566053669438e-09,3.58486763786289e-09,1.64607792415668e-09,3.20411490660645e-09,4.43198897007052e-09,3.39324986335244e-09,2.38651496524482e-09,4.92534989821503e-09,5.18079296845503e-09,5.96423727619870e-09,3.22460004680813e-09,5.32241478555923e-09,2.16533831915296e-09,4.36783446573099e-09,3.22654861433185e-09,3.27889021988146e-09,2.06811163113207e-09,5.05633785318002e-09,3.14516462467188e-09,3.83141901386629e-09,3.21932712181815e-09,4.71170856440979e-09,3.71874594444795e-09,1.41844317838603e-09,1.42048424447315e-09,2.96577888279463e-09,3.79816812504229e-09
