3026.25758113318,1946.31771331585,2608.44997370273,1955.83514600928,2447.14995153626,1876.134871115,1768.21302295458,1792.16673191827,1890.87947756214,1195.39421285986,2664.47187753703,3500.20348393971,1985.66860358381,2525.136190407,2786.23073879551,2926.13578510116,2400.19192903382,2411.15545156045,2293.58846927751,2092.90917109479,4074.45655746465,2657.74059540265,3140.79291558745,1710.9633992371,2772.59357615864,2793.90002492874,1672.79524776227,1466.68395917254,2665.06338514829,2406.56760466992
3026.25758113318,1946.31771331585,2608.44997370273,1668.55481050424,2447.14995153626,1876.134871115,1768.21302295458,1792.16673191827,1890.87947756214,1195.39421285986,2664.47187753703,3500.20348393971,1985.66860358381,2525.136190407,2786.23073879551,2926.13578510116,2400.19192903382,2411.15545156045,2293.58846927751,2092.90917109479,4074.45655746465,2657.74059540265,3140.79291558745,1710.9633992371,2772.59357615864,2793.90002492874,1672.79524776227,1466.68395917254,2665.06338514829,2406.56760466992
1778.65851964866,1946.31771331585,2091.57429677375,1415.13733901514,2447.14995153626,1580.98040238272,1768.21302295458,1705.41678557127,1890.87947756214,1195.39421285986,2664.47187753703,3500.20348393971,1985.66860358381,2525.136190407,2786.23073879551,2926.13578510116,2315.00791784004,1821.70332793717,1279.46809196726,2092.90917109479,4074.45655746465,2657.74059540265,3140.79291558745,1710.9633992371,2772.59357615864,2793.90002492874,1631.77802281957,1466.68395917254,2665.06338514829,2406.56760466992
1220.85350970215,1031.17525711346,1174.46906884319,986.780538481798,1211.29527892682,1232.51342523828,1768.21302295458,1181.66987078298,1589.2767121834,1039.66308763287,2528.93951481885,2801.77428567058,1440.80921626589,2525.136190407,1203.55759593093,1740.37844475173,1876.32687318563,1096.31164856037,1279.46809196726,2092.90917109479,1965.88757366116,1430.26597720416,3140.79291558745,852.289102446652,2772.59357615864,2793.90002492874,1044.39297498434,1146.00244911637,2665.06338514829,1061.2207505282
507.007738105439,671.101754528985,825.975917964328,392.863045194966,605.05311624349,801.528893241637,1667.86762883578,503.401180221413,635.912542614638,458.544361660276,866.372320748734,1653.84305628902,658.708434520699,1306.5782653749,868.229051840849,989.449653932275,912.085235244263,667.32066422467,636.843700537322,2092.90917109479,1651.04080428903,676.685845875068,2160.91184958275,595.882850919909,2045.84265797931,928.665955386772,583.396264189104,452.601416928724,2665.06338514829,837.572913609333
226.4546729243,298.295229826179,251.21329295398,202.538244598465,319.492730138229,336.419975038045,886.54851292948,227.058828891323,249.581201629067,242.538430941809,597.601244260663,617.68046672928,342.72523543951,507.020175657898,241.176827354362,254.483027142189,342.184976112305,259.857391828173,221.6156482144,1065.68021976865,724.28584819859,299.046155517284,1489.81310559629,371.580116857784,1132.48261483424,471.993437499859,281.764428508547,258.26217007462,1971.85159940471,282.227181074927
150.464187110027,176.033113399789,148.516678989515,150.02315734814,219.459582778767,178.856128685135,673.122506040196,171.003313839096,164.481223689459,176.427297260208,231.585348169027,197.104338105299,149.263424555373,213.818925538926,155.712159214477,177.919436442631,149.374887417421,159.880301014917,162.623140274901,493.716853143536,226.371254453841,179.024254308969,802.847424266392,187.907066474013,531.147614805108,186.418404228405,164.761782728901,161.839354079231,1113.50666874599,220.169825225727
150.464187110027,160.14000360423,148.516678989515,141.964914663502,140.102022052572,178.856128685135,339.148845919104,156.984089492462,133.148549847344,146.088026548339,162.910496900623,177.11704688349,149.263424555373,146.308877147358,139.800606231408,137.321230984232,149.374887417421,159.880301014917,162.623140274901,197.985534906526,154.315298458647,155.734334302381,297.904789065268,187.907066474013,200.974915343196,156.709202943564,129.769198953132,150.6298837712,451.005197781343,172.777017288101
143.559632652248,160.14000360423,148.516678989515,141.964914663502,140.102022052572,178.856128685135,157.232698859908,151.862101211119,133.148549847344,146.088026548339,154.005330877279,151.391998787106,120.755663417255,146.308877147358,139.800606231408,130.960503767551,135.672706497011,147.19663944636,134.285404187317,173.653879784289,134.162628772991,155.734334302381,159.627541176363,161.149287779907,152.10011336566,156.222273081621,109.264467993423,138.680760549479,180.001739147883,153.45308724752
132.03748295801,157.743480369846,128.266268491836,141.964914663502,140.102022052572,148.231206829073,154.877599275541,150.211377562864,133.148549847344,146.088026548339,146.493023344449,140.179538321906,120.755663417255,109.067761480246,139.800606231408,126.615985764347,135.672706497011,129.575916024212,134.285404187317,164.21738038412,134.162628772991,155.67577588938,154.779307747093,157.035835837301,152.10011336566,147.652747695618,109.264467993423,135.26078383684,117.289464221978,145.530387083104
115.21723982655,142.018439889331,104.051634032919,132.971780086554,140.102022052572,140.064083665514,133.056020174265,138.536127078943,132.514850622637,123.277508061578,129.969856186296,105.703254306365,120.755663417255,109.067761480246,109.235539511267,126.615985764347,125.500501055938,129.575916024212,126.590670488802,118.371742714349,126.586373617903,155.67577588938,125.785471423571,146.868998957346,151.418874155886,141.414170295482,109.264467993423,114.093800706368,117.289464221978,137.040175113189
115.21723982655,132.49721011636,104.051634032919,132.971780086554,140.102022052572,140.064083665514,116.148415899313,91.3307789267249,129.792912339162,123.277508061578,129.969856186296,105.703254306365,120.755663417255,109.067761480246,109.235539511267,113.88915778562,122.152296546857,113.866236488499,125.096978380108,118.371742714349,120.073003645279,123.529605032749,125.785471423571,146.868998957346,125.554517516003,120.255969738199,109.264467993423,106.813389631555,117.289464221978,137.040175113189
106.427480486171,128.996227158474,85.4488956884003,132.971780086554,140.102022052572,140.064083665514,116.148415899313,91.3307789267249,115.251581082942,123.277508061578,118.312041548371,105.703254306365,120.755663417255,109.067761480246,103.413828099539,113.88915778562,120.494975573608,113.866236488499,125.096978380108,118.371742714349,120.073003645279,123.111751953779,121.244918997425,114.983352694824,125.554517516003,120.255969738199,103.42228312527,106.813389631555,22.9071685295469,137.040175113189
106.427480486171,128.996227158474,85.4488956884003,119.539799868699,125.707265734214,134.587973065305,5.9697543856451,91.3307789267249,115.251581082942,123.277508061578,113.986164273947,105.703254306365,120.755663417255,109.067761480246,103.413828099539,103.443446417211,120.494975573608,113.866236488499,125.096978380108,118.371742714349,100.771513731265,121.755594937487,94.2374547969103,114.983352694824,122.019854205858,120.255969738199,103.42228312527,106.813389631555,4.97479528546657,124.00910623241
106.427480486171,128.996227158474,85.4488956884003,119.539799868699,125.707265734214,122.992187679609,5.96975434256355,91.3307789267249,105.519007494921,120.972720970995,113.986164273947,88.6257985809699,93.1497597518122,109.067761480246,103.413828099539,103.443446417211,91.8681513577598,113.866236488499,125.096978380108,118.371742714349,100.771513731265,121.04519335152,2.98488270492463,114.983352694824,110.288954376548,120.255969738199,103.42228312527,106.813389631555,2.99662260868701,24.7949459840804
1.98991811418674,7.15837654518455e-14,1.43160684059808e-13,1.07359402374721e-13,7.15243259914337e-14,20.1617275493859,9.28354804471224e-13,1.43068191894715e-13,1.07123894580766e-13,1.42952172652332e-13,1.07393315138038e-13,1.07303807713496e-13,1.07148893800501e-13,7.17141681788294e-14,1.07248765682081e-13,1.07313098911494e-13,1.07380934944732e-13,0.994959057099311,7.15310778259379e-14,7.14413186582296e-14,1.35686528487717e-12,7.1569863264259e-14,7.16078025799818e-14,1.07272668638231e-13,1.42854191707599e-13,1.78673566702249e-13,1.78595259594893e-13,1.43075404024965e-13,7.15125216873456e-14,0.994959057093419
