1515.53760096212,3285.78828536809,518.991767029837,2013.25603396078,253.384807225579,2301.99688532488,1421.82055745072,1580.49047580828,2932.69158819617,1644.62627564502,1716.50885657503,1073.26798327031,761.171783516573,1201.9073004135,846.226826158557,929.644090532033,225.511089101197,4165.52443412518,1225.36932022959,2769.26710282697,924.891463196166,986.573252588648,2956.37782461994,2985.70689633984,1274.58455251816,3692.56833546921,4438.36073906396,385.647713979475,968.774249872812,1685.04916293482
372.948466091522,525.871713580322,226.463137425898,904.663203052455,253.384807225579,483.748975320882,633.942314822018,571.505572386709,1147.09702316795,985.671770932787,334.502440721503,547.314798543434,315.944455531926,195.373423539929,621.208452984208,664.903738836283,225.511089101197,808.263973309785,610.173386900754,240.779957612065,547.122822359329,382.131358237571,1356.6773523867,829.287334144524,539.446702616775,757.379218178237,1623.17304642254,212.248589281146,200.568767145832,595.487980921895
300.777238401114,471.747795582277,150.506031414456,245.968199143663,253.384807225579,483.748975320882,518.509301220669,298.17409004767,365.474192285032,279.377363463969,248.607657215159,220.831757072953,286.753214431551,195.373423539929,221.186892037368,236.438427148743,157.626232327685,808.263973309785,427.187121739132,240.779957612065,353.99946396124,317.995438027337,751.060493001912,530.21900106877,276.656132023411,393.112033669161,440.246215368779,141.798387934957,171.905296252544,302.631087522934
156.131441239897,145.787565018302,101.135699840401,123.116990309716,131.075276696746,149.528168228052,153.67172079666,153.897088549549,161.373767514419,169.920379821984,159.615325446986,144.207235050794,118.094346276076,143.156559598155,130.323489398093,131.196461742724,106.889676327922,132.340790435303,109.728923425403,108.748881168947,114.820148800984,111.585140065413,147.864293954793,301.535832449905,102.891258752654,139.832023298925,200.729375415583,107.773671654322,115.480736103941,147.996095336449
90.0247099194938,105.873093511773,84.7150357335669,109.004079686167,84.6455015013785,94.8386667492918,113.841251665125,98.7423309824773,94.3778978824118,85.8272218386513,120.430274651875,97.7228983847455,87.3634102953863,99.3928318585785,98.5026613524539,95.0820985733719,78.3395822478164,107.857474654522,106.164862792275,84.8640619149489,92.5615441342895,94.6076710338695,109.935208008325,108.497928728399,82.3514471008071,98.4707630036795,97.3123417241202,76.2378288105186,91.1268984571796,89.7256689157642
76.0032662895438,83.0662671998242,77.4434197498161,84.510331850061,76.1046725913441,81.2585580661559,82.3396916933014,78.9433585517965,78.2951844403595,77.4982754710859,78.5679973144894,88.2294660977661,77.6371968317709,81.1953202169088,77.9966240163555,80.5211083290383,58.2681277416272,82.7915177018703,78.2341354550623,78.3607500748209,77.1133210377478,82.9552128154123,85.7136329192145,79.6496874946756,77.4161211043515,86.1440918620963,76.2995336022301,58.097879373407,83.1646963407796,77.3267834320017
74.7770800424837,75.1963305682478,75.4691705556466,78.2828637231266,75.7581346993084,76.4909460585301,76.2250470655179,75.6708995415242,76.8747120894749,75.4670763043246,74.2980626993186,75.502007637689,75.7294053830511,75.4784994620196,75.6612512089781,75.2673668951723,54.3919567082253,75.7662398293488,75.0366725117744,76.9236335024234,74.5393889946627,60.160227905516,76.5698690397574,76.2956810043003,75.0841773035199,83.9789595249184,74.4030647242008,54.1667809900818,78.1498496831547,75.7600590360717
73.6951064165143,73.7120589607086,73.1683281399523,76.6039662895261,74.0797565581338,74.8413268412575,74.3118507259103,73.809660466955,76.5519142008134,73.8236344651123,73.0599331171656,73.4159539183773,74.5087103895819,74.3346234049341,75.2225047311306,74.6990295980015,53.7480460903785,74.9570580662754,73.9428584066351,74.201404531105,73.8146596160662,54.4361160385493,74.4599618350236,75.4808784543013,73.545377067209,82.9827443319759,74.122734014691,54.1345368396715,76.4835885729433,74.2098467903507
73.2587935347775,73.5283641443907,73.1683281399523,74.2067501384821,73.8767125805142,73.6008024144157,72.3974795837546,73.611203146907,76.4160047359609,73.6566442965677,73.0599331171656,73.3075818880924,74.021813500896,73.663189109855,73.3584465663806,73.7338657176581,53.716135590827,73.2393134083634,73.6387325357239,73.3782957579969,73.50342631518,53.690165155784,73.7202550507174,73.8661618749745,73.4015848411765,82.9827443319759,74.122734014691,53.582463014555,76.2960382430298,73.7329334566156
73.2587935347775,73.2134886461228,73.1683281399523,72.8406256908066,73.5175707189151,73.2890856269964,72.3974795837546,73.611203146907,73.0477425116002,72.7655390750947,73.0599331171656,73.3075818880924,73.6404789282419,72.4033166343333,73.0845192870012,72.6745795861106,53.716135590827,73.2393134083634,73.6387325357239,72.9547956799671,73.2861799510514,53.690165155784,73.7202550507174,73.1738730818139,72.9003281881414,82.1714797969655,73.7257905391518,53.582463014555,76.2960382430298,73.354232005653
73.0610943417577,73.1043286782783,73.1683281399523,72.8406256908066,73.5175707189151,73.2854243455436,72.3974795837546,73.1814854118096,73.0477425116002,72.7655390750947,73.035965770829,73.1905415618626,73.4544170332199,72.4033166343333,72.9414485392729,72.6745795861106,53.0472510914722,73.2393134083634,73.1054763372581,72.9547956799671,73.2861799510514,53.4926508293195,72.4938935212089,72.9887531272898,72.9003281881414,78.5595058027363,73.2752089200954,53.3710135928773,75.8176847823249,73.0527637910504
73.0610943417577,72.6408989007857,73.1683281399523,72.8406256908066,72.9889135609693,72.4540748222177,72.3304245440865,73.1733092281362,73.0477425116002,72.7655390750947,73.035965770829,72.988004013922,72.9874592776284,72.4033166343333,72.9414485392729,72.6745795861106,53.0472510914722,73.2393134083634,72.9648134096186,72.9547956799671,72.5221297033016,53.1474636942781,72.4938935212089,72.9887531272898,72.5039409851087,78.4749747418572,72.7133852709511,53.3710135928773,75.4224889549732,73.0527637910504
73.0610943417577,72.6408989007857,73.1683281399523,72.6218371060627,72.9889135609693,72.4540748222177,72.3304245440865,73.1536127513372,73.0477425116002,72.4749047217077,73.035965770829,72.9684603765424,72.1620546240151,72.4033166343333,72.9414485392729,72.6745795861106,53.0472510914722,72.3638400602975,72.9648134096186,72.9547956799671,72.5221297033016,53.083765568098,72.4938935212089,72.9887531272898,72.5039409851087,78.2455130279895,72.6669339428335,53.0217102462768,75.4224889549732,72.2658714150074
73.0610943417577,72.52652815333,72.98082497909,72.6218371060627,72.9735849396191,72.4540748222177,72.3304245440865,72.8792230235729,73.0477425116002,72.4749047217077,72.8785798063073,72.9684603765424,72.1620546240151,72.4033166343333,72.9414485392729,72.6745795861106,53.0472510914722,72.3638400602975,72.9619192697114,72.5128930312116,72.5221297033016,53.083765568098,72.4938935212089,72.5052643722159,72.5039409851087,78.2455130279895,72.6669339428335,52.5627399095674,75.4224889549732,72.1441046946395
72.9573340048873,72.52652815333,72.882541797398,72.6218371060627,72.3321348300245,72.4540748222177,72.3304245440865,72.5026363452954,72.7362197871889,72.4749047217077,72.6449682650762,72.6156289951083,72.1620546240151,72.4033166343333,72.6949860499363,72.6745795861106,53.0263590563427,72.3638400602975,72.6800078379223,72.3803667943295,72.5114898332903,52.69414964498,72.1163065645372,72.0745552383321,72.5039409851087,77.3948786695159,72.6669339428335,52.5627399095674,75.3601020242037,72.1441046946395
72.5288203731166,72.1250599572277,72.3327825929946,72.118571051707,72.3321348300245,72.2447741680335,72.2751896345613,72.2703612492953,71.4240226834975,72.2856951096103,71.8755732353364,72.2882078231561,72.1620546240151,72.4033166343333,72.0607501731613,72.3505885361743,52.6178434195919,72.3638400602975,72.402912844763,72.3803667943295,72.3711589511738,51.2913541312918,72.1163065645372,72.0745552383321,72.4398899498055,77.1419817470794,72.2452743882153,52.5627399095674,75.1817555412467,72.1441046946395
