18023587.4393235,103908767.066598,17230209.3570184,103544972.565732,349060848.566227,8595587.2077566,84526957.4955674,6551230.09873436,547991.230719956,99142254.1891992,49827731.9201908,11026986.0672618,6224598.91008033,27509672.8390625,8737674.51802635,6177359.56946429,1990702.14411145,8595937.56436408,4124821.08758273,270315950.394792,11028615.9443824,9889950.60797953,133357909.072043,8873248.62961251,22662886.4860468,61195306.3603446,13045197.1789838,5774916.47058799,11967463.0634484,4172418.63825189
2221138.14119265,25814644.7606786,2327963.75139089,9782210.63481267,64433421.9088355,659825.248128913,8455846.17391134,691754.115023567,69439.4278141182,4656747.81395427,4722838.29634088,1408663.28392835,525244.3740638,4871171.12659862,1041552.27617038,435335.983185342,70754.3992901572,255518.929434024,413237.859989774,13022537.321488,400265.22053445,1290866.65971183,15061042.0843492,157513.610614263,1212459.77633357,339084.057234938,678321.2949791,943704.245900515,1032470.1949146,382864.931226248
451364.173907793,414888.778477547,327307.892695686,617048.424932606,3804798.98811505,6657.10167207941,101156.217905111,25328.0405130842,854.812366813741,63596.8425876864,149919.116433927,107950.986367789,38329.7023710802,346388.251916975,17759.3397318731,45510.9823088592,338.391339346736,5147.92411075722,9142.92482038127,284475.524358717,43184.7617819566,253828.253107765,1316113.76674252,356.562001660308,61905.5474373485,13965.8665332772,15120.1443523047,119010.118909232,10624.1982283436,38820.5005873291
639.732870652049,81.3823114843526,57.1894158112436,772.216688902263,723.236959835786,10.4980062399093,13.0976495287973,26.6145807589669,7.64003575932043,24.570024050854,1509.43216201244,65.4337331451229,35.9382684198893,73.8854922578059,15.7516608679441,82.4267099831554,10.5670925734155,10.8632073676833,11.5423704096895,171.125102660757,10.301520547953,3546.03355566541,1727.93308161471,8.03539494068309,46.4122302139676,13.0860259952715,13.0167545143606,315.07238593597,20.4449496632949,10.5356741748951
3.92367291713003,3.49526611368719,2.5670351633803,4.80196829012857,4.49923437792859,1.74400611666056,3.34252984238537,3.53531532402849,2.5936708806189,4.3693196015488,3.86163296655923,4.05533624742566,3.4822199519765,4.08131292756252,3.92802104018642,5.23682025031212,4.16383598723678,1.89000095400229,4.05556524402732,2.96368900973107,2.8819451056022,5.04639968085189,4.98793519082415,1.62934145469694,4.38952104238933,2.80707847146891,2.64681199364964,4.8107420597953,3.6893591005919,1.78208516785185
0.999381549205964,1.1328744942698,1.17440652366577,1.13415081648463,1.4830532050828,1.32718253390044,1.58756939330647,2.02816609544334,0.646494012528819,0.897543239889501,0.66712007323099,1.09108270106913,1.0081619525522,0.881673718159391,0.898107243830282,0.895986902987488,1.25236621842828,0.891315725384175,0.524532074590525,0.790613805741259,2.0264888007041,0.506710132672197,0.654790166862767,0.599423209237784,0.946807207171787,1.36478197519045,1.37691470749337,0.69513957092704,1.13072123987672,1.33244675005585
0.944490792234092,1.13102842838543,1.11172073667331,1.12745830121253,1.48199688424984,1.32717107586745,1.58524817545936,2.02795702694766,0.64092184627134,0.891543979090784,0.617132113337675,1.0600616238155,0.988530535091058,0.878003515304954,0.89347741214624,0.883043726668575,1.20049186026836,0.834778003864358,0.516397369861579,0.763085647327898,2.02645488501889,0.495968531886547,0.645056282120095,0.583278308034778,0.931694093910437,1.34276084801309,1.37144127850183,0.688821077399552,1.12386227164006,1.24486380963822
0.944480406734101,1.13102759422486,1.11171529937042,1.12745712899255,1.48199667836752,1.32717107514873,1.58524807086519,2.02795697638203,0.640919581005164,0.891542728337072,0.616292248648961,1.06003944925897,0.988474466094431,0.878002023692488,0.893437460406858,0.883034374848876,1.20045005505654,0.834752577995459,0.516394614515775,0.763081200854913,2.02645488317603,0.495960134919187,0.645053180420973,0.582910924628777,0.931685878588041,1.34275802803813,1.3714395044592,0.688818181133684,1.12385825029833,1.20991663259611
0.944480405887361,1.13102759421872,1.11171529869171,1.12745712833635,1.48199667835956,1.32717107514873,1.58524807086519,2.02795697638203,0.640919580547916,0.891542728033983,0.616292167869233,1.06003944651684,0.988474457433313,0.878002022858936,0.893437452293938,0.883034372707016,1.20045004789949,0.834752574509594,0.516394614278397,0.763081199908811,2.02645488317603,0.495960132832124,0.645053178276385,0.582910593962197,0.931685876966185,1.34275802683328,1.37143950414247,0.688818179851523,1.12385824843227,1.20991349433893
0.944480405887361,1.13102759421872,1.11171529869171,1.12745712833635,1.48199667835956,0.515076457337273,1.58524807086519,2.02795697638203,0.640919580547916,0.891542728033983,0.616292167869233,1.06003944651684,0.988474457433313,0.878002022858936,0.893437452293938,0.883034372707016,1.20045004789949,0.834752574509594,0.516394614278397,0.763081199908811,0.801651040052775,0.495960132832124,0.645053178276385,0.582910593962197,0.931685876966185,1.34275802683328,1.37143950414247,0.688818179851523,1.12385824843227,1.20991349415272
0.944480405887361,1.13102759421872,1.11171529869171,1.12745712833635,1.48199667835956,0.48450175859989,0.793470503007256,2.02795697638203,0.640919580547916,0.891542728033983,0.616292167869233,1.06003944651684,0.988474457433313,0.878002022858936,0.893437452293938,0.883034372707016,1.20045004789949,0.834752574509594,0.516394614278397,0.763081199908811,0.800922047992799,0.495960132832124,0.645053178276385,0.582910593962197,0.931685876966185,1.34275802683328,1.37143950414247,0.688818179851523,1.12385824843227,1.20991349415272
0.944480405887361,1.13102759421872,1.11171529869171,1.12745712833635,1.4645389067864,0.484501572851968,0.564855672648719,2.02795697638203,0.640919580547916,0.891542728033983,0.616292167869233,1.06003944651684,0.988474457433313,0.878002022858936,0.893437452293938,0.883034372707016,1.20045004789949,0.834752574509594,0.516394614278397,0.763081199908811,0.800922046464166,0.495960132832124,0.645053178276385,0.582910593962197,0.931685876966185,1.34275802683328,1.37143950414247,0.688818179851523,1.12385824843227,1.20991349415272
0.944480405887361,0.592254876001789,0.258149332064704,1.12745712833635,1.19768752452705,0.484501572851968,0.564855587409738,1.11352002789181,0.640919580547916,0.891542728033983,0.616292167869233,1.06003944651684,0.988474457433313,0.878002022858936,0.893437452293938,0.883034372707016,1.20045004789949,0.834752574509594,0.516394614278397,0.763081199908811,0.447375157030365,0.495960132832124,0.645053178276385,0.582910593962197,0.931685876966185,1.34275802683328,1.37143950414247,0.688818179851523,1.12385824843227,1.20991349415272
0.944480405887361,0.592253428469576,0.258141800652083,1.12745712833635,1.197684813759,0.484501572851968,0.564855587409738,1.11351850825213,0.640919580547916,0.891542728033983,0.616292167869233,1.06003944651684,0.988474457433313,0.878002022858936,0.893437452293938,0.883034372707016,1.20045004789949,0.834752574509594,0.516394614278397,0.763081199908811,0.439388790036674,0.495960132832124,0.645053178276385,0.582910593962197,0.256571304193585,1.20432643593153,0.459152076236478,0.688818179851523,1.12385824843227,1.20991349415272
