360886029.500756,54588186.8121251,21569219.9700287,10713108.1451193,205727126.241321,97840821.3165492,6704763.38043945,111116010.340605,21694644.3662969,386662416.529288,4915834.39645041,132737277.238712,168804534.928609,4471554.96922086,39474060.716882,148188510.807334,8935773.27406404,236422932.740397,169993831.157475,88113666.7664965,19825336.8837033,37968908.5744365,22256218.5860958,35953521.2868813,196561158.652909,147916792.337734,53992847.8960698,1216053822.29962,1904007211.7608,508563020.179548
47275311.6457728,11308577.7279854,6555639.02249766,7398572.76083783,33708292.4399739,21022292.8034157,1376810.72869476,6214095.53605461,2943804.12275328,27521774.3639955,3722745.43373965,1800078.43316038,17156916.4012121,3179512.17197561,7414907.91228692,24703538.2092677,3788136.72131235,11649149.1811169,32903137.5020876,14307484.6190673,11428559.6362916,21624223.1705455,9565179.01051407,20801411.7847201,33145594.6744711,12791727.396133,18238418.6082419,5550600.29480333,9265966.46976747,23774514.0512688
7855377.38925955,7529952.71037299,4973623.90687655,6237813.06909245,1985908.57310975,11953970.6144519,829349.019096359,5348010.53844501,1570592.90067673,6205023.13660772,2463271.59669758,316241.32107594,1736285.3755932,2712368.24936253,2568838.87136167,4335178.75075355,2367546.31894738,1519958.39567155,6066008.16865348,6548623.14102732,7229419.45869643,12490433.8048382,6433471.3840751,15054488.2324399,14686235.1364438,5354204.48092113,11735350.5582969,5029550.92124765,5966956.16742905,22033376.6962707
2977170.70927314,441320.121401706,3109907.48807682,4368197.14910666,886310.722921352,6727853.71837871,447003.737117767,3946410.6353278,1294466.30663713,4332667.22223472,1497313.57191796,177458.773437936,1365760.98171243,1755086.06487177,723620.03012535,1720129.04832931,1429850.32741286,506786.162158764,2925075.38667882,4610662.35825533,2828934.38038156,4144664.61537129,1494598.67505747,1622750.24016943,5149483.25954643,1681521.45846645,3142661.25846379,2177267.65133899,4130586.1087412,6810596.98751311
215367.855676143,104985.366120207,353532.005781447,557441.907416123,320407.196558198,1124731.96368894,188443.421804382,378883.179211758,628947.448296286,879580.891508315,260656.594238275,144515.829652463,729379.60442662,210334.511227706,61112.1382971591,358369.708039898,30106.9732481161,118112.504679567,86023.3806980875,214496.053088104,185427.232493206,146528.409629444,253352.813611386,193802.563276333,852165.437819448,135683.514703143,79115.3154725617,682861.518265987,1295582.36822263,163821.810100797
25175.5203558904,6312.49448723996,5445.82979906977,87090.0699295607,42460.5933638266,68142.9567330298,4659.40720520438,46019.8550566559,9813.07634939771,62112.3847374285,17278.3254166788,6015.00966195793,71118.5574502213,11551.476680458,8466.1474535835,17886.2437240093,4475.11432140615,32607.3751248199,19547.0810362741,4011.44787374594,8865.27593397166,6476.47370105456,5021.50224974884,20343.994635723,54664.493894185,3467.76686114856,18537.8033072895,47075.5957308823,69096.0153252935,11858.6232829948
1584.46256337847,1960.00528821346,1746.03668146394,1334.86131772967,1369.0094443229,8755.51589081682,2439.51553678943,1467.63740792171,2823.41111595095,3022.64744459987,947.935697616216,1353.514984289,1809.59691312172,1511.42345032543,2852.59461283928,1678.3494656156,1446.30045140869,807.703051809265,1352.97785986302,1427.4954052178,744.028977752587,1924.69924711803,1243.11086618298,1163.64272860609,1955.63271546903,967.285298255229,1379.2162381127,2110.1304574042,1574.50271706829,1185.77527632627
1246.25688881565,1185.89597058539,1706.51881595071,1025.25203621382,1284.24395711985,1042.13313880302,1591.10942462623,1050.99951352781,1699.44992968972,1049.66430402806,509.398165616638,1333.87672781558,1265.78130797536,1317.77685717601,1026.49671054715,578.178512023536,1232.39127189801,726.886425902791,943.999430718067,1327.02522018924,444.360672783652,1795.40109024496,951.309161621009,1071.1495942047,669.1696564537,960.785040367005,1295.56571003326,1922.91423582675,1430.87551412685,1115.36844896105
1224.45551358603,1149.34102594705,1667.02222906057,988.957855837537,1268.07565889506,1015.22288046561,1579.51944506783,1031.06732733188,1674.34129387058,1032.13330464249,493.981542848172,1312.095301856,1254.1929198304,1265.66671727956,995.944470681751,551.236433065566,1160.09931255974,704.523042958152,937.381431696604,1308.76979847877,439.870253942948,1643.73671572014,919.716043897492,1038.21798197421,636.981128667195,928.557166972552,1260.63339355571,1905.83623395227,1414.79381116991,1109.51424991242
1224.4529292856,1148.73544426197,1666.21651215122,988.950849686606,1268.04597169788,1015.19055708279,1579.51519881963,1031.05142602504,1674.30560941419,1032.12683972005,493.97445573696,1312.06620248801,1254.16214328321,1262.36325530581,995.927535206506,551.217611882158,1153.10142379345,704.49036423391,937.379484469503,1308.28906992687,439.726582687051,1630.3145109968,918.19479481057,1037.93522287014,636.953622153859,917.742777362687,1260.62577488344,1905.80628778156,1414.78988832019,1109.5123526616
1224.45292910692,1148.73539571764,1666.21608916446,988.95084946143,1268.04597046162,1015.19055515282,1579.51519856882,1031.05142578449,1674.30560834997,1032.12683951195,493.974455399718,1312.06620088947,1254.16214233718,1262.36197687046,995.927534425612,551.217611191873,1153.09774349911,704.487819505147,937.379484402485,1308.28904479217,439.726578483065,1629.79993478802,918.194743771681,1037.9259457741,636.953620985165,917.358012290622,1260.62577466315,1905.80628660167,1414.78988820353,1109.5123525844
1224.45292910692,1148.73539571764,1666.21608916446,988.95084946143,1268.04597046162,1015.19055515282,1579.51519856882,1031.05142578449,1674.30560834997,1032.12683951195,493.974455399718,1312.06620088947,1254.16214233718,1262.36197687046,995.927534425612,551.217611191873,1153.09774349911,704.487819505147,937.379484402485,1308.28904479217,439.726578483065,1629.79875112548,918.194743771681,1037.9259457741,636.953620985165,917.357417936787,1260.62577466315,1905.80628660167,1414.78988820353,1109.5123525844
324.602728103418,1148.73539571764,1666.21608916446,988.95084946143,262.469053542025,1015.19055515282,1579.51519856882,1031.05142578449,854.944732193074,1032.12683951195,493.974455399718,1312.06620088947,1254.16214233718,1262.36197687046,995.927534425612,551.217611191873,1153.09774349911,704.487819505147,937.379484402485,540.814005147545,439.726578483065,1629.79875112548,918.194743771681,1037.9259457741,636.953620985165,917.357417936787,1260.62577466315,342.429908688392,1414.78988820353,1109.5123525844
313.698111551141,368.621280581985,559.22296714377,988.95084946143,173.688850397686,787.051650377467,109.125583200425,402.980693839616,854.944732193074,875.65018034449,493.974455399718,750.805362443413,736.769075021718,798.20790888821,822.96856073552,551.217611191873,634.521127498683,211.575451993405,785.421175352541,416.409065042297,439.726578483065,347.043582863224,576.070519400268,596.022436642555,63.9219748879718,197.082787372615,390.856483353404,342.429908688392,589.044969951914,247.856422750967
