5318006137.1901,7834533093.2805,460000.029101518,282294546.524643,792832241.757545,6224438074.53556,7120428306.47723,919515867.832342,3086228.21209676,1270936427.40975,2213297.89696412,592098352.837672,6817347.08841563,17403313.9766753,55760.8127404446,162364203.973552,2085864.79831394,1135250332.28928,2815291.44623588,13009277096.8075,2537349.87893776,365162292.946116,6098.42007544262,2004111870.08157,7037762625.31133,2407812853.47111,4928972.23906197,9835545.9056851,549368925.550384,1436845.77917559
521462.89237432,626329045.140674,4798.12469504878,555109.530991697,2325413.81605395,176460003.179125,418864154.418282,5011868.23768214,3086228.21209676,197497.232077779,1979766.39515915,2243995.54608418,6205408.64829094,9020684.22437777,55760.8127404446,2064394.81899265,1251532.06893254,12340798.2785731,2363027.6231923,45802159.3098112,649625.151011013,67780.0246647896,6098.42007544262,88868.9970423038,1545506073.62036,7571317.36307269,4928972.23906197,7236225.54005655,13463893.4677827,728631.355160373
521462.89237432,7198701.91510998,4798.12469504878,467535.758517689,1395750.38226477,1301484.24359117,750380.611904041,2326686.95142684,2788457.78181925,5376.31108715812,1728113.39136311,1661822.21369741,5809208.02345542,8614578.73545929,55760.8127404446,1775230.77581521,675413.457741863,6679392.00577907,2232522.51310189,1662135.8079287,649625.151011013,33567.7855448608,1709.92012506174,88868.9970423038,3387428.98041362,3469813.70819985,4121914.15597576,5924409.44119984,11321898.9635057,570439.303179426
171883.140850876,3591021.5695656,2189.59982556308,58543.881950134,760112.328683396,659558.626901534,31193.8372901401,2326686.95142684,837032.34274074,5376.31108715812,990806.455350725,1452245.06518682,3684114.50820695,3387710.2552398,25327.3337472015,1253489.53131433,221989.338290784,4689252.15394135,1258499.75667881,871215.889337011,383361.339818415,4168.39515091163,1014.4241836004,88868.9970423038,115288.231966121,2401665.15939264,2156998.17402253,4415671.3256733,8678648.78714386,182134.751697796
2086.23385958864,871002.060819856,2016.68716605443,9465.28970855623,4003.33031869476,141577.782940999,2689.43045781548,202073.854132754,29063.1355727874,1702.78716848959,4761.32298402034,104801.880190038,1929.24534518442,18368.5339334717,14878.7740887595,8088.14710538534,14235.6901860006,12011.699382648,27427.5786614524,44325.6694442243,14095.674035865,1493.45187982633,936.538728171657,1705.02787946816,115288.231966121,16154.9453609701,12383.5672252316,6025.04121607613,228857.852718656,14119.9612357737
1452.00126766985,7976.48568502409,1628.01279452165,7926.43414004632,2833.08081646744,709.298798244247,2425.97302356911,3947.97216366834,7599.12867552519,1121.20804236228,2583.77543799157,10298.2721589512,787.767615245538,1343.04204548845,6075.71256178831,3953.81068858089,8893.58556124871,5605.02098709558,22629.7166764491,3704.79048571829,6409.56217643193,1336.34659894024,805.571153504254,887.559037815892,115288.231966121,11445.4588804575,8872.61284964196,1158.72265983514,2144.46570437031,2626.99875102459
1056.38020038535,791.232032228821,580.528790352078,697.007691658369,1371.35404328044,319.081459095119,930.661323450025,808.499745865221,1357.56541383087,569.183013090639,134.406051787128,1226.27061527925,574.850676755699,1209.1162654105,1496.02294651438,1065.03448070318,624.734869670989,1627.78258234119,2781.93786020195,1358.79960876317,830.88125537118,663.371912596276,680.324281065487,216.630279454935,1278.89565832697,988.58889611798,893.629317364531,365.302662089207,513.187628845139,1091.28557730967
257.685787353139,516.507248252445,453.413798636405,388.626479662024,533.240169411275,311.219134325274,864.067528736749,493.761703254402,733.113209035223,563.750652427651,131.291896120135,682.282296128559,502.39076893741,1144.10904091595,354.055778536829,826.438601509371,485.608042712171,628.090798723656,804.378944057368,117.44826554693,357.238658594796,641.619857720952,653.436704444323,210.804006450687,946.012283063098,746.17648839102,308.340635585804,226.766035471346,379.046201378222,837.885617636809
156.461508019824,490.259128142462,426.524871344755,341.43464637542,505.734783342329,302.299846568636,747.654011544477,480.963468073618,306.911325905777,546.384513235435,124.840166293785,523.068433219299,472.803398688109,780.32767238597,342.907903595898,788.556893464433,414.922631781779,455.731325406674,469.089951657563,76.6923816797926,357.045502482991,533.56270736975,616.486748834795,190.442788362828,833.31653531146,696.270226590106,298.227675912397,200.987447090467,372.280558285449,811.010160605733
132.816144378794,490.259128142462,415.93378256505,335.983686128546,458.818264465382,302.271424851489,728.658527564771,479.633274641076,269.079976291714,539.703114213356,124.520508223784,515.443502850929,471.048385322641,768.747086725755,342.881746754066,709.608680009279,379.716140099121,450.178075327127,447.764171655757,76.6613330206228,357.045401501648,527.018068870534,616.486748834795,190.350535922194,833.31653531146,693.095221745922,255.474733270225,200.987447090467,370.366961859731,811.002006160471
132.816144378794,490.259128142462,415.93378256505,335.983686128546,458.818264465382,302.271424851489,728.658527564771,479.633274641076,268.995293324267,539.703114213356,124.520508223784,515.443502850929,471.048385322641,750.958993420303,342.881746754066,709.608680009279,379.716140099121,450.178075327127,447.764171655757,76.6613330206228,357.045401501648,60.1097861016024,616.486748834795,190.350535922194,79.6258404470013,693.095221745922,255.474733270225,200.987447090467,370.366961859731,811.002006160471
132.816144378794,194.686425478449,173.342767546761,319.913210065622,458.818264465382,302.271424851489,92.6635099292498,141.582147487634,123.553628145447,39.2110496141031,124.520508223784,224.131526999683,32.9752308849834,750.958993420303,342.881746754066,709.608680009279,154.029165406681,139.298411453504,31.0898623663202,76.6613330206228,75.718268349076,45.2525641654111,4.61568207205119,190.350535922194,79.6258404470013,449.523596610441,255.474733270225,200.987447090467,370.366961859731,115.443344607365
132.816144378794,143.221030048684,51.6357306115951,25.8711427631374,95.3974132367175,68.9081360503719,92.6635099292498,141.582147487634,123.553628145447,39.2110496141031,124.520508223784,224.131526999683,32.9752308849834,618.253754314384,199.810293805808,279.181115757983,154.029165406681,139.298411453504,31.0898623663202,76.6613330206228,20.2398644576765,45.2525641654111,4.61568207205119,190.350535922194,79.6258404470013,79.5386927392278,243.471202005762,74.0496385362358,137.951633235522,35.5677197055525
55.1223311258577,134.72927177042,51.6357306115951,8.42218076730478,95.3974132367175,68.9081360503719,92.6635099292498,141.582147487634,123.553628145447,39.2110496141031,58.1963399406186,77.8011506388275,32.9752308849834,33.29052677759,111.348491222855,119.139215354416,97.4564782909792,129.149446995543,31.0898623663202,6.31761682906517,9.94851121689817,45.2525641654111,4.61568207205119,103.446674754015,16.7045158292381,30.5076415444505,110.660914598928,42.2498194240993,137.951633235522,13.3325806075322
