2939.32490897522,2553.87675161046,2851.09417724187,3841.27332775637,2133.17771086313,2196.04401707995,1836.65432263385,3044.7619539615,5573.25553034998,1821.21446260615,2773.42526005972,3731.12245380876,3309.26076019707,4288.65515443277,1864.77115738182,5125.33943777787,2538.43745219482,4182.49174672879,2575.70351935334,3437.41294987721,3623.72806731398,1834.36346557297,2297.80958237033,1446.09500603307,4189.50966280184,2146.86064478336,2661.82876451313,6001.27012713315,4846.89854238719,2292.5477814965
2939.32490897522,2553.87675161046,2851.09417724187,3841.27332775637,2133.17771086313,2196.04401707995,1836.65432263385,3044.7619539615,5573.25553034998,1821.21446260615,2773.42526005972,3731.12245380876,3309.26076019707,4288.65515443277,1864.77115738182,5125.33943777787,2538.43745219482,4182.49174672879,2575.70351935334,3437.41294987721,3623.72806731398,1834.36346557297,2297.80958237033,1446.09500603307,4189.50966280184,2146.86064478336,2661.82876451313,6001.27012713315,4846.89854238719,2292.5477814965
2939.32490897522,2553.87675161046,2851.09417724187,3841.27332775637,2133.17771086313,2196.04401707995,1836.65432263385,3044.7619539615,5573.25553034998,1821.21446260615,2773.42526005972,3731.12245380876,3309.26076019707,4288.65515443277,1864.77115738182,5125.33943777787,2538.43745219482,4182.49174672879,2575.70351935334,3437.41294987721,3623.72806731398,1834.36346557297,2297.80958237033,1446.09500603307,4189.50966280184,2146.86064478336,2661.82876451313,6001.27012713315,4846.89854238719,2292.5477814965
2939.32490897522,2553.87675161046,2851.09417724187,3841.27332775637,2133.17771086313,2196.04401707995,1836.65432263385,3044.7619539615,5573.25553034998,1821.21446260615,2773.42526005972,3731.12245380876,3309.26076019707,4288.65515443277,1864.77115738182,5125.33943777787,2538.43745219482,4182.49174672879,2575.70351935334,3437.41294987721,3623.72806731398,1834.36346557297,2297.80958237033,1446.09500603307,4189.50966280184,2146.86064478336,2661.82876451313,6001.27012713315,4846.89854238719,2292.5477814965
2939.32490897522,2553.87675161046,2851.09417724187,3841.27332775637,2133.17771086313,2196.04401707995,1836.65432263385,3044.7619539615,5573.25553034998,1821.21446260615,2773.42526005972,3731.12245380876,3309.26076019707,4288.65515443277,1864.77115738182,5125.33943777787,2538.43745219482,4182.49174672879,2575.70351935334,3437.41294987721,3623.72806731398,1834.36346557297,2297.80958237033,1446.09500603307,4189.50966280184,2146.86064478336,2661.82876451313,6001.27012713315,4846.89854238719,2292.5477814965
2930.15555988393,2443.67451753165,2565.05211181786,3634.53020049654,2133.17771086313,2102.54913710752,1812.56393206157,2921.95967344105,5243.37948181999,1821.21446260615,2736.71952364092,3670.39807577561,3127.25694495257,4171.52418583366,1803.70195673865,5102.63306785378,2517.98434298788,3885.15200705468,2570.05580004288,3251.94060639489,3603.35562907582,1669.96921475904,2233.47966343682,1446.09500603307,3798.52383603065,2146.53977211228,2608.47663076378,5829.00964926592,4687.47798679537,2226.45431287774
2820.60436216315,2443.67451753165,2345.61132247259,3297.44007872702,2026.23173845137,2023.91286765538,1631.45132883162,2783.35623428551,4446.90841354903,1810.90233040436,2700.84504427183,3471.40030481069,3115.78525549849,3706.67952641244,1617.33856152793,4781.56429581965,2352.81994924844,3594.59718883893,2436.58475685786,3014.80117928032,3526.97249686667,1669.96921475904,2009.05746040181,1355.72277086961,3536.5675338118,2054.55511491118,2386.30024717882,4985.32916350031,4192.8844478127,2186.49535955277
2450.48826025716,2006.52752366276,1730.17587194485,2420.67369665766,1777.7389657718,1717.73092723155,1554.71584888623,2350.77448807963,3469.44025593045,1564.79776972734,2495.03978077348,2617.88642627948,2798.76298486769,3295.29814883854,1399.16161278121,4150.34057359765,2106.52618751872,2878.08352966144,2116.24870086253,2267.27627995527,3245.76419382476,1463.45298539861,1690.17851826565,1185.89463433947,2597.70778516252,1721.5982316797,2118.15440014962,3778.29585379375,3122.96620895533,1912.3811418757
1815.44786666483,1468.75863599523,889.296232927238,1362.77336749373,1166.92598975919,1312.1782677713,1184.19008378762,1362.96812547313,1920.78748359589,1099.06667982151,1783.20736166197,1317.17351956922,2191.33184138866,1732.78382567491,882.345124227473,2258.6096465935,1624.5716765002,1511.64432258516,1574.9417204484,1425.86878765945,2316.39904713274,1041.33724215722,1279.58256372862,788.304318426254,1532.98370049882,1299.76911426793,1066.1956107531,2320.13469914542,1753.30030212857,1447.53480384488
643.077883249759,556.93874492524,361.620399538485,475.726817466719,449.80714458435,709.005350300013,451.133274119683,519.878356470446,535.68899168483,422.183846175192,537.546602490403,522.252950976703,891.804480875437,529.87017629821,363.608170450663,649.013443823623,413.552894166021,535.199398791054,573.919151805729,503.408670910095,824.148274476244,395.116285285349,507.666509394644,320.120748737279,506.480252865372,420.482045118167,375.063303119488,575.11804891474,660.719950225856,431.737140101574
251.53062001567,163.787220441401,172.774225682239,196.776073111808,195.816677000849,249.327327022014,205.745669692395,209.366680376093,229.768587862892,198.48816752063,222.706468075295,214.023095933005,237.022335178958,212.708846982247,200.796242059294,212.641739065648,208.2046351687,218.635259951772,210.549341436546,186.101180955625,241.309225405184,190.37393397489,235.887405500641,176.183570036758,224.028691405795,213.442825629348,208.911350935248,233.962651126975,213.321573347814,216.253930335884
25.5552462676048,31.6860383131534,23.8536718952553,22.4143959892474,26.529733152875,53.7686043988006,22.4463817443443,31.0772889824134,31.3201211395199,19.3844106939314,36.0293740766792,32.9333611177897,32.192165015394,34.1837845595201,19.1012529461432,34.9006022188664,20.9576826424714,21.9016582474769,18.8735155373327,16.7318770556117,25.2630322899163,11.7205738592506,45.1414614271951,41.7825964842318,22.57669694485,22.0514084695058,17.573424119824,27.0478680493907,21.8152099347919,21.9194986500356
18.9051108451449,26.8644369972963,21.8893462924871,18.9046294792943,23.8792141954866,49.7483220192696,18.9048087280971,28.8541827455399,26.8643655330441,15.9197963670015,30.8447252433839,28.8540963486435,24.8747798227312,29.8495001002368,15.9200526942764,28.8544636021413,17.9097056446185,16.9148379433132,14.924971035191,13.9298659680314,19.9001882354637,7.96014919981121,42.7835550505943,39.7986319795516,18.9048037013715,18.9047355673526,14.924788162564,20.8947532853024,14.9250737219281,18.9044987266575
18.904217059609,26.863874395581,21.8890891828312,18.9042170499858,23.8790123349722,49.7478923610215,18.904212012485,28.8537975464997,26.8638844698885,15.9193449162913,30.8437106244373,28.8537925117225,24.8739663607143,29.8487364084656,15.9193398800178,28.853797548391,17.9092327589647,16.9142939001129,14.9243858622087,13.9294268052624,19.8991710745918,7.95967248629927,42.7832041945919,39.7983320602059,18.9042120130775,18.904217051135,14.9243808209599,20.8941351672343,14.9243858635173,18.9042170497901
13.9294217644529,7.95967247966132,12.0771326491513,10.9910030465142,13.9294217765566,9.96600336521237,13.0040744259411,12.9344627264275,8.95463153717947,13.929426814454,5.04972201769465,12.9344677449326,11.970201981969,9.04699862689631,9.94959059004168,16.9143039874623,9.94959058372024,16.9142939001129,14.9243858622087,12.9344677553145,10.0746974758063,7.95967248629927,9.99577759167505,11.0372645462585,18.9042120130775,10.9445445959227,7.95967248139755,4.99928594456378,14.9243858635173,9.94959057330288
2.9848771785455,7.95967247966132,8.95462652740935,6.34983568674534,8.44800155701955,8.95463151789613,4.27704605545478,8.21610612087829,8.95463153717947,5.96975439463085,4.97479532657735,12.9344677449326,4.17322503329137,8.00868721444681,4.2456985364197,9.21109487796571,9.94959058372024,8.16432446101953,12.1517777936629,6.9647134779791,4.12005723507332,7.95967248629927,3.52995956149584,8.16514234481042,10.9445446200623,10.9445445959227,4.14414406225796,4.97479531063527,7.95967246259534,7.18422723358754
