15,15,15,15,15,15,15,15,15,15,15,15,15,15,15,15,15,15,15,15,15,15,15,15,15,15,15,15,15,15
15,15,15,15,15,15,15,15,15,15,15,15,15,15,15,15,15,15,15,15,15,15,15,15,15,15,15,15,15,15
15,15,15,15,15,15,15,15,15,15,15,15,15,15,15,15,15,15,15,15,15,15,15,15,15,15,15,15,15,15
15,15,15,15,15,15,15,15,15,15,15,15,15,15,15,15,15,15,15,15,15,15,15,15,15,15,15,15,15,15
15,15,15,15,15,15,15,15,15,15,15,15,15,15,15,15,15,15,15,15,15,15,15,15,15,15,15,15,15,15
15,15,15,15,15,15,15,15,15,15,15,15,15,15,15,15,15,15,15,15,15,15,15,15,15,15,15,15,15,15
15,15,15,15,15,15,15,15,15,15,15,15,15,15,15,15,15,15,15,15,15,15,15,15,15,15,15,15,15,15
15,15,15,15,15,15,15,15,15,15,15,15,15,15,15,15,15,15,15,15,15,15,15,15,15,15,15,15,15,15
15,15,15,15,15,15,15,15,15,15,15,15,15,15,15,15,15,15,15,15,15,15,15,15,15,15,15,15,15,15
15,15,15,15,15,15,15,15,15,15,15,15,15,15,15,15,15,15,15,15,15,15,15,15,15,15,15,15,15,15
15,15,15,15,15,15,15,15,15,15,15,15,15,15,15,15,15,15,15,15,15,15,15,15,15,15,15,15,15,15
15,15,15,15,15,15,15,15,15,15,15,15,15,15,15,15,15,15,15,15,15,15,14.9999999999923,15,15,15,15,15,15,15
15,15,15,15,15,14.9999999999995,15,15,15,15,15,15,15,15,15,15,15,15,15,15,14.9999999999995,15,14.9999999999814,15,14.9999999999995,15,15,15,15,15
14.9999999999513,15,14.9999999999191,15,15,14.9999999999995,15,14.9999999999964,15,15,14.9999999999836,15,15,14.9999999999563,14.9999999999977,15,15,14.9999999999995,15,14.9999999999864,14.9999999999995,15,14.9999999995598,15,14.9999999999995,15,14.9999999999081,14.999999998151,14.9999999992187,14.9999999869465
14.9999999999513,15,14.9999999999191,14.9999999999864,14.9999999997649,14.9999999978527,14.9999999948973,14.9999999999964,14.9999999987972,14.9999999990032,14.9999999998167,14.9999999999991,14.9999999990878,14.9999999940528,14.9999999990105,14.9999999485199,14.5008557438214,14.9999999999986,14.9999999999986,14.9999999999864,14.9999999995516,14.9999999998931,14.9999999995598,15,14.9999999999918,15,14.9999999999081,14.999999998151,14.9999999992187,14.9999999869465
14.5002464335298,14.9999956167817,14.9999999653519,14.9996088272146,14.9999830620236,14.9999983607145,14.9999834658474,14.9999998948101,14.9999981091578,14.99999818072,14.9996573910394,14.9999999762958,14.9999998969265,14.5004591613078,14.9999943886146,14.9999997419472,14.5008557438214,14.9999999436277,14.9999944635983,14.9999998471353,14.9999986953321,14.9999999761822,14.9999989041798,14.9999997410605,14.9999999380866,14.9999861203737,14.9999986350344,14.9999985522827,14.9999984048422,14.9999994310501
