15388.646847552,14118.6588711069,13141.1648554585,15490.2505881521,16346.6523657898,14526.7375063256,15430.6313237018,15672.3446551372,14741.936990566,13511.3472864328,15464.3122422379,15130.6480335066,15200.6638521109,14565.4877740249,15009.3713382308,15881.1943539323,14663.5921870869,14704.6450835648,15532.3138644853,15247.1366357502,14610.8034820958,15842.6855441803,13845.9332324192,15450.41909366,14488.6266587824,14704.4655421966,15359.1646123998,15638.2288968987,15198.64682568,13987.5862725129
12359.9714528664,11335.223971081,11145.8942011237,12980.9786516314,13395.0837507076,12738.384557397,11929.4953432589,12749.5709070312,11214.0732113725,10847.8050096989,12812.6767765344,12545.8869746803,12267.5669576728,12223.4028776811,12602.527152971,13042.7033699538,11670.4213380583,11739.5268216081,12781.1983656521,11771.5984257023,12223.4630877452,13624.5805573078,11468.3228119979,12882.818197684,11021.4817309751,11388.4783565347,12609.5565487432,12956.984092411,12458.8796633288,12009.6834669512
11214.6399904748,10462.8353427872,9974.51007112953,11740.3512029066,12205.0642376172,11640.1312559601,10266.4520269643,11486.3750184193,10502.9263712765,9738.13951323872,11972.0552876873,11092.4560323212,10521.6386332939,11066.4607003897,11539.7433779323,11958.9409556809,10897.3029706488,10710.0744345478,11648.741940205,10396.923700528,10637.7628535417,12815.4545053923,10606.9985457081,11491.7138322059,9821.02792416449,9676.32827915113,11647.4334393963,11512.2065806335,11498.4153880732,11327.5810029845
10621.8929779978,10185.7325651539,9526.61268774963,10575.0031724514,11506.4489624915,11257.3309359676,9474.53019400536,10762.4555007216,10268.8254274321,9222.11651935206,11670.5616160732,10287.1239906436,9742.23323479122,10597.8936950981,11282.0398746197,11162.4950083127,10556.8524754188,10250.5356343428,11085.8846456619,10031.0168798627,9989.56373773023,12528.1880579993,10326.0956273493,10864.6457695832,9284.30123128028,8915.66212586056,10980.2964565597,10949.2958654652,10799.5420506948,11075.6327035127
10563.4945016406,10178.7006577992,9501.66314235014,10334.4887079817,11458.4251069325,11246.6032437342,9408.43466005839,10588.451874004,10262.71155354,9201.97987491152,11660.5783547215,10122.9260797672,9646.54453734441,10192.4137630976,11274.2751471844,11057.9526947039,10481.4112805074,10217.9708362225,11028.355056145,9985.46589956636,9946.26567513952,12511.3078432866,10320.232038549,10818.0565313037,9263.75692657382,8841.62815095802,10908.7456816874,10900.4177572654,10746.1752979703,11069.6032018418
10407.3281893039,10175.7587202288,9499.34728464357,10332.7087728498,11458.2255633181,11245.4115748991,9408.15813879067,10553.3957154453,10261.4491137437,9199.36940391409,11658.5284283432,10118.4677164223,9641.77204570111,9704.73654097887,11268.4304151311,11047.6806967179,10480.325150948,10217.5919692392,11027.5380147976,9985.40475026064,9944.81881681433,12502.2339124448,10314.8670858717,10790.9804580999,9254.56506834117,8841.24783610413,10893.7316091535,10900.2351959898,10745.4698107815,11065.0011170111
10400.6994453443,10174.6692997358,9498.36328811305,10332.7086353858,11458.0988884587,11244.7446670468,9408.06109345645,10486.8932360049,10260.889226692,9198.05043865211,11657.5914454871,10110.648611969,9640.14667510713,9703.64555535967,11262.891937227,11034.7576786478,10479.7299714184,10217.4046070647,11026.9536682531,9985.35599946731,9944.22546237679,12484.2112461472,10312.9437668665,10786.0535477827,9249.86446029216,8840.78837336058,10893.0753302993,10900.1237076922,10744.771623128,11061.7640669228
10400.4094940681,10174.1180815446,9498.07796591082,10227.881667546,11456.4165611009,11244.2664789191,9408.02937273827,10421.3784713495,10260.5137457561,9197.16773496662,11657.4048091053,10110.4067533034,9639.6679060845,9703.63868578394,11262.7709365685,10954.2067315704,10479.6369089966,10217.3902129701,11026.9069472153,9985.35294402252,9944.01530348431,12482.234660627,10311.6363048663,10785.8269989308,9249.44815433564,8840.67543514355,10893.0248523949,10900.0381091464,10743.7110270549,11060.7664371329
10400.3701860314,10173.9310357959,9498.04632996191,10222.2327518234,11455.2626496255,11242.535332183,9408.02633576158,10421.0698704572,10097.0439132416,9196.99687125276,11657.396955444,10110.3971334401,9639.57837850346,9703.63790093555,11262.767240984,10953.9674878228,10479.6245992411,10217.3882773576,11026.9024369732,9985.3528208423,9943.9848073271,12482.1014195737,10311.3778374966,10785.8098613306,9249.41904130018,8840.67223073752,10893.0224864231,10900.0315174387,10742.9024889326,11060.7298659015
10400.3632470926,10173.8901445217,9370.21591421552,10222.1851209751,10164.1544411683,11203.9097137527,8230.41954683523,10421.047985661,10025.8803291192,9196.9495879334,11657.3941616773,10110.3964578418,9345.06386464392,9703.63790093555,10684.9466179062,9816.03721094076,10479.6219521702,10217.3882773576,9963.16757722908,9985.3528208423,9943.98114898754,12482.0629122312,10311.3095225382,10326.9865111733,9249.41733326451,8840.67223073752,8391.25383736749,10710.8185600742,10742.8920653084,11060.7275761984
7511.1775455078,8685.41017363438,9325.51985201278,10222.1828157105,10162.9429218572,11203.6700706253,8212.52494095481,10421.047985661,10017.983386649,9196.94824959766,11345.335960652,10110.3964578418,9151.15349688188,9703.63790093555,10672.449864372,9805.37895146744,10190.3849724679,10217.3882773576,9961.35504292369,9985.3528208423,9943.98095129178,10759.2365728563,10311.3006688818,10238.1255639754,9249.41733326451,8840.67223073752,8389.91725385626,9938.67577352009,8344.69008856953,11060.7275761984
7510.81131971576,8403.29925673039,9325.45888582527,10222.1828157105,10162.5646661917,9696.94986754437,8212.52483429773,10421.047985661,10017.9832598617,9196.94824959766,11289.6944912213,10110.3964578418,9151.14342845171,9703.63790093555,10669.4117790963,9804.10733092518,10184.6299909134,10217.3882773576,9961.26542581507,9985.3528208423,9943.98095129178,10478.5751158806,10100.08552911,10230.6524207035,9249.41733326451,8840.67223073752,8389.40241967272,9938.63561683212,7863.30151864739,11060.7275761984
7510.80283527408,8401.62406195956,9325.45833790839,10222.1828157105,9916.54883017255,9696.91380704867,8212.52483429773,10421.047985661,10017.9832598617,9196.94824959766,11287.9379754995,10110.3964578418,9151.14342845171,9703.63790093555,10669.3380652396,9804.08383403061,10180.907487879,10217.3882773576,9919.90253118402,9985.3528208423,9943.98095129178,10478.5048667002,10099.1118115905,10230.5955858517,9249.41733326451,8840.67223073752,8389.40231592606,9938.63556779854,7863.30125762783,11060.7275761984
7510.80283527408,8401.62256305003,9325.45833790839,7766.75510757659,9494.09922503129,9696.9133375781,8212.52483429773,10367.1844789921,10017.9832598617,9196.94824959766,11287.867629012,10110.3964578418,9151.14342845171,9486.81481932619,10669.3157184135,9804.08383403061,10053.3421968013,9845.23633971929,9917.10495079574,9985.3528208423,9943.98095129178,10478.5042952785,10099.0222451799,10230.5952436261,9249.41733326451,8840.67223073752,8389.40231592606,9938.63556779854,7863.30125762783,11060.7275761984
