11131.7835680115,11171.391231741,10915.5741255071,11287.094560546,11164.8862851383,11218.9076001182,10961.6315861581,11334.9749410719,10984.4018160372,10765.2003920223,10609.2909170893,11590.6056346419,10284.9703574632,11299.565573586,10115.9548618183,10474.0058206454,10863.6455670536,10757.9414916292,10544.0629446177,10534.3249029997,11013.9152123247,10825.7142315275,10454.6783113227,11023.1050258172,10211.2411817856,10794.2478545862,11138.9876542699,10643.7662401196,10470.574427361,9525.1666215478
11131.7835680115,11171.391231741,10915.5741255071,11287.094560546,11164.8862851383,11218.9076001182,10961.6315861581,11334.9749410719,10984.4018160372,10765.2003920223,10609.2909170893,11590.6056346419,10284.9703574632,11299.565573586,10115.9548618183,10474.0058206454,10863.6455670536,10757.9414916292,10544.0629446177,10534.3249029997,11013.9152123247,10825.7142315275,10454.6783113227,11023.1050258172,10211.2411817856,10794.2478545862,11138.9876542699,10643.7662401196,10470.574427361,9525.1666215478
11131.7835680115,11171.391231741,10915.5741255071,11287.094560546,11164.8862851383,11218.9076001182,10961.6315861581,11334.9749410719,10984.4018160372,10765.2003920223,10609.2909170893,11590.6056346419,10284.9703574632,11299.565573586,10115.9548618183,10474.0058206454,10863.6455670536,10757.9414916292,10544.0629446177,10534.3249029997,11013.9152123247,10825.7142315275,10454.6783113227,11023.1050258172,10211.2411817856,10794.2478545862,11138.9876542699,10643.7662401196,10470.574427361,9525.1666215478
11131.7835680115,11171.391231741,10915.5741255071,11287.094560546,11164.8862851383,11218.9076001182,10961.6315861581,11334.9749410719,10984.4018160372,10765.2003920223,10609.2909170893,11590.6056346419,10284.9703574632,11299.565573586,10115.9548618183,10474.0058206454,10863.6455670536,10757.9414916292,10544.0629446177,10534.3249029997,11013.9152123247,10825.7142315275,10454.6783113227,11023.1050258172,10211.2411817856,10794.2478545862,11138.9876542699,10643.7662401196,10470.574427361,9525.1666215478
11131.7835680115,11171.391231741,10915.5741255071,11287.094560546,11164.8862851383,11218.9076001182,10961.6315861581,11334.9749410719,10984.4018160372,10765.2003920223,10609.2909170893,11590.6056346419,10284.9703574632,11299.565573586,10115.9548618183,10474.0058206454,10863.6455670536,10757.9414916292,10544.0629446177,10534.3249029997,11013.9152123247,10825.7142315275,10454.6783113227,11023.1050258172,10211.2411817856,10794.2478545862,11138.9876542699,10643.7662401196,10470.574427361,9525.1666215478
10198.9445545643,10576.0441337157,10915.5741255071,11067.636756609,11164.8862851383,11121.8089336229,10961.6315861581,10285.0920178429,10609.8877452199,10397.7647988831,10609.2909170893,11376.8434676612,10284.9703574632,10750.5543166027,10115.9548618183,10474.0058206454,10417.7427209794,10175.4702142424,10409.6471316505,10534.3249029997,10758.7099547788,10675.4934129282,10076.491672573,10540.0817427707,9961.94682312073,10562.3096541633,11138.9876542699,10643.7662401196,10470.574427361,8977.51150198892
10053.2537514152,10435.2018844471,10701.1769009567,10372.3967123312,11116.3908905265,10513.1536213436,10691.2581098187,9892.47247683862,10475.8139055354,9907.44964047182,10442.2662916583,11376.8434676612,10284.9703574632,10582.3130850627,9498.85099940252,10474.0058206454,10414.4232724158,9921.4625777057,9949.1809235397,10412.6365279775,10594.1065605086,10675.4934129282,9661.54031060536,10540.0817427707,8631.68887308632,9874.37737861307,11035.9971365293,10367.2635860455,10240.6512180503,8977.51150198892
9365.80120699623,9680.7850796963,10537.8734033085,10372.3967123312,10842.1588381496,10148.3700337957,10112.3795930252,9721.02511046452,10231.2826777512,9022.60854460608,10442.2662916583,11055.0862377989,10266.3652231603,9881.14617991145,9480.72819984524,10345.0262585112,10033.4668263759,9368.03442632958,9121.2517594913,9851.59201244406,10345.3768891679,10094.4463686544,9122.78936762168,9950.70720721502,8631.68887308632,9874.37737861307,10651.1826517346,9830.67390490341,9437.95419081952,7773.26232173273
8709.41717589855,8750.69350219052,9258.25452315061,9646.87522205805,9111.65998784147,8723.59996061865,8865.24286115049,8281.8253527456,8910.90391459527,7911.51136270882,9335.66628415818,10023.0126132841,9266.06451393362,8142.18782778078,8278.10753645643,9187.4182754628,9065.22253856282,8431.4984865189,8076.78066480332,8849.67638326372,9074.89439401391,9355.98371447295,8643.36177457936,8636.08276477066,7479.87380026186,8667.89291786607,9778.886696206,8939.47805022994,7549.02195841764,6709.82464935069
7164.06065720186,7027.53317368629,7792.51037306735,8488.191033394,7949.10057229314,7435.86144520283,7171.74396480036,6542.91172217311,6777.95772011053,6166.07546357721,7291.07075267334,8909.18149094441,7348.01152678481,5966.7059919518,6758.69054541299,7817.92485472907,7411.00242281519,6885.79158186474,6829.75391419911,7281.42502566147,7916.66071844924,7804.49957530103,6491.66608237741,7357.48021956999,5666.37231646721,6098.76894163478,8596.58250911872,7561.6692324526,6212.38710301493,5218.17533958759
6311.80918373819,5719.0737967005,6474.42307593768,8009.0740023198,7329.49636997976,6824.69110577553,5843.09379127326,5348.17698508481,6050.5022642784,5325.66451492196,6359.15003867556,7121.1535494299,6458.05284491211,5090.57997216093,5732.57888220532,7388.35083865005,6714.82601302561,6348.59251548821,6479.50777199841,6252.77579131163,7615.14469748376,6424.01379678521,5459.17418511297,6635.71889111408,5074.60328699272,5570.43212617273,8072.76030949806,6869.20387178357,5135.16698083582,4010.60519048974
6155.36705343032,5584.79906198337,6392.55220245435,7940.17495316866,7307.91117993848,6757.01129526684,5704.37636011406,5285.05786037972,5922.74238448052,5259.05444894572,6294.54168177302,6904.41947546092,6360.13309016775,4996.44929857341,5591.59232654791,7359.97092226088,6630.35526916645,6305.65139019591,6449.54326763456,6152.84943522728,7567.56642286403,6218.54607949043,5322.76868630815,6566.84232948967,5021.92570903374,5493.7779236939,7994.30595854869,6752.52056366697,5054.23965436932,3851.36973867685
6154.33081673427,5583.8563747946,6371.38692397579,7934.58360215525,7306.52070433602,6755.97511544901,5703.12958186765,5284.13001214197,5921.9089567695,5258.83980643788,6294.12761654812,6899.7341333289,6359.43408885036,4995.74195366805,5590.50476644128,7358.6252659308,6627.94651520151,6305.0653071462,6447.9356362022,6152.43411205187,7558.76940171886,6216.65423444214,5321.33079256501,6566.17133465904,5021.73663879039,5493.40642070421,7993.886819472,6736.41745917923,5053.68010339595,3846.1856211212
6154.27698693967,5583.66085778145,6371.25785546069,7933.05953228292,7304.36495813857,6755.47522585754,5703.09241438902,5284.12597556848,5921.35607544797,5258.83980227911,6294.08577376217,6111.3546573157,6359.43403926222,4995.74188346706,5590.50349479514,7306.44354869542,6625.07659047813,6304.27490506372,6377.87175145704,6152.40231485288,7554.17985005351,6216.64404717906,5321.330537322,6566.08843304335,5021.46616543035,5493.37914769055,7993.87873924357,6734.42131292067,5053.66927547364,3842.27313988569
6154.2762937784,5583.66073254437,4636.48870188775,4905.79078766649,5989.13667329049,6106.43847943707,5453.94844899789,5284.12593547731,5786.80382742939,5258.83980227911,5643.34435507516,5781.96642138582,6359.43403926222,4995.74188346706,3781.39985423714,6131.78520431558,4698.14122253715,5999.85451487408,6377.3758181972,6152.40210230132,7492.24064322906,4627.72073895365,5321.33053373369,4780.22483216293,5021.44538567177,5393.52644117144,4113.92997048066,4552.35719749279,5053.66922187309,3842.26626827233
3792.48567001963,5258.98173445582,4096.02833688088,4905.78751031696,3851.03409506637,3303.98208437753,4215.51123912749,5284.12593547731,4669.77634940161,4464.77079839584,3119.57407490495,3982.64193813687,3411.93371713934,4490.86400811241,3429.95686152612,5438.82209192429,4698.14119999768,5222.76834001235,5035.42390059154,2971.63145200061,4232.32736873848,3998.39661469231,5024.56750362199,4115.30752502476,5021.44538567177,3879.72471446163,4113.9296573663,2777.78999368673,5053.66922187309,3842.26626827233
