483.04602563982,802.18104562378,583.608356021081,567.100955970948,823.008328044854,777.535793656927,505.553028113178,917.116087871347,503.007963015737,1093.47922896146,482.848217776008,1254.28861028318,655.51015295077,628.671948382065,849.25091179935,453.219006664821,757.013946229348,493.895210948363,483.623763548487,808.784329230951,923.193251354856,675.217916529489,682.560274988555,739.376729019431,846.413191094901,793.46087521821,487.969130674238,732.230132140644,397.189308989751,584.573630307277
483.04602563982,802.18104562378,583.608356021081,567.100955970948,823.008328044854,777.535793656927,505.553028113178,917.116087871347,503.007963015737,1093.47922896146,482.848217776008,1254.28861028318,655.51015295077,628.671948382065,849.25091179935,453.219006664821,757.013946229348,493.895210948363,483.623763548487,808.784329230951,923.193251354856,675.217916529489,682.560274988555,739.376729019431,846.413191094901,793.46087521821,487.969130674238,732.230132140644,397.189308989751,584.573630307277
483.04602563982,802.18104562378,583.608356021081,567.100955970948,823.008328044854,777.535793656927,505.553028113178,917.116087871347,503.007963015737,1093.47922896146,482.848217776008,1254.28861028318,655.51015295077,628.671948382065,849.25091179935,453.219006664821,757.013946229348,493.895210948363,483.623763548487,808.784329230951,923.193251354856,675.217916529489,682.560274988555,739.376729019431,846.413191094901,793.46087521821,487.969130674238,732.230132140644,397.189308989751,584.573630307277
483.04602563982,802.18104562378,583.608356021081,567.100955970948,823.008328044854,777.535793656927,505.553028113178,917.116087871347,503.007963015737,1093.47922896146,482.848217776008,1254.28861028318,655.51015295077,628.671948382065,849.25091179935,453.219006664821,757.013946229348,493.895210948363,483.623763548487,808.784329230951,923.193251354856,675.217916529489,682.560274988555,739.376729019431,846.413191094901,793.46087521821,487.969130674238,732.230132140644,397.189308989751,584.573630307277
483.04602563982,802.18104562378,583.608356021081,567.100955970948,823.008328044854,777.535793656927,505.553028113178,917.116087871347,503.007963015737,1093.47922896146,482.848217776008,1254.28861028318,655.51015295077,628.671948382065,849.25091179935,453.219006664821,757.013946229348,493.895210948363,483.623763548487,808.784329230951,923.193251354856,675.217916529489,682.560274988555,739.376729019431,846.413191094901,793.46087521821,487.969130674238,732.230132140644,397.189308989751,584.573630307277
481.768328132951,721.357137005087,582.021881368549,560.031882126115,786.64383957587,763.749760890317,505.453984788259,880.934360901127,494.220745977929,1006.33352254013,478.156803688839,1224.67717413855,655.51015295077,620.867811197077,839.410676023231,450.288252123572,757.013946229348,481.912672070517,483.623763548487,788.680884141159,912.524164385562,642.169377625004,668.604220507023,712.160956621564,845.980814218002,757.869330179057,472.067778336931,706.04156243329,393.921364356907,575.888316291962
464.391816940055,714.199700425101,549.55203842943,548.675297943531,682.154047139426,695.553369160167,484.987291001141,800.196213203238,480.047841179733,907.032494191106,466.09940744974,962.316080298436,606.356553407578,595.632795126514,798.642746708943,432.19934672402,721.441566024223,479.321418172015,461.926162349271,717.209460836077,860.264338788926,609.897328762208,630.193374882344,703.294888812417,793.556117697348,736.144728409583,458.797779311526,679.74061366227,383.38118935512,535.496047031502
436.902691304172,672.056716100622,498.946037341085,514.81419031126,590.574366601981,635.194419128359,466.222006998119,698.021862140202,442.659610892292,730.765132516619,440.086448332485,722.737129555031,498.456732895381,559.865859785803,733.634076450133,419.031762810981,644.729130922457,445.637211060382,454.992104988135,646.182883031468,755.810656157348,533.744871337173,581.690068096443,635.184285032937,732.027321128023,659.397306551469,438.648728667124,623.904172515826,373.075848021583,499.834871468628
386.890691695653,539.310924222512,418.633156583279,464.040533937839,460.229103077308,528.59464941207,437.371636808989,534.881953463795,398.530474957038,493.104038200361,431.06383844018,530.682454676047,411.61024865358,507.893624203486,615.125260836937,390.19709380084,525.346781429044,398.245604948674,423.07131069884,535.650196738196,527.971432527448,415.314126544024,471.451949649967,560.467815866683,591.779713400833,593.997037111641,407.27355400303,520.884391933511,356.546856077052,438.640197028463
357.499801799591,377.349378274449,349.955963894822,427.418201794382,393.692334815911,426.83355315998,406.332592173187,451.711827164535,346.900760687584,369.509944532098,401.882715462848,403.537998233153,361.971250607389,453.487704143823,490.862976755181,359.348932293208,416.004187381115,354.375306782074,384.302244947605,412.432854859932,368.586079603834,358.772091848627,391.489163278198,390.870893795066,439.452224649286,466.361224072302,372.919671933326,369.629394120281,338.98559091775,393.262177012593
333.689531303764,322.408436092176,313.133799795743,390.703297859367,340.879588114567,380.445283024023,383.495958557121,388.27055913885,326.035154575076,308.17426475601,381.448556588897,332.455700369519,323.10582302645,357.009554865175,405.238377665988,322.823514426821,332.531154951126,331.185770303502,355.573669320988,334.242878580961,312.211445674604,317.660616116596,334.242690573109,308.553821575049,365.007352674245,357.829089517331,349.851950316608,327.45921613696,319.126617510074,359.474667108222
326.05325109434,302.892426383412,296.41667052674,378.363920514087,324.766501011519,366.60955255337,375.493017301053,368.181222997396,315.927638468727,290.388580510805,373.013679790055,301.384336025179,308.951179986011,327.409213230671,378.126208980481,311.280694875501,310.177255986595,321.891409816559,344.96982921452,310.946205551292,292.860427352886,299.151169641947,312.39492161518,278.269801460237,342.685491971515,321.716980323693,340.411145931044,308.405942451955,310.998941832277,347.804081451264
324.698314075003,300.460687324551,293.580154685041,376.797571038462,322.466424588753,364.76781522322,374.513594278747,364.960878679,314.750518722222,287.863059914779,371.720574660306,297.787432644943,306.93180805348,322.845598735925,374.423849859028,309.536596684891,308.109877835861,320.290756592957,343.630029640014,307.74481202512,290.557520816591,296.493100613839,309.453745096909,274.06409137905,340.190879608324,317.957526437715,339.088208877522,305.177303476412,309.920810844336,346.107760605407
320.280749602138,300.424438680121,293.531451423254,331.804604964128,322.425107775061,283.112803949626,290.321337540265,320.134831851549,308.21227885206,287.806669734169,329.380750299658,297.708339391825,306.889030415395,313.557046040587,323.108701914358,309.508627890345,308.071550851535,320.257780729284,327.448149266127,307.68259512022,290.508826600477,296.443712654175,309.387941724681,273.978710748288,340.13886250818,317.434323298833,322.57174313303,305.096296615673,309.896263058304,304.550082875842
275.900480541578,295.249713823939,293.484563608136,320.155041998327,315.009475431034,276.080598028793,279.677730202045,295.713677180964,283.945604669477,287.806669734169,276.546646325982,297.708339391825,306.889030415395,298.288246056944,312.371882999469,278.664183174747,299.890789234829,270.276008878038,301.5141661793,302.981045345728,290.508826600477,277.415709540826,279.466520566574,273.978710748288,307.514843603969,304.045100445901,317.570892773292,305.096296615673,307.312660675074,296.485947161362
275.389998514984,290.02262532069,292.099679504636,272.199218015725,274.641732295971,275.413358541882,279.677730202045,294.92055409041,263.961502419045,267.449120011289,273.167470019491,286.462962980736,276.002601151361,282.371724046525,283.082794356566,240.177329302144,270.437824526819,268.797976136,287.049894862103,268.35182583895,287.156399581486,269.919778914316,278.14524704997,273.978710748288,278.661515241036,292.945033964904,289.692591543294,200.000413317016,287.036907510725,272.646168741839
