1508199995.84249,623791262.971332,3003180687.67996,12369193591.7025,32482385.9202022,676904.953319177,25035721.5270108,202268.512764677,1926151339.52716,212256.657973454,2474525.99067639,91127857.3518343,802456810.816259,15144441023.4228,146017799.373122,9507650167.42815,1812907382.17707,372369.899256313,596472394.718492,2256397721.79976,18549040553.9491,1289728007.0571,2272121129.79075,9287449790.20963,272484.335125479,411939.355211797,2427127630.86555,135981.557282473,715800291.390025,7579684738.08469
1508199995.84249,623791262.971332,3003180687.67996,12369193591.7025,32482385.9202022,676904.953319177,25035721.5270108,202268.512764677,1926151339.52716,212256.657973454,2474525.99067639,91127857.3518343,802456810.816259,15144441023.4228,146017799.373122,9507650167.42815,1812907382.17707,372369.899256313,596472394.718492,2256397721.79976,18549040553.9491,1289728007.0571,2272121129.79075,9287449790.20963,272484.335125479,411939.355211797,2427127630.86555,135981.557282473,715800291.390025,7579684738.08469
1508199995.84249,623791262.971332,3003180687.67996,12369193591.7025,32482385.9202022,676904.953319177,25035721.5270108,202268.512764677,1926151339.52716,212256.657973454,2474525.99067639,91127857.3518343,802456810.816259,15144441023.4228,146017799.373122,9507650167.42815,1812907382.17707,372369.899256313,596472394.718492,2256397721.79976,18549040553.9491,1289728007.0571,2272121129.79075,9287449790.20963,272484.335125479,411939.355211797,2427127630.86555,135981.557282473,715800291.390025,7579684738.08469
1508199995.84249,623791262.971332,3003180687.67996,12369193591.7025,32482385.9202022,676904.953319177,25035721.5270108,202268.512764677,1926151339.52716,212256.657973454,2474525.99067639,91127857.3518343,802456810.816259,15144441023.4228,146017799.373122,9507650167.42815,1812907382.17707,372369.899256313,596472394.718492,2256397721.79976,18549040553.9491,1289728007.0571,2272121129.79075,9287449790.20963,272484.335125479,411939.355211797,2427127630.86555,135981.557282473,715800291.390025,7579684738.08469
1508199995.84249,623791262.971332,3003180687.67996,12369193591.7025,32482385.9202022,676904.953319177,25035721.5270108,202268.512764677,1926151339.52716,212256.657973454,2474525.99067639,91127857.3518343,802456810.816259,15144441023.4228,146017799.373122,9507650167.42815,1812907382.17707,372369.899256313,596472394.718492,2256397721.79976,18549040553.9491,1289728007.0571,2272121129.79075,9287449790.20963,272484.335125479,411939.355211797,2427127630.86555,135981.557282473,715800291.390025,7579684738.08469
1222178299.59872,278201699.664849,2956402053.52282,10123815804.6044,3639267.97112917,161359.408807178,25035721.5270108,138258.781314065,1477640051.42261,185478.615755282,216807.6677375,91127857.3518343,486367421.469806,13422828485.1495,71739742.8048193,6854052599.90112,1075225979.45929,174762.843469703,596472394.718492,2237599852.4408,16745797501.0103,1179303035.88872,2049674019.88792,8193280833.46495,174947.993503627,148688.36441822,2022557360.71958,135981.557282473,699175106.593796,6665875789.21462
477603458.063134,2418566.11764373,1215448111.17877,8147280705.0609,143920.871169494,158464.956780753,278617.057088852,135710.879740849,431225876.293705,155035.669211437,209786.564305569,1642472.84384228,88690973.4108481,9086517567.95021,121237.954619278,5213334684.04741,398229393.444466,165702.968780655,272390562.853111,515736305.261571,12306208698.6912,338979503.415735,1047123166.26323,4860577088.16981,156284.632063321,148688.36441822,668971838.859905,117992.927112725,313598105.868294,4703585742.63377
221215.007893124,179117.365304612,2009301.79648341,2801083891.90664,140684.358961457,149965.090133382,178458.423039361,134719.810681957,175038.241413138,155035.669211437,201620.031243513,169486.868695175,124225.968787544,3618941353.60272,106817.80447485,2694059522.83607,178955.922417165,165702.968780655,460690.017119293,780413.334434367,5336654902.82874,249061.080474375,739082.39904685,2326131369.89066,156284.632063321,141076.715624121,217827.66342036,117992.927112725,152409.980890609,1841722110.66912
180941.300985938,164301.874977637,133805.310226695,143320.397643322,127236.890810272,149965.090133382,177505.096800714,133297.606904456,151638.036734343,155035.669211437,201620.031243513,162651.857788651,121511.72206734,184551.845778636,106817.80447485,157753.511818827,154106.567304676,165702.968780655,200782.871658105,183476.544495141,116580.123160753,192011.573078526,182766.634812886,243331.801965614,156284.632063321,141076.715624121,119751.260393683,117992.927112725,140807.019693501,162462.26467275
179057.807542443,163071.796299174,133805.310226695,112056.868757332,127236.890810272,149965.090133382,177505.096800714,133297.606904456,151638.036734343,155035.669211437,201620.031243513,162651.857788651,113938.18303754,160495.30166165,106817.80447485,117208.491371343,154106.567304676,165702.968780655,200782.871658105,171662.686172707,116580.123160753,188721.430382057,171021.895283583,166614.657057718,156284.632063321,141076.715624121,119751.260393683,117992.927112725,140750.89091976,150173.590377058
179057.807542443,163071.796299174,133805.310226695,112056.868757332,127236.890810272,149965.090133382,177505.096800714,133297.606904456,151638.036734343,155035.669211437,201620.031243513,162651.857788651,113938.18303754,160495.30166165,106817.80447485,117208.491371343,154106.567304676,165702.968780655,200782.871658105,171662.686172707,116580.123160753,188721.430382057,171021.895283583,166614.657057718,156284.632063321,141076.715624121,119751.260393683,117992.927112725,140750.89091976,150173.590377058
160978.106289591,146523.170402927,119400.374355833,111562.491759289,100211.976471453,121996.34555062,167337.815320479,110517.229713059,145194.820859228,125862.699262883,159123.641900735,140554.198902464,98280.4307937361,152449.357559608,92357.7972889701,114698.35981842,143694.44094195,124102.517470022,183106.993015495,162371.236806127,116580.123160753,163815.655640483,163983.444744759,156859.914828323,129074.977602823,101009.395352226,109251.600101182,99942.8213014972,125585.464251443,141569.086026539
23357.4504920015,5371.22001511928,14307.4736622585,8770.69460326893,4658.5536740194,5601.333112816,9341.33975743474,4053.62399698931,23946.8359375029,6221.16574059095,11259.5360507272,25514.4758201418,7455.99545752141,30887.9892420745,1772.51691151023,6273.47964722502,8154.06535510444,4047.01538172452,8111.02879903769,12796.9303945702,15418.3430198314,3181.23322282193,7775.93659100824,14437.9912045592,11623.8472579359,4393.07929584173,7837.81223748698,8071.11151868801,7604.23255245845,24049.3299864083
3.16639404900343e-05,8.13425685919356e-07,6.16971055933391e-06,9.70690439316968e-06,7.07075514583266e-07,1.80771917257516e-06,2.00068416233989e-06,6.12719304626808e-07,2.49540066761256e-05,2.39738756135921e-06,4.46917010776815e-06,1.54145723172405e-05,7.42698421163368e-06,4.67390543690271e-05,1.93249888980063e-07,7.59821068641031e-06,2.02497972168203e-06,5.91239768255036e-07,3.98617316932359e-06,1.97332974494202e-06,3.46943238582753e-06,6.25432448941865e-07,1.30863613776455e-05,1.08986509985698e-05,3.49588981407578e-06,1.41952773446974e-06,5.49561195839487e-06,1.98806196749501e-06,1.30793591779366e-06,4.65875466488797e-05
1.58477178047178e-08,3.78349795937538e-09,1.72294676303864e-08,1.31578872242244e-08,2.42812348005828e-09,8.92669049790129e-09,8.24729795567691e-09,2.11748556466773e-08,1.37549704959383e-08,1.17786385089858e-08,7.11497705196962e-09,8.04516275820788e-09,2.90810930891894e-08,3.12445536110317e-08,1.81375980901066e-09,6.10975803283509e-09,6.47969500278123e-09,5.61954038857948e-09,3.88422449759673e-09,9.40258360060398e-09,9.58721102506388e-09,1.03816546470625e-08,7.93966137280222e-09,7.42397787689697e-09,6.85986378812231e-09,4.48380887974054e-09,4.03952071792446e-09,1.32447439682437e-08,1.99406713363715e-09,7.95603227743413e-09
8.85188455868047e-09,3.78349795937538e-09,3.90218701795675e-09,1.31578872242244e-08,2.42812348005828e-09,4.54019755125046e-09,8.24729795567691e-09,6.56586962577421e-09,1.37549704959383e-08,3.47131390299182e-09,7.11497705196962e-09,7.30847204977181e-09,1.02311332739191e-08,5.24141796631739e-09,1.81375980901066e-09,6.10975803283509e-09,6.47969500278123e-09,5.61954038857948e-09,3.88422449759673e-09,2.63571564573795e-09,7.80050868343096e-09,6.7693690652959e-09,7.93966137280222e-09,7.42397787689697e-09,6.85986378812231e-09,4.48380887974054e-09,4.03952071792446e-09,5.58338797418401e-09,1.99406713363715e-09,6.72184796712827e-09
