521425422.343191,759765649.500843,382506640.876268,100434749653.129,356491645954.33,9312493526.50438,787874297439.958,5116397341.56247,2871431409414.04,15105693892374,3584491744554592,105952363.965139,20252981350.5199,418182432.745094,2981287038.80574,427386747.273394,38094408663.9095,638148820.508616,19789918768937.3,354166899287.784,12069821763.7786,10787439693.6157,3677998497.01578,486116597.385454,1979837959.4308,877816329083.051,162726620.994146,704073722894.201,158080828457.718,9394171839.17875
521425422.343191,759765649.500843,382506640.876268,100434749653.129,356491645954.33,9312493526.50438,787874297439.958,5116397341.56247,2871431409414.04,15105693892374,3584491744554592,105952363.965139,20252981350.5199,418182432.745094,2981287038.80574,427386747.273394,38094408663.9095,638148820.508616,19789918768937.3,354166899287.784,12069821763.7786,10787439693.6157,3677998497.01578,486116597.385454,1979837959.4308,877816329083.051,162726620.994146,704073722894.201,158080828457.718,9394171839.17875
521425422.343191,759765649.500843,382506640.876268,100434749653.129,356491645954.33,9312493526.50438,787874297439.958,5116397341.56247,2871431409414.04,15105693892374,3584491744554592,105952363.965139,20252981350.5199,418182432.745094,2981287038.80574,427386747.273394,38094408663.9095,638148820.508616,19789918768937.3,354166899287.784,12069821763.7786,10787439693.6157,3677998497.01578,486116597.385454,1979837959.4308,877816329083.051,162726620.994146,704073722894.201,158080828457.718,9394171839.17875
521425422.343191,759765649.500843,382506640.876268,100434749653.129,356491645954.33,9312493526.50438,787874297439.958,5116397341.56247,2871431409414.04,15105693892374,3584491744554592,105952363.965139,20252981350.5199,418182432.745094,2981287038.80574,427386747.273394,38094408663.9095,638148820.508616,19789918768937.3,354166899287.784,12069821763.7786,10787439693.6157,3677998497.01578,486116597.385454,1979837959.4308,877816329083.051,162726620.994146,704073722894.201,158080828457.718,9394171839.17875
505598698.101678,693977852.767706,216941671.422814,42658247322.2414,112065690378.517,2891467868.72162,787874297439.958,3299179083.2002,823737543975.114,10538126682630.5,3584491744554592,63622166.1190687,16630160978.9031,129111180.705935,817361030.1082,138199277.408494,33745303186.976,445226949.988628,18340115272351.2,146480173748.255,12069821763.7786,7635485620.88708,3677998497.01578,458897001.878872,1074155611.5331,742791678682.514,108641435.805989,607839538398.923,78049108620.0391,5354412462.68508
190427449.128351,170638948.091743,69600813.5334094,25987449820.9362,19389871465.4183,1762867882.19177,460498964126.047,2720042619.75661,151737362948.768,2881759473608.43,1486496322625214,24337878.1480405,4744577316.28763,82520038.1675695,64196729.8552788,138199277.408494,14687046332.5154,168245841.13593,12252966442913.8,132553279521.699,7260585358.04916,3587859684.35591,3677998497.01578,259901849.707988,739480616.696047,219685583316.145,32038923.6199652,108201395116.066,72437344010.4907,1902496827.48792
52928195.7696781,10413530.0546654,12862484.2038356,3062223234.32509,616137948.051369,329929580.395659,145597855810.766,473441395.610711,9872584360.69049,235224081727.822,318476799907207,3434148.63860241,738315742.331762,12202000.0122878,16065321.601068,17702110.8718542,2476216350.23629,58018619.4013942,1354757753122.8,26693547278.9858,2913282912.7938,847940060.165346,242274389.926608,48429398.0060639,155120296.700773,3975753803.62941,2301674.23043446,8405895194.59794,3327568813.27249,208388226.434165
2894825.98411213,50035.6570500478,111803.648783421,12282632.4387222,4798670.60066578,37989217.8845535,568760620.639602,14172855.0079762,52106700.834829,145099977.018577,2761767047144.55,35566.205025636,24810091.9417129,403698.535753115,17392.5922437257,548407.572398089,14376087.4035575,709608.40016933,1349840578.89111,476701355.076074,470819936.277156,7404909.11568693,857196.702527142,2134965.55503625,3444745.89629049,13344653.0754794,74449.4531765477,98912078.0601833,4484509.47435006,1104548.25971008
1466.13481229617,682.921741990557,301.874589709657,25756.8638236906,290.830654945703,921014.69208306,22005.363862249,2243.33973020536,3997.20127208234,30299.0153181046,369861.557290952,248.964998792943,9339.73357780922,796.192837475372,197.944257867974,1973.24026690919,847.183210896249,2697.64591702417,44327.2098528306,2384510.11845932,3169515.44591818,6248.49406397196,606.043855717831,60090.7439992181,5865.40491195963,1416.86204516849,444.627000126259,11892.4209040868,12685.7368335696,351.616434630593
195.767180125571,138.726573296056,159.183264339904,198.034523537852,117.743985722051,1119.02787000024,141.450682696143,178.05882370794,123.978197895058,222.588427272001,226.788844819718,89.6321119535004,142.793634350406,150.306567281352,109.81452004318,156.197464836102,140.399087748935,140.481976662553,146.841784882874,209.996864712873,224.031568770021,133.732396455346,166.194514231301,222.88269543531,150.349751430097,76.8185785632739,152.030119939207,131.107645568809,115.194944447089,182.303629011787
125.302304920729,106.522426416823,122.187026591471,98.8476366189551,83.2084139230075,169.261486994066,89.0985629267436,128.289387808795,79.009428733596,105.482707661704,92.0723982228575,60.3542186368969,93.3524750465352,105.978992073367,80.1565320891455,113.339773984557,83.9811488366706,105.060460030418,64.1090696132504,101.978317207509,91.7864445532499,84.055686137258,120.030063670368,108.294412817339,88.1409460233094,31.7016791934058,122.344707175738,81.7203540851522,48.1471169845543,134.864624731617
110.657598942884,97.6001758465663,120.132470219475,87.9292557605935,81.7474551999123,136.013019463018,75.0471345333152,126.13164354881,75.7122215310233,91.4265229253627,60.3687260199139,58.7256142799017,88.2169344574816,96.0142044794824,78.2209966342502,107.479726721171,79.1858480121602,98.3647395012889,57.5073029563872,85.6832932382209,82.4372208843005,82.3240752444732,112.025577886011,99.1539371319864,78.9688597508724,29.026392694435,117.015913300006,76.2734242210308,40.4970715171086,126.923903685205
107.221893533067,94.0605854088641,115.812886622925,84.8507566232779,81.1734545645924,133.835869914692,71.2491984275179,124.930578803361,74.8521488840487,85.1696228638496,60.0267372786379,56.6286480971656,85.4835428904361,93.2725615433563,76.9017350734428,104.89813252941,77.3483791926187,84.3476334755793,55.5023243731329,82.4577294480564,78.9672740234265,81.2846995361024,107.679266925452,90.1201896009884,71.1989221703598,28.9687033215334,114.245931471067,74.5155978168215,39.5262028005183,115.28695636899
104.638063606876,93.7467168941224,113.828786662554,84.0812766024821,81.1176549013014,131.96321579957,70.5417052518355,123.186651588688,74.5595057943478,84.0440089208314,60.0266208293681,56.3857154779943,84.8573275269991,90.0635329830129,76.453870786969,100.442176788818,76.524044809421,82.846768208143,54.7921257362812,80.4219518117164,74.031718402978,76.5360196572238,104.862486038394,80.2190683724111,68.423005731539,28.3639799039134,112.407639274976,73.0943169196712,38.6495922364056,114.504825708565
102.96537060652,70.7052442417582,112.346040070465,84.0275920716701,81.1145818534292,131.624294069814,69.5676486831236,35.9396835422398,68.8716790577914,39.6954189092377,60.0266208293681,40.9762498812885,84.8550715343733,39.2597489221545,76.3188907429294,91.8426434257965,65.2425489804672,67.6426828630707,54.6285440703634,73.6086431791816,73.6678547188158,74.3671143553876,102.254046598876,79.9365926852502,68.3906573514427,28.1579180777887,47.8180711238531,72.6484226425669,38.4660988992545,114.482550420382
0.484301648166479,6.65076789209968,0.610465372690896,3.80497226615262e-07,0.302266495772869,3.66380959349044e-07,1.74249083413895,0.123349324561786,16.6168800441229,2.83006215795467e-07,3.75566773200831,6.22285597627103,0.0001806807599678,31.6219695156096,6.50520302087898e-05,3.4561055585342,1.48787483954663,0.574611562099221,0.767220660593921,2.38262362017849e-06,2.61341710938723e-07,0.000120033238999895,1.95683810488845e-07,0.689567898558948,3.18596107717894e-07,11.1133598264385,5.57814828838741,0.00025295887280663,9.25377303553284,0.41788917163899
