4429.46260305416,4738.95701403851,3219.87635239829,3699.8496935454,3277.09083944691,4810.70616328036,3347.24561792453,4744.75837701342,5088.0010458237,4691.9006960402,4369.98171112952,4296.65178307521,4575.61963881937,5141.65209083594,5506.13690691574,4922.45907176015,5125.92703242292,4774.7929581771,4591.8338432768,4811.04135623744,4785.10286083626,2541.98718300251,4890.50914445425,5039.38643938588,5298.71948382894,5063.03087393448,5626.28114506015,3826.74288835477,4472.13797981868,4842.26340901773
3116.44862221167,1486.11702681114,3219.87635239829,3081.37222208022,1266.71174598788,2474.38724193112,3299.18006855792,2881.00749737462,4157.9648475148,4007.90951498848,4177.40489302277,3570.13248448553,3962.44435862537,3618.56444696481,4451.28556295332,4826.44302797059,4740.8406559596,4206.51001468353,2377.91828382216,2714.57624841275,4520.0216442184,1765.25621254456,3681.61758522451,1506.34967198836,2647.9133745814,3573.89539380588,4696.48685045739,3826.74288835477,3494.51460185515,4580.20914264954
3116.44862221167,653.056749741286,2514.58930373065,3081.37222208022,439.670112143746,2460.12867313013,1962.95263633126,1241.52674457267,863.272776686208,4007.90951498848,3558.56574576581,3156.08570219775,3080.0005383093,2804.38395183107,4451.28556295332,4011.34574288254,4563.85650607936,506.659104113171,1007.21421518993,783.407506639318,2862.47876364168,1764.77337544201,3272.30440298039,658.298329622608,2636.01692582331,3573.89539380588,2995.44543549713,3045.34532586106,3330.8989474743,3668.39521652107
790.352302776831,652.044991868242,217.804883729417,3081.37222208022,434.936556600724,2460.12076612466,1962.95263633126,435.017860635666,791.992747092252,2955.05903146971,218.964951288418,3073.24674825325,2979.0516711738,355.64558706247,3088.05313253945,358.490438900172,3133.31387725038,434.874145375731,1006.95428559717,572.737691291142,217.865976937399,1764.7732255493,3272.30440298039,652.076233231572,2636.00524827166,3573.89539380588,654.494786720878,3045.34532586106,2351.28318920754,1833.41231405058
217.859338320503,217.42072972293,217.26458322193,435.568108881777,434.936550761622,20.1459124895191,217.890583025208,434.999007677305,791.99200408052,217.358361145469,217.576867800319,449.939894607895,222.370845604399,355.628961441431,0.187854365805833,355.722646814947,2042.29574603761,434.874093845942,1006.95428423963,572.737402374164,217.859338286725,422.572911121274,217.264599333307,652.076220152195,2603.42248094331,217.541208883491,653.407612290316,217.859345413202,573.363385905181,0.312284612176882
0.343513036234071,217.420725511123,0.187391249284701,435.500077368582,0.281056120551511,0.218599204872589,0.24982766271205,217.828109828887,0.218599204874408,217.358268595448,0.312284578389153,434.591623359536,4.57069551033237,355.628961441431,0.187370747034947,0.312284578390972,217.358268595444,0.312284578389153,217.545639342478,358.217782942317,0.312284578390972,417.057418223559,0.375440536232418,217.451953968962,1807.53647237717,217.451953968964,217.734424455401,217.358268595445,0.403709439144222,0.312284578390972
0.343513036228615,217.420725511123,0.187370747033128,435.500077368582,0.21859920487077,0.218599204872589,0.24982766271205,0.249828832771527,0.218599204874408,0.312296524645717,0.312284578389153,217.796881371047,0.281056120549692,0.244237622482615,0.187370747034947,0.312284578390972,0.374741494068076,0.156142289193667,217.545639342478,0.156142289195486,0.312284578390972,0.24982766271205,0.374741494068076,217.451953968962,0.405969951905718,217.451953968964,217.734424455371,217.358268595445,0.281056120549692,0.281056120551511
0.343513036228615,217.420725511123,0.187370747033128,217.327040137608,0.21859920487077,0.218599204872589,0.24982766271205,0.24982766271205,0.218599204874408,0.312284578390972,0.312284578389153,217.796881371047,0.281056120549692,0.187370747033128,0.187370747034947,0.312284578390972,0.374741494068076,0.156142289193667,0.405969951905718,0.156142289195486,0.312284578390972,0.24982766271205,0.374741494068076,217.451953968962,0.281056120549692,217.451953968964,0.187370747033128,0.281056120551511,0.281056120549692,0.24982766271205
0.343513036228615,217.420725511123,0.187370747033128,217.327040137608,0.21859920487077,0.218599204872589,0.24982766271205,0.24982766271205,0.218599204874408,0.281056120547873,0.312284578389153,217.796881371047,0.281056120549692,0.187370747033128,0.124913831356025,0.312284578390972,0.374741494068076,0.156142289193667,0.405969951905718,0.156142289195486,0.312284578390972,0.24982766271205,0.312284578390972,217.451953968962,0.281056120549692,0.312284578387334,0.187370747033128,0.281056120551511,0.281056120549692,0.24982766271205
0.281056120549692,217.420725511123,0.187370747033128,217.327040137608,0.21859920487077,0.218599204872589,0.24982766271205,0.24982766271205,0.218599204874408,0.281056120547873,0.312284578389153,217.796881371047,0.281056120549692,0.187370747033128,0.124913831356025,0.312284578390972,0.374741494068076,0.156142289193667,0.405969951905718,0.156142289195486,0.312284578390972,0.24982766271205,0.312284578390972,217.451953968962,0.281056120549692,0.312284578387334,0.187370747033128,0.281056120551511,0.281056120549692,0.24982766271205
0.281056120549692,0.312351647329706,0.187370747033128,217.327040137608,0.21859920487077,0.218599204872589,0.24982766271205,0.24982766271205,0.218599204874408,0.281056120547873,0.312284578389153,217.796881371047,0.281056120549692,0.187370747033128,0.124913831356025,0.312284578390972,0.374741494068076,0.156142289193667,0.405969951905718,0.156142289195486,0.312284578390972,0.24982766271205,0.312284578390972,0.28105612055333,0.281056120549692,0.312284578387334,0.187370747033128,0.281056120551511,0.281056120549692,0.24982766271205
0.281056120549692,0.312284578389153,0.187370747033128,217.327040137608,0.21859920487077,0.218599204872589,0.24982766271205,0.24982766271205,0.218599204874408,0.281056120547873,0.312284578389153,217.796881371047,0.281056120549692,0.187370747033128,0.124913831356025,0.312284578390972,0.374741494068076,0.156142289193667,0.405969951905718,0.156142289195486,0.312284578390972,0.24982766271205,0.312284578390972,0.281056120551511,0.281056120549692,0.312284578387334,0.187370747033128,0.281056120551511,0.281056120549692,0.24982766271205
0.281056120549692,0.312284578389153,0.187370747033128,0.187370747033128,0.21859920487077,0.218599204872589,0.24982766271205,0.24982766271205,0.218599204874408,0.281056120547873,0.312284578389153,217.796881371047,0.281056120549692,0.187370747033128,0.124913831356025,0.312284578390972,0.219040598756692,0.156142289193667,0.405969951905718,0.156142289195486,0.312284578390972,0.24982766271205,0.312284578390972,0.281056120551511,0.21859920487077,0.312284578387334,0.187370747033128,0.281056120551511,0.281056120549692,0.24982766271205
0.281056120549692,0.187370747033128,0.187370747033128,0.187370747033128,0.21859920487077,0.218599204872589,0.24982766271205,0.24982766271205,0.218599204874408,0.281056120547873,0.312284578389153,217.796881371047,0.281056120549692,0.187370747033128,0.124913831356025,0.312284578390972,0.219040598756692,0.156142289193667,0.405969951905718,0.156142289195486,0.312284578390972,0.24982766271205,0.312284578390972,0.281056120551511,0.21859920487077,0.312284578387334,0.187370747033128,0.281056120551511,0.281056120549692,0.24982766271205
