59.8946555967631,97.7186412145439,66.2655626912165,49.3299872362993,156.462289303716,72.7655366291307,73.1058019124404,88.3119568292203,60.6092325766396,79.466244770482,76.7491834036194,114.142526387823,77.6192797438211,60.4504207111472,93.0873990834216,57.6309536669656,120.928248735891,97.4374406924667,63.3207582233305,59.2616982301889,107.709953496709,59.1738717979007,97.7750855855993,102.829411459554,70.531636976634,67.5370082445077,66.2846115986561,73.0872956170448,70.7586556741189,77.2473261096686
59.8946555967631,74.1644225134785,58.7984858316697,49.3299872362993,76.9592141696076,70.9404850854856,43.9231621209148,61.8694320443675,51.3403140732155,56.4366496986849,51.1797223583886,81.6837443370084,48.3458661566111,59.3413930231478,63.6423815547871,57.6309536669656,60.5169061546113,86.6875359773135,56.791029057312,59.2616982301889,75.7079910503201,59.1738717979007,60.8678763202344,75.8186159212331,64.1662596669035,59.9088467170824,61.565015152275,62.6510269507038,70.7586556741189,65.4092896329359
58.7748661937091,66.0569097958039,58.7984858316697,49.3299872362993,69.9888275565175,70.9404850854856,43.9231621209148,61.8694320443675,51.3403140732155,56.4366496986849,51.1797223583886,77.6677426293132,48.3458661566111,59.3413930231478,62.4884927814974,57.6309536669656,60.5169061546113,75.0409620033794,56.791029057312,59.2616982301889,64.5179593330753,59.1738717979007,57.2182215037386,69.2793246956409,40.7361369227976,59.9088467170824,61.565015152275,62.6510269507038,63.2174525421822,63.2358707058229
58.7748661937091,49.9916163451697,58.7984858316697,39.4385266709065,69.9888275565175,58.6411161043307,43.9231621209148,50.7396944370995,51.3403140732155,51.6518020089949,51.1797223583886,72.8413824103597,48.3458661566111,59.3413930231478,62.4884927814974,57.6309536669656,60.5169061546113,55.9015279076741,42.4564800100158,59.2616982301889,64.5179593330753,53.9064805724167,57.2182215037386,43.1109108169823,40.7361369227976,15.0904883375218,49.4878488451847,49.6053256492373,57.2078717644462,63.2358707058229
58.7748661937091,49.9916163451697,45.8847327120462,39.4385266709065,62.7628921863077,13.587646333282,43.6001238411146,44.9181515248152,51.3403140732155,51.6518020089949,46.6280841153256,47.8354348269647,35.3456702208436,43.3995232597699,44.4099392471631,52.9873707241772,60.5169061546113,55.9015279076741,42.4564800100158,54.7009704261185,44.2713256444629,48.844453521866,54.81115974373,43.1109108169823,40.7361369227976,7.9596674189273,49.4878488451847,47.8428205158002,56.0062402781152,51.7810663554661
43.5281749234637,13.7410101985293,12.7989265982991,39.4385266709065,15.3385362397759,13.577149582867,43.6001238411146,44.9181515248152,46.9078140944913,47.1669125314532,43.8008347144823,47.8354348269647,35.3456702208436,43.3995232597699,44.4099392471631,52.9873707241772,52.6612922297794,51.9573339975346,42.4564800100158,54.7009704261185,44.2713256444629,48.1550118073782,45.8775219066537,43.1109108169823,40.7361369227976,7.9596674189273,49.4878488451847,47.8428205158002,46.7994987486477,40.0172650698554
43.5281749234637,13.7410101985287,12.7989265982991,39.4385266709065,15.3385360460432,13.577149582867,43.6001238411146,12.5342528127754,46.9078140944913,47.1669125314532,43.8008347144823,47.8354348269647,35.3456702208436,39.2521112237266,13.1266476142603,49.2378797804122,17.3865638621642,16.1171930058219,42.4564800100158,50.0733840849724,42.5385866456782,42.6846712954418,45.8775219066537,43.1109108169823,40.7361369227976,7.9596674189273,49.4878488451847,47.8428205158002,46.7994987486477,12.3261008976195
43.0256232168563,13.7410101985287,12.7989265982991,39.4385266709065,15.3385360460432,13.577149582867,43.6001238411146,12.4712053669756,41.3461307272456,47.1669125314532,43.8008347144823,45.6903530817969,35.3456702208436,39.2521112237266,13.1266476142603,49.2378797804122,17.3865638621642,16.1167590306112,42.4564800100158,50.0733840849724,12.798926598299,42.6846712954418,45.8775219066537,43.1109108169823,32.0056045313423,7.9596674189273,47.8433326253723,36.3951746728129,46.7994987486477,12.3073447513137
43.0256232168563,13.7410101985287,12.7989265982991,39.4385266709065,13.290508229922,13.577149582867,12.6350659826373,12.4712053669756,41.3461307272456,44.4567357238763,43.8008347144823,26.391044600291,35.3456702208436,39.2521112237266,13.1266476142603,49.2378797804122,17.3865638621642,16.1167590306112,42.4564800100158,42.9450994484324,11.5433961516019,42.6846712954418,45.8775219066537,17.8781455167455,32.0056045313423,7.9596674189273,17.4276414241005,11.6929823824076,46.7994987486477,12.3073447513137
43.0256232168563,13.7410101985287,12.7989265982991,39.4385266709065,11.6929823824125,12.4712492234392,11.0375399197607,12.3073447513137,41.3461307272456,44.4567357238763,38.2531329074313,11.5217352448351,17.4276435251807,34.8773362087809,12.3073447513137,49.2378797804122,13.9048705988281,16.1167590306112,42.4564800100158,36.0362575680077,11.5291217667458,40.246681372503,45.8775219066537,17.8781454937872,32.0056045313423,7.9596674189273,17.4276414241005,11.6929823824076,16.6083408775964,11.6929823824075
43.0256232168563,13.7410101985287,12.7989265982991,39.4385266709065,0.994959057093369,12.4712053669755,11.0375399197607,12.3073447513137,41.3461307272456,44.4567357238763,38.2531329074313,11.3652611510841,17.4276435251807,14.5603143273487,12.3073447513137,43.4294433730974,0.994959057093321,11.0375399197605,42.4564800100158,36.0362575680077,11.5291217667458,40.246681372503,12.9627869985986,11.5291217667458,13.618229925245,7.9596674189273,11.529121766746,11.365261151084,11.5291217667458,11.6929823824075
43.0256232168563,11.2014005354223,12.7989265982991,11.8568429980694,0.994959057093369,12.4712053669755,11.0375399197607,11.0375399197605,41.3461307272456,14.701008682591,38.2531329074313,4.23187803447641,17.4276435251807,14.560312846113,12.3073447513137,43.0806776090639,0.994959057093321,11.0375399197605,42.4564800100158,36.0362575680077,11.2014005354222,15.9528988770277,4.97479528546662,11.5291217667458,11.6929823824076,7.9596674189273,11.529121766746,11.365261151084,11.5291217667458,11.6929823824075
11.365261151084,11.2014005354223,11.2014005516892,11.8568429980694,0.994959057093369,11.2014005354222,11.0375399197607,11.0375399197605,2.98487717127991,11.6929823824076,11.692982382408,0.994959057093379,5.35839411101451e-14,11.365261151084,12.3073447513137,12.9627869985986,0.994959057093321,11.0375399197605,11.8568429980693,12.9627869985985,11.2014005354222,11.365261151084,1.303667626873e-10,11.0375399197605,11.6929823824076,7.9596674189273,11.0375399197605,11.2014005354222,11.5291217667458,11.5291217667459
10.8825464220453,10.8736793040987,11.2014005354222,11.0375399197604,0.994959057093369,10.8736793040987,11.0375399197607,10.8736793040987,2.98487717127991,11.0375399197605,11.0375399197605,0.994959057093379,5.35839411101451e-14,11.365261151084,11.20140591996,11.0375399197606,0.994959057093321,10.8736793040987,11.2014005354222,7.14407248909418e-14,11.2014005354222,11.0375399197605,7.13799635004696e-14,10.8736793040987,11.0375399197604,7.9596674189273,11.0375399197605,11.2014005354222,11.5291217667458,11.5291217667459
