589.900512672686,808.289766575081,672.280194614158,520.549299496315,368.327775583029,348.295704745756,602.581725021384,302.106515642119,748.946114532445,995.357852232231,438.412809981796,503.21020773128,398.877490740845,391.440604278245,373.062126652268,294.102569963306,395.577624490762,746.522811804214,803.049172379311,381.804074859158,872.520016796434,962.359059602137,432.941059004613,760.460442631256,325.726102190872,444.299857116405,321.298849359923,465.817355435018,878.717025872572,664.825574407193
122.153603862686,160.796199037055,213.850393237933,213.636418348439,204.287125984165,176.307629961144,197.123828248722,146.025447974289,213.563497716209,236.290796127153,160.807795756896,182.810200652708,127.352699079072,138.601685129844,128.270841808195,161.412875888802,165.38322259843,258.549308056444,207.607935121849,181.775954562604,214.49286093819,236.320334877754,132.019999930691,239.465283724682,197.318489860541,135.650031953352,160.527959694144,180.314046179633,256.088531674193,180.101453811483
113.580736466751,121.955466030034,139.048600183437,176.646608373817,151.876004853898,149.838135907592,164.787992641335,140.320530693359,132.378586871198,149.755951118022,160.807795756896,152.158175311439,127.352699079072,138.601685129844,128.270841808195,125.830141019515,141.540314979734,168.469127297269,141.315668631856,175.403052347491,157.627371445659,176.0875268694,120.718880290777,167.199419079512,181.864990012666,108.625112401839,160.527959694144,159.640347306636,190.105871779365,176.50469240734
113.580736466751,121.955466030034,124.614661888325,163.96590089362,138.914078146562,149.838135907592,154.113239431728,140.320530693359,132.378586871198,108.290306469935,139.448680721302,111.500864225906,118.197004226334,138.601685129844,128.270841808195,125.830141019515,133.990182099396,168.469127297269,108.505899848638,122.741385036024,142.225642430613,175.375113173201,120.718880290777,121.830422214646,175.433695014365,108.625112401839,130.261647378684,122.603677774387,141.963248296489,132.1478515268
7.19523438783707,89.0423833918033,63.8764344840401,142.314963226663,9.9666805127253,131.210888183158,116.462550349405,133.553869775,120.61670400392,7.68219549559845,116.03578476875,18.4043941680693,118.197004226334,114.901082297996,125.214951321763,120.676353114808,115.000102014569,31.5868331257835,61.9320786483844,29.4110799988863,109.262961703735,163.195085745683,106.764212572715,121.830422214646,148.683771561203,108.625112401839,125.981281976911,122.603677774387,134.008856343838,125.588238836642
6.96471339965387,4.97479528706099,8.95463151455424,26.9535171360259,9.94959057093315,58.0124974945893,28.5341088658275,128.64310802185,6.9648295603318,6.96471339965879,116.03578476875,6.96471340033724,117.019419454399,4.97488231929099,5.96975651707207,116.262241541617,89.4535789516952,31.2886524496749,3.97983622866049,29.4101572739607,7.95972229217198,119.781029014048,7.97457142264388,29.4856188158143,24.6336388768458,106.613385361591,107.30729509358,118.670454984257,8.95463152231027,26.9595987517278
6.96471339965387,2.99711718282966,8.95463151384019,26.9535131579725,3.00757818578683,25.0930229261718,28.4799107052672,116.129107578713,6.96471339965366,6.96471339965328,9.94963206647282,6.96471339965342,12.9368582479122,4.97479528546698,5.96975434256049,113.881297208439,89.1868793044987,31.2886524496749,3.97983622837368,25.5001104045888,7.95967245674751,23.8647008683178,7.9596724567491,27.2515901000869,23.5666239260837,10.9468828171772,4.97485002984942,118.670454984257,8.95463151383997,26.9535131579722
6.96471339965387,2.98487717128022,8.95463151384019,26.3573570730239,2.98487717128018,25.0930229261718,24.4788769792852,5.96975434276652,2.98487717644491,6.96471339965328,9.9495855331142,6.96471339965342,12.9344627043942,4.01234572388612,1.9899181142029,12.9344627072971,27.263946575572,5.96975434258521,2.98487718687255,23.2505398391806,7.95967245674751,4.9757636939091,1.98992331509387,24.7949925078627,22.2332205830181,10.9445496280294,4.97479528546673,6.96471496595458,3.9798363437091,24.1807849550912
6.96471339965387,2.98487717128022,2.98491183952428,1.99001990117846,4.20772740776187e-10,23.548649614339,24.4788618971749,3.97984516500668,2.98487717128015,6.96471339965328,5.9697543425602,0.997142598125451,2.98487717159957,3.97983622837482,1.98991811418694,5.97354328135086,18.9042069713172,5.96975434256014,2.98487717128016,4.97479537110048,7.95967245674751,4.97479528546667,1.9899181141873,24.7949459840776,22.0042106363773,10.9445496280294,4.97479528546673,6.96471339965416,3.0518124973162,24.1807849550805
6.96471339965387,2.98487717128022,2.98487717128022,1.98991811418691,2.8562504896013e-13,23.5486167812747,22.0042106370291,3.97983622837339,2.98487717128015,6.96471339965328,5.9697543425602,0.994959057093708,2.9848771712805,3.21569162801928e-13,1.98991811418694,5.96975434255997,5.96975434256009,1.0068706674708,2.98487717128016,2.40154153450089,2.11311076615106,2.98487717128006,1.9899181141873,1.98991811418686,6.96471339965319,4.99076440081624,4.97479528546673,4.81558824078211,1.98991811418671,21.7061336942838
0.994959057093484,1.98991811418684,2.98487717128022,0.994959057093501,2.8562504896013e-13,1.00397129446664,20.7758885813447,3.97983622837339,2.98487717128015,0.994959057093536,4.9747952948824,0.994959057093708,0.994959060772561,3.21569162801928e-13,1.98991811418675,4.97522145096936,5.96975434256009,0.994959057093735,1.98991811418683,1.9899181141867,0.99495905709356,0.994959057093447,0.994959057093373,1.98991811418686,5.96975434255988,4.97479528546679,4.97479528546673,0.0976369118679638,0.994959057093555,0.99495905710286
0.994959057093484,0.262359119257817,0.994959057093741,0.994959057093501,2.8562504896013e-13,0.994959057093685,20.775888578383,1.78580681415121e-13,2.98487717128015,0.994959057093536,4.9747952854666,1.43069072619506e-13,0.994959057093569,3.21569162801928e-13,1.98991811418675,4.9747952854666,5.96975434256009,0.994959057093458,2.50129080511542e-13,0.0725767526930896,0.99495905709356,7.15908969115026e-14,0.994959057093373,1.98991811418686,2.98487717128019,1.98997401310065,4.97479528546673,1.07293723924906e-13,0.994959057093555,0.9949590570937
0.994959057093484,3.57047745824876e-13,8.09802616828516e-07,0.994959057093501,2.8562504896013e-13,0.994959057093685,2.14193435161575e-13,1.78580681415121e-13,2.98487717128015,1.78664827866607e-13,4.9747952854666,1.43069072619506e-13,0.472715990942059,3.21569162801928e-13,0.0271355183476023,3.21351513616249e-13,4.99852839886701e-13,0.994959057093458,2.50129080511542e-13,1.42982605628905e-13,0.99495905709356,7.15908969115026e-14,2.50072703378423e-13,1.1388506255218,0.0097048985007278,1.98991811418667,0.994959057093385,7.16603708479864e-14,5.6135448012862e-07,0.9949590570937
1.42953133758161e-13,3.57047745824876e-13,1.0735381845071e-13,0.994959057093501,2.8562504896013e-13,7.16077299480589e-14,2.14193435161575e-13,1.78580681415121e-13,2.98487717128015,1.78664827866607e-13,1.07345147869831e-13,1.43069072619506e-13,2.14455823042999e-13,3.21569162801928e-13,1.43083714884743e-13,2.85705811960867e-13,2.14201741335905e-13,7.16545312281868e-14,2.50129080511542e-13,7.16864830419812e-14,0.994959057093421,7.15908969115026e-14,2.50072703378423e-13,0.994959057093675,2.4450155605444e-16,1.98991811418667,2.14251621380856e-13,7.16603708479864e-14,2.85673090174177e-13,0.9949590570937
