3930905980.07969,69753596.0677476,1366113949.24333,698125735.913504,20332307.142283,582232208.554475,6380882896.28701,5444121510.42556,2724700418.58123,19398883.324842,22901704.0177596,7555378787.14317,15168675.4007844,180415.346113663,215002945.002682,3054269382.17392,4544287927.46157,339719.243215682,2774063706.41589,8058424.25263818,898789.892587468,1809145101.48899,8836493.99697013,671132433.052545,471956713.725105,421371117.545058,4025027828.54411,19794933.1637322,1072357989.39549,196764277.833706
3930905980.07969,69753596.0677476,1366113949.24333,698125735.913504,20332307.142283,582232208.554475,6380882896.28701,5444121510.42556,2724700418.58123,19398883.324842,22901704.0177596,7555378787.14317,15168675.4007844,180415.346113663,215002945.002682,3054269382.17392,4544287927.46157,339719.243215682,2774063706.41589,8058424.25263818,898789.892587468,1809145101.48899,8836493.99697013,671132433.052545,471956713.725105,421371117.545058,4025027828.54411,19794933.1637322,1072357989.39549,196764277.833706
1341819536.92773,60549819.270203,55505590.1792693,30164377.2151584,20332307.142283,5344521.89469331,8338266.46935812,1824301935.17028,2724700418.58123,19398883.324842,22901704.0177596,4540540154.60904,15168675.4007844,180415.346113663,215002945.002682,15448546.2682965,4544287927.46157,339719.243215682,340714950.19077,8058424.25263818,898789.892587468,686801879.403413,8836493.99697013,4539345.95040428,471956713.725105,33042726.7989909,52608137.2158686,2713036.64459468,1835514.57504484,119326093.467372
4828109.13771534,12478735.5597307,3218701.79445308,30164377.2151584,20332307.142283,4332631.79470249,4313547.09305681,4197099.11014603,16590685.8408418,3857511.31251002,22901704.0177596,131428614.568963,15168675.4007844,180415.346113663,650232.726333317,13892459.3516706,51342207.5056309,339719.243215682,52062642.1693174,362674.028096236,898789.892587468,105636652.977736,6547693.7405898,4539345.95040428,1624224.92955716,33042726.7989909,11775578.4424254,2713036.64459468,1835514.57504484,119326093.467372
4828109.13771534,1025655.55567146,3218701.79445308,7317756.46595932,4496331.24723856,34328.4639564077,4313547.09305681,4197099.11014603,16590685.8408418,3857511.31251002,4844473.14913638,1604871.51111027,1960062.89239073,180415.346113663,650232.726333317,2090301.68290645,51342207.5056309,208982.751329682,52062642.1693174,362674.028096236,586857.820438464,4954117.82633925,5695354.17915146,2548549.45596434,662601.973350714,17906687.457413,1207940.79001186,876942.7273897,1007270.6820548,975442.916755967
4828109.13771534,1025655.55567146,1075085.12430503,870757.639608244,4496331.24723856,34328.4639564077,913505.952368571,1248464.56016236,4766466.20397778,3857511.31251002,162859.545644702,1604871.51111027,692470.596070205,180415.346113663,650232.726333317,1802245.61729073,477615.310950447,208982.751329682,3773651.49531219,165804.682014221,586857.820438464,2115865.47519143,3363766.29335018,672185.167706153,662601.973350714,3268566.0799247,1207940.79001186,876942.7273897,60420.3575970168,58500.3264773327
1324425.30069566,486337.583491896,885148.329849974,870757.639608244,1560929.285925,34328.4639564077,358733.847021408,1248464.56016236,333785.161046344,1879980.08086293,154635.982796459,282235.687094981,479853.304691337,180415.346113663,628640.116567689,985628.019073935,477615.310950447,116840.945406638,470375.3578903,6592.38512964739,84008.9456566139,1485970.6345917,3363766.29335018,628978.675738867,662601.973350714,886209.559477982,9037.25707131869,335374.549355609,60420.3575970168,58500.3264773327
281498.993748133,439506.356915474,105095.003467433,629370.990145868,564168.66746455,34328.4639564077,358733.847021408,353083.866328898,169946.174904488,1879980.08086293,4682.64697276445,14532.1284383969,194025.507085708,177746.26659829,132922.365842436,448054.390845779,477615.310950447,116840.945406638,171697.369995021,6592.38512964739,36410.4329927314,12998.1086065014,2200146.34017566,409596.634579031,427642.875723653,317554.032469691,9037.25707131869,124184.063537167,7920.29758587602,58500.3264773327
2681.22178410684,170886.074932704,62137.8106836755,605115.486965741,246333.901349407,15639.8438313993,164636.124878997,122008.179705391,46756.3888349694,1509163.51790948,3279.28058470171,14532.1284383969,20860.8641556823,53399.8658678961,34316.8596249343,448054.390845779,107006.682769568,16190.2425731665,171697.369995021,4891.78247859768,12595.4471407668,2373.9251500204,348263.468501208,105602.447021182,60274.9574697476,198015.458631806,1489.84157532876,17559.4969058486,1686.94236508599,2090.82707417073
895.852210035709,1513.27849229886,1237.10293799161,4122.8742713102,42651.6734256369,1867.56529659291,4108.09238310816,2687.75747321227,2312.82971768477,13477.3721353291,2930.69962191696,14532.1284383969,19563.9994221922,2908.30353897429,5311.30584165065,7123.40516731799,4803.84519741365,983.505656095915,8524.71301850578,2359.43650530203,4786.90394718517,1721.64825598261,8477.27878594442,1935.43504957229,1701.01633748867,3247.69668351219,580.345722566563,1534.22495843856,1052.63504123222,1347.06277539385
852.131957904753,1244.72671356248,1132.13386877835,2183.96377051339,6049.91902728862,1723.93595560526,1021.90025228039,1721.74818259629,1311.12071896012,9260.16456637236,1897.44308909513,2889.2466929929,1666.92082442252,2716.80845045362,5032.62219901719,1046.83264990501,3959.2134482276,699.703402473741,4049.07128455112,2281.12461508155,4348.19020085462,1631.80264610357,8330.53307397773,1026.53885617559,1609.05800252154,2977.15108272514,429.345208823616,781.897356530513,913.192764587395,1296.25799761235
406.15644254032,783.625944731259,721.759469294479,1715.11096667035,1869.04114291159,490.926831931073,574.623575048468,934.65690865935,995.368858543689,288.340352104675,523.037426480932,1596.63085466139,1129.70688467805,1137.17838437802,593.620491858259,526.580926383246,366.524113317474,96.5313791986623,2062.18429866443,1520.20802997659,1535.31136907074,1088.85280986963,2359.5272432435,483.482941418967,536.857112295622,1232.26609461304,27.4910735166921,572.870378153817,437.250206980216,1078.60091884825
314.438678259783,601.904849468336,226.611348793875,364.750992218463,239.200126726008,224.7793835353,439.457874118151,230.720430366359,724.488189005612,7.44987650169651,18.5443978877,232.007978414544,668.548807128152,600.093520055338,397.317457657538,321.093634910627,235.561519149114,5.69258538851175,642.881656333571,238.797829566931,60.0137839047461,327.102059501174,282.215977976534,443.966989885046,358.716303088509,672.516030501636,11.3836095961407,441.084608501645,232.000701630662,546.096549546201
314.122040131425,586.280372612672,223.91218579788,11.1243747475174,224.505709779445,217.655947025262,435.566604185548,220.415759860458,713.093907159835,2.68755710382064,17.7288913215563,217.902047643103,655.193874254444,574.316496266186,368.785497154836,300.536966555172,234.920873807512,0.89302987027747,300.959317696528,234.54580431568,27.0387599114508,222.596805007104,261.020704008855,443.715006689781,356.11707178741,662.394747843421,3.7613869786386,439.577428615846,220.011182525262,521.211976907438
314.121577450514,317.268813985167,223.911076012174,11.1243747475174,224.505709779445,217.655550540758,0.646626277207612,3.79204050640292,573.835072284644,2.68635690446983,17.728503757428,217.898481883462,579.096417683363,1.27252495439197,13.6798207754178,300.536966555172,222.058491027087,0.89302987027747,300.959317696528,234.545792542839,23.1730105473903,222.596805007104,224.167125363787,27.8878660648184,296.591779175673,2.05937954998532,3.7613869786386,297.634888894517,2.88821008579389,521.211976907438
0.476369123855992,18.7916696285738,10.0979881897974,11.1243747475174,1.68049951935928,8.98343437886988,0.646626277207612,1.46490802147262,4.63321122647501,2.68635690446983,17.728503757428,6.95293563325825,1.67817686647589,1.27252495439197,1.15168506243147,17.1036309207852,18.3781063041339,0.89302987027747,1.19920676787359,5.3839028396319,13.2879990816745,0.147403696986487,12.7138508222042,23.1288962083584,4.7087266719579,2.05937954998532,3.7613869786386,3.12560565953116,2.88821008579389,91.6169585329562
