2145.99548559219,5526.37020788082,9456.96863325745,4656.01860622389,1136.38777299381,2614.05373966376,5497.37998869682,6098.75692709776,9804.37674526088,9930.74631841126,7801.62771628248,4351.23415153771,6353.73087227873,8002.78942220366,2637.26722568014,3438.47536383732,5373.15331181571,4126.20042897086,6154.6087141732,6127.9489000192,3972.24914360249,2230.42089829227,8756.62312845246,6147.90369165057,4780.65579838838,5445.50650607539,9117.88345464715,3914.81799326001,4470.21257304122,2016.81463582968
1647.00949526218,5526.37020788082,8500.4580945681,4656.01860622389,848.217519718018,2384.54681398401,4098.21934289561,5703.7186362027,8527.43853547904,8507.5996290344,7231.01049189586,3341.87206248801,5520.28261291946,7393.09286403396,2299.10946106813,2882.88282243287,5373.15331181571,3630.80693300124,5420.05385155639,4969.28696030004,3599.35277590396,1447.45501864444,8178.14254150672,5352.23184414576,4504.35755439668,4411.10903984242,8030.94589116009,2960.80343860709,3709.85070807662,1592.27632472444
1647.00949526218,5526.37020788082,8500.4580945681,4656.01860622389,848.217519718018,2384.54681398401,4098.21934289561,5703.7186362027,8527.43853547904,8507.5996290344,7231.01049189586,3341.87206248801,5520.28261291946,7393.09286403396,2299.10946106813,2882.88282243287,5373.15331181571,3630.80693300124,5420.05385155639,4969.28696030004,3599.35277590396,1447.45501864444,8178.14254150672,5352.23184414576,4504.35755439668,4411.10903984242,8030.94589116009,2960.80343860709,3709.85070807662,1592.27632472444
1647.00949526218,3940.7288150576,6291.29563987232,3835.16752700845,643.817030803161,1887.8471949947,3845.59711275274,3911.42501800034,6724.73124018928,7832.81201094028,6648.95658158129,2693.64000158791,4383.29985360383,6425.56834814458,1749.7144691199,2185.04124459708,4654.41784998755,2788.53122569788,4008.06947149709,4123.45776745335,2986.83431424459,787.645867792158,6978.05480786797,4640.31453887438,3874.06838244354,3573.30820175385,7092.70300647885,2469.71245427759,2673.26165515982,1213.69402631166
943.258897605443,2977.30108059568,5044.51967018544,2804.25787175106,391.090497719817,1016.52641110732,2527.14820216865,2970.74124959706,5203.11187257814,5809.11462699732,4014.57053893807,1692.34856212238,3293.34370877065,4322.82355713539,795.585495318087,1396.4195712476,3365.11822165929,2096.05909518897,3527.49678161868,2591.24673772359,1775.76688587953,559.262770260804,4899.20822996056,3040.0297509579,2658.40091632574,1759.23265637654,4843.75639747663,1815.9150864774,2157.73576875359,567.971888962159
512.076599766935,626.756558956264,1505.69403230279,1196.03471484716,199.656791406023,247.298835423129,1300.0449269778,1108.64270316401,1607.05403340636,2167.74594662344,1258.30182624624,319.815698309323,1036.96706147149,1906.20648096324,144.242159390431,346.31495667516,1737.44391325106,654.046587779681,1474.15643352973,780.512415252128,674.373205157696,254.990233895097,2422.40998206407,1195.32462998392,598.924955061251,474.061936644435,2550.91473184259,638.78602196354,644.145895572231,201.485935227072
259.731499519521,173.999817089453,144.190624990316,190.885854278964,116.442074864281,116.188550061681,385.916656077847,234.764612806512,292.753911112645,289.072149663479,281.98380053597,189.911375988415,223.553293074433,374.357599599199,105.547586549425,116.907352270885,382.634910170107,310.762626990693,210.511885851119,159.055651251719,128.785716695568,111.255253178536,407.204024338609,209.619405490714,208.093138216894,146.886686954768,581.171016458707,199.77032921189,191.642971752891,132.25479097845
116.506653308994,95.8442646970513,110.934697324497,103.28661642484,91.2255934801016,73.4596969503697,108.993170688332,101.904645444061,96.975237626502,75.4287985969332,85.4092835202242,110.41087101858,88.6909195946384,84.3409879968884,64.4620380199639,70.8591166352272,106.684074722626,133.687195754606,114.932199741307,84.8428723651331,109.837384920663,90.7890476880498,124.748252505546,100.215353887324,99.5836949604885,66.5876620704843,109.023660813471,86.8763728738452,108.471177175573,108.057702215153
70.1578203990982,88.3100971490532,80.3981602765342,82.3292096275214,86.498418254819,52.9002055054077,59.8551985986893,85.138500117169,88.7134561605111,58.5725199345263,55.7377575773201,80.8906148328036,55.2442632108324,60.8264841312278,52.5608997268599,53.3682522036796,63.5975297232996,81.2563692419209,77.7711415336784,59.6115752689156,86.6440377475615,80.8887871279353,64.7431290342802,55.4255498476881,58.0981924627488,53.7660850822335,58.3312664218275,62.0724158874067,87.5136097335467,85.7882935891879
51.2281177550853,82.6989936817795,51.9150636527406,80.4666236993618,84.1508238262725,49.5213546387526,50.6228801081355,74.1052273126896,56.2569190749417,50.1050504323696,51.924292143531,59.4745525649052,50.4867281453766,50.6478262973795,49.6910859810741,50.0946153375588,51.9310792325313,52.54787589293,51.815973993087,50.8489667760555,84.7752653539763,62.1128581497063,50.5566675337076,50.6330876697364,50.7556688589316,50.5238966823822,51.018365941677,51.372796021308,80.6817458960722,82.8473533486134
48.439564458976,79.6347192461932,48.5119734366599,77.8980581691768,82.3170340864651,48.0819520168906,48.4433995854738,50.5209967543742,49.1562521222351,48.1453916169571,49.7444441957948,50.210867482349,48.2891200181946,48.2628921305257,48.2236137248918,48.1856194953203,48.7412432802485,48.2596259294426,48.1346465784065,48.9379777761718,82.0262346950697,49.5969444220059,48.1285684415732,48.4023387900561,48.3190074034314,48.4207120300082,48.3832028703096,48.1709150041212,78.1675603885042,80.1462494509596
48.3093016152127,79.5866461285007,48.3693294971914,77.8861394745154,82.3112238289115,48.0709226215026,48.4135069046214,48.2716086401816,48.215833168559,48.0959880872907,49.7227576156819,48.1932826245999,48.2647656541765,48.1901027911786,48.2212691203792,48.1733606861747,48.6139122917011,48.1237306623526,48.0571625094498,48.8786139256955,82.0047757127974,48.3439525735844,48.0703400607139,48.385176453004,48.3003619573797,48.3671996705785,48.2900879536568,48.1501210444322,78.1440420361037,80.1277270292881
48.3092898942793,79.5866414964495,48.369298929788,53.399114059343,54.3178175943454,48.0709211978779,48.4134962814235,48.2713308815681,48.2157129295402,48.0959788050911,49.7227565058399,48.1931260825842,48.2647631354939,48.1901017254471,48.2212680812517,48.1733585535166,48.6139029621381,48.1237238527316,48.0571569019987,48.8786105080991,58.6283887154817,48.3438961390777,48.0703364644287,48.3851729571262,48.3003599990298,48.3671936897659,48.2900797425932,48.1501202183288,77.0500613691575,60.0954241602907
48.3092898942793,48.0559075641592,48.0091359931532,48.0224148463308,48.0233914356243,48.0709211978779,48.0266007588068,48.0472576333516,48.2157129295402,48.0959788050911,48.0733866079671,48.139368047688,48.0178525311595,48.0022896709482,48.0231425375035,48.0248514761842,48.0570309613859,48.0091436895486,48.0031616057601,48.0478202331499,48.0694328283439,48.3438961390777,48.0703364644287,48.3799035361174,48.0927432984661,48.3531873959456,48.0343057211208,48.0282931160756,48.1372269168913,48.0362376910359
48.2848846254215,48.0087003469068,48.0070651369173,48.004112104565,48.0010039003368,48.0255001505018,47.9969262435859,48.0472568623228,48.0226388968816,48.0268350235941,48.0053131012264,48.1393677402533,48.0178521085282,47.9975189499121,47.9991847696964,48.0240766232169,48.0036119504627,48.0091357159005,47.9902217026206,48.010954478927,48.0346582157715,47.9888329687322,48.0075448352426,47.9880190358856,48.0094185588892,47.9901621980719,48.0021349720172,47.9953252285566,48.0505899278713,48.0083904151479
48.0010039008465,47.9987939013785,48.0070651369173,47.9901621982585,47.9888329678658,47.9888329686111,47.9901641608119,47.9992555539592,47.9953116481878,47.988832968003,47.9943837146524,47.9901641607294,47.9901621980137,47.9953116485261,47.9991847696927,47.9959108652934,47.9959108651634,47.9902194372948,47.9880190361256,48.010954478927,47.9991847698518,47.9888329678508,47.9968334926733,47.9880190358709,47.9880190357725,47.9901621980396,47.9959107484751,47.995325228398,47.9923605690535,48.0044655379956
