4425629.71778318,1073474.25882832,1314013.0664941,3238955.69291513,1532992.42497813,1004972.00414902,3828724.46414579,3292598.47967673,2911699.16408487,2121138.60894776,1254017.88701897,3434701.79222919,3162432.45788262,2425208.92915871,4441842.75128514,4195989.33873222,2205702.64080944,728424.430736286,523466.522515225,2251250.28464095,1659705.00369957,1531197.95021739,2741947.89702176,690610.478300381,5438714.02307456,677181.111287843,6212736.57111875,7612090.30222252,3898672.79425805,483170.945676048
4425629.71778318,1073474.25882832,1314013.0664941,3238955.69291513,1532992.42497813,1004972.00414902,3828724.46414579,3292598.47967673,2911699.16408487,2121138.60894776,1254017.88701897,3434701.79222919,3162432.45788262,2425208.92915871,4441842.75128514,4195989.33873222,2205702.64080944,728424.430736286,523466.522515225,2251250.28464095,1659705.00369957,1531197.95021739,2741947.89702176,690610.478300381,5438714.02307456,677181.111287843,6212736.57111875,7612090.30222252,3898672.79425805,483170.945676048
4425629.71778318,1073474.25882832,1314013.0664941,3238955.69291513,1532992.42497813,1004972.00414902,3828724.46414579,3292598.47967673,2911699.16408487,2121138.60894776,1254017.88701897,3434701.79222919,3162432.45788262,2425208.92915871,4441842.75128514,4195989.33873222,2205702.64080944,728424.430736286,523466.522515225,2251250.28464095,1659705.00369957,1531197.95021739,2741947.89702176,690610.478300381,5438714.02307456,677181.111287843,6212736.57111875,7612090.30222252,3898672.79425805,483170.945676048
4425629.71778318,1073474.25882832,1314013.0664941,3238955.69291513,1532992.42497813,1004972.00414902,3828724.46414579,3292598.47967673,2911699.16408487,2121138.60894776,1254017.88701897,3434701.79222919,3162432.45788262,2425208.92915871,4441842.75128514,4195989.33873222,2205702.64080944,728424.430736286,523466.522515225,2251250.28464095,1659705.00369957,1531197.95021739,2741947.89702176,690610.478300381,5438714.02307456,677181.111287843,6212736.57111875,7612090.30222252,3898672.79425805,483170.945676048
4425629.71778318,1073474.25882832,1314013.0664941,3238955.69291513,1532992.42497813,1004972.00414902,3828724.46414579,3292598.47967673,2911699.16408487,2121138.60894776,1254017.88701897,3434701.79222919,3162432.45788262,2425208.92915871,4441842.75128514,4195989.33873222,2205702.64080944,728424.430736286,523466.522515225,2251250.28464095,1659705.00369957,1531197.95021739,2741947.89702176,690610.478300381,5438714.02307456,677181.111287843,6212736.57111875,7612090.30222252,3898672.79425805,483170.945676048
4425629.71778318,1073474.25882832,1314013.0664941,3238955.69291513,1532992.42497813,1004972.00414902,3828724.46414579,3292598.47967673,2911699.16408487,2121138.60894776,1254017.88701897,3434701.79222919,3162432.45788262,2425208.92915871,4441842.75128514,4195989.33873222,2205702.64080944,728424.430736286,523466.522515225,2251250.28464095,1659705.00369957,1531197.95021739,2741947.89702176,690610.478300381,5438714.02307456,677181.111287843,6212736.57111875,7612090.30222252,3898672.79425805,483170.945676048
2644824.78904619,1073474.25882832,1314013.0664941,3238955.69291513,1532992.42497813,1004972.00414902,3828724.46414579,3292598.47967673,1092451.00374605,2121138.60894776,889483.468689569,1527794.85267627,3126663.270625,1692034.28732442,4441842.75128514,1613887.29071719,1338078.1598501,728424.430736286,293256.791837658,2251250.28464095,1659705.00369957,1531197.95021739,2741947.89702176,690610.478300381,5438714.02307456,677181.111287843,6212736.57111875,7612090.30222252,3419382.10659702,483170.945676048
2644824.78904619,647924.664710065,47960.8918153165,254355.537910242,841470.408446849,964367.784244427,930510.684245871,394044.816116224,732801.352041683,28710.1245904295,38319.529577645,875649.01875035,1619520.72885109,1692034.28732442,1120766.12566855,1613887.29071719,42004.6795031398,123604.934116704,156402.498868588,278456.407303872,91426.0811387857,346840.268278807,1711494.25600541,196555.586564493,1567478.39803352,623594.776605401,197887.974523914,2278828.19247974,178687.171683338,436726.179225965
61023.2100636631,19893.7829909632,2845.94893018561,53776.1246031321,70103.2089249992,81999.3165219383,33326.7131700818,1008.44066376475,22556.0135301605,13582.7355724006,3530.43905197203,61372.8155978849,29733.3139710158,10019.88424591,50214.1000211908,8082.84490634328,4599.03198340411,20346.5430791614,10224.7821186773,46953.6925655373,12661.1018463472,7346.43615199723,28651.273748645,1606.72490541838,27628.3113128666,4417.49118206244,48976.8905496809,47430.5710942969,1523.82879124821,3965.44239579478
832.024800956025,59.6424477897343,27.6983178099917,242.455848857034,385.79971620012,399.216780984226,614.936051635118,52.544378362292,57.7426864219221,50.084138055226,29.0676298321496,93.6658911740099,89.5529971379346,137.380743167936,394.094145524663,94.0526789688614,27.5599051614583,60.6367205335533,136.936745512306,171.09699203755,45.566413590183,100.060189954703,483.804485222273,32.739657764282,192.277323095357,65.3885194306425,115.333377232682,825.288591886087,18.0961040011726,73.7791169025183
13.7958296129873,12.2998456473583,14.2571520849206,15.4721677512119,17.4380438629685,15.6530989539388,17.3478331979687,12.4185911074474,13.8777427518617,13.6583190794865,14.423445601306,15.4607066032855,12.2850308384668,15.0085398005031,15.6536935270532,14.7754184320686,13.7130017393488,13.7932186924814,13.3009412421069,14.8267234336842,16.4247305993636,12.8875007943195,13.0324090233054,12.7825846846925,15.1408336274992,14.5653512413229,14.9139563272829,13.9110189719007,10.6912087066032,13.7377946108049
11.5114995994393,11.6193179496736,14.0082441714419,13.7223848490757,8.96783759146676,13.9064950760818,14.1705709875974,12.4185911074474,11.5461643706968,13.5677164273216,13.3407872896778,14.3856533246838,11.0479783340919,11.5681699830687,12.5464575325412,11.6836956517601,13.5132992161554,12.4273322686637,10.6398823069911,12.577013296036,12.0986010886718,12.1001512937729,10.9908960058783,12.7424750252356,13.2604802656959,12.1380531820719,12.5200427242109,12.2645218016325,10.6912087066032,11.1444446195529
11.3631392236035,11.6193179496736,11.0833506155521,11.0815384327027,8.96783759146676,9.48103960140313,11.5998846289735,12.4185911074474,11.5461643706968,12.3252546213607,11.2564317342715,12.0181001530438,11.0479783340919,10.2203606310515,12.5464575325412,11.6836956517601,13.5132992161554,12.4273322686637,10.6398823069911,11.040248297789,11.7262317495407,12.1001512937729,10.9908960058783,11.2497124808494,13.2604802656959,10.2193640127416,11.6310870899227,12.2645218016325,3.32437619505717,11.1444446195529
11.3631392236035,11.6193179496736,10.1908618035159,11.0815384327027,8.96783759146676,9.48103960140313,11.5998846289735,11.662550266637,8.87804076352763,12.2051808440669,10.5742011183436,10.0117387613178,9.98586621494889,10.2203606310515,11.2131421906953,11.2987894399043,12.2486709609917,11.1438798417901,10.6398823069911,11.040248297789,11.7262317495407,11.9300463256608,10.9908960058783,10.9097319804007,9.44236976533852,10.2193640127416,11.2456529443527,12.2645218016325,3.2375061106267,10.3842771280229
10.771604387129,10.3428101374087,8.93127330235763,9.82098830960554,8.96783759146676,9.48103960140313,10.9305747774323,8.39949963477598,8.87804076352763,11.5925955661656,10.4232024563621,10.0117387613178,9.63743224863821,10.2203606310515,10.491944878614,11.2987894399043,10.2614896489957,10.5476643223111,10.3263459014985,9.21578649004753,10.8643707842849,10.5386269479817,10.2293233254237,10.0586207731906,9.44236976533852,10.2193640127416,10.1325416322019,10.371866637562,3.23739963862084,10.3842771280229
9.98932729857858,7.45278014272648,8.00562272992668,9.67887163587173,8.96783759146676,8.29634718522455,8.64215645299293,8.39949963477598,7.45057183758323,9.23372283343205,9.11600966519472,9.11629540777476,8.85027921216763,9.1616723445721,8.98227040594737,8.41316058401997,8.83022854923064,9.57431084346753,9.20039979598258,9.21578649004753,7.55941589617941,8.22503979755209,9.3605863966546,8.78220811547754,7.95671735640815,8.86580919469387,8.26307923639283,8.95037331677499,3.23739963862084,8.34784186443812
