2214142.84097172,3150226.19630014,1865823.41145431,69216.4754972892,4057991.08067032,801889.055384282,716395.854709574,793700.417751899,732172.221171259,895625.147349957,3033436.07510271,2339088.35707194,2037294.21014406,474599.096996896,1666383.5361551,1554058.54859813,40206.8013391078,2080128.91390955,637.364676153867,2035330.79080416,329760.490507554,103150.21470698,1597976.75707472,561338.488102061,2707362.33144022,2299152.98980682,1554296.58962403,1182784.77826764,727035.608679401,4172259.86013573
2214142.84097172,3150226.19630014,1865823.41145431,69216.4754972892,4057991.08067032,801889.055384282,716395.854709574,793700.417751899,732172.221171259,895625.147349957,3033436.07510271,2339088.35707194,2037294.21014406,474599.096996896,1666383.5361551,1554058.54859813,40206.8013391078,2080128.91390955,637.364676153867,2035330.79080416,329760.490507554,103150.21470698,1597976.75707472,561338.488102061,2707362.33144022,2299152.98980682,1554296.58962403,1182784.77826764,727035.608679401,4172259.86013573
2214142.84097172,3150226.19630014,1865823.41145431,69216.4754972892,4057991.08067032,801889.055384282,716395.854709574,793700.417751899,732172.221171259,895625.147349957,3033436.07510271,2339088.35707194,2037294.21014406,474599.096996896,1666383.5361551,1554058.54859813,40206.8013391078,2080128.91390955,637.364676153867,2035330.79080416,329760.490507554,103150.21470698,1597976.75707472,561338.488102061,2707362.33144022,2299152.98980682,1554296.58962403,1182784.77826764,727035.608679401,4172259.86013573
284344.093412002,578779.774361019,685827.228620738,69216.4754972892,1199818.55050206,379787.576670979,716395.854709574,793700.417751899,196729.473998166,103287.589754454,2115071.27557255,334429.396992198,1869889.92443689,29566.4690000251,113316.795378045,1056307.40407601,40206.8013391078,399937.821091623,637.364676153867,82816.6665839551,329760.490507554,103150.21470698,487049.986211856,45771.7653343565,2698842.36558703,364167.433278912,4528.46378441661,769910.781344882,395145.769500355,558053.740826358
2381.31999083727,578779.774361019,685827.228620738,44449.6986695513,1199818.55050206,379787.576670979,716395.854709574,793700.417751899,6676.31848041828,103287.589754454,500223.034769644,334429.396992198,1869889.92443689,29566.4690000251,8446.20007746264,1056307.40407601,13949.7716697594,399937.821091623,637.364676153867,82816.6665839551,329760.490507554,103150.21470698,487049.986211856,19500.5606280098,2698842.36558703,364167.433278912,4528.46378441661,769910.781344882,395145.769500355,558053.740826358
2381.31999083727,77759.9307382103,685827.228620738,4880.47355139562,136869.944012917,379787.576670979,127533.1701522,218974.920525221,6676.31848041828,92989.088055945,522.25580308828,180587.014705448,17526.4396905643,9383.19621513988,8446.20007746264,1056307.40407601,511.848819940928,95533.0095259452,637.364676153867,31629.5937513483,32750.2704542587,17263.5459685665,44717.1340877706,2867.62178046467,306845.401882453,31039.1420453294,4528.46378441661,9325.66039390008,78729.1140905247,136058.06303875
396.466928565287,5214.0057226597,3577.87598548699,91.3829234447692,8219.55433933368,1549.64377147005,33288.0994144541,16321.7709403515,445.037039182184,2614.93595922596,522.25580308828,870.702480594606,1743.7352063647,9383.19621513988,882.281627997599,4556.59305644672,112.387074496356,7501.1228144224,21.900126976256,31629.5937513483,6916.16622456176,717.773784503857,17263.5744209924,310.019779465458,3038.7062334806,31039.1420453294,2199.0761954584,8047.74834981032,4969.96236351517,23602.3341878081
117.188747448129,2429.96757060217,77.3612598670548,12.1427182868807,36.0339052976132,25.6558952877611,1008.62592073429,26.0638483775307,14.7374289727469,132.071936396182,34.995930533093,663.011644350356,478.96628963675,15.943600211873,20.8138337835675,537.110008700733,12.2805406020502,3764.35690919328,13.6856813423151,557.517498587934,440.702241985419,34.7539182094509,38.070176877056,21.9643147029345,772.849841493793,417.213669101699,24.702492806682,194.026903664894,127.796894553154,1312.27599009492
9.46479826799905,15.1089524198406,23.5129864706341,6.51257273269571,16.2304951620709,12.8147447436572,12.5370748004432,14.9053833674781,6.30238041039558,9.36349114750637,8.00502800978385,10.6127710780072,11.1705908897514,8.74431901194813,8.43444503177234,8.62214255215097,6.8146294015212,107.923128111697,6.63936438899716,10.4180348530425,10.4482768248715,8.52044260454551,7.4703143894217,5.92615022837263,21.8351882673947,10.7717117962458,6.5565387053163,11.0392551164554,16.9713328518852,10.6337097678008
5.77906157069576,4.9087313996216,4.55399453745995,6.18163484196592,7.77824373134313,5.74571220999789,3.84404531057238,5.55155291945917,4.81529647035077,4.69369144645475,6.49533050686299,5.51405103430213,5.83472106518745,5.60785119026425,6.92805582910874,4.95466708281021,6.43923496251861,3.9443181170627,5.65738871176199,6.56524536332002,5.99704444345915,5.88444758108131,4.71688265545581,5.71052183516269,7.56197526319515,6.07542388121425,6.1605366927455,6.81144966266656,6.17956848232652,5.74801912171554
5.77906157069576,4.9087313996216,4.55399453745995,5.37888443106646,4.72533189954347,5.74571220999789,3.84404531057238,4.27348749899175,4.81529647035077,4.69369144645475,4.99560977257487,5.51405103430213,5.83240802919837,5.60785119026425,5.64003437470495,4.95466708281021,5.36106293765428,3.9443181170627,5.65738871176199,4.86485800097427,3.78269277777317,4.08314458375503,4.71688265545581,5.0212912175806,4.87877471860079,5.6438916011836,5.64249425352575,6.79610168595254,6.17956848232652,4.89533413281523
5.06083881111137,4.9087313996216,4.55399453745995,5.37888443106646,4.45902931782268,4.48789525982237,3.52238931867664,4.27348749899175,4.24080117365325,4.69369144645475,4.99560977257487,5.51405103430213,4.76943532925597,4.74670686800514,4.65515398675612,4.95466708281021,5.36106293765428,3.9443181170627,5.17827307959371,4.22762051821933,3.78269277777317,4.08314458375503,4.09663801554276,5.0212912175806,4.87877471860079,4.65220744223181,5.05303480210811,4.69066239158134,5.4669559371092,4.89533413281523
4.53510177457837,4.63330203093856,3.89969634581752,5.03356422774936,4.45902931782268,4.48789525982237,3.52238931867664,4.27348749899175,3.81391376445858,4.69369144645475,4.96724957632029,4.36464117043041,4.76943532925597,4.69679391752226,4.65515398675612,4.11183965210108,4.68001332400776,3.9443181170627,4.55028921873128,4.22762051821933,3.67821123919349,4.08314458375503,4.09663801554276,4.4942519107271,4.87877471860079,4.65220744223181,5.05303480210811,3.44121185106038,3.7672768791506,4.8318289686533
3.77718963882004,4.63330203093856,3.51765574163852,4.05495766391696,3.55658417526609,3.79677713933353,3.52238931867664,2.55978219517576,3.40242820254166,3.89878892211787,4.19991870514674,3.52198010511691,4.43942274478064,3.43278641389013,3.88560821720522,4.11183965210108,3.18754026977665,2.95716139752087,3.77661780957138,3.95708385504047,2.85936076787833,4.04294229371073,4.09663801554276,4.4942519107271,3.04531577556601,2.11858666512951,4.01490825343806,3.44121185106038,3.7672768791506,4.67459250576743
3.77718963882004,3.02712393493001,3.29917825756042,3.30761672997152,2.20574685608545,3.79677713933353,3.52055723272337,2.55978219517576,3.40242820254166,3.89878892211787,4.16476142928081,2.56208922549393,4.0020299263539,3.0588182171281,3.00488095020051,3.00774074000716,2.90404722597274,2.68985766433204,3.55140590661367,3.54292217157415,2.85936076787833,3.08997270013264,3.59987620587587,2.18082959645926,3.04531577556601,2.11858666512951,3.35601022230546,3.44121185106038,3.59306256577874,4.11967246029271
3.28510017591619,2.85608255395486,2.68735190960481,2.91051738029612,2.20574685608545,3.29576532963,3.47297806844193,2.0966541170561,2.61294148704098,2.94210054360734,2.88260984574829,2.56208922549393,2.66392068795099,2.73713006733925,3.00488095020051,2.24811379791613,2.90404722597274,2.46727227903269,2.6906887912242,3.00061661459288,2.85936076787833,2.86906084731809,2.50089655113283,2.18082959645926,2.63594617427073,2.11858666512951,2.72571671419848,3.42932374359964,2.94976450720019,2.45524452092971
