124.637278640478,314.319352473707,79.451419042457,129.856600621264,124.835930596133,145.771137776707,239.518851413945,181.569024589626,80.5444945033119,95.767317119266,261.794814638684,120.300049049041,23.8788678393321,230.950046118928,185.492820404223,178.690328554302,42.3507765098163,251.881922557144,126.725122497536,236.285343776204,272.406434591068,300.698338895405,227.356269393944,63.930107276758,104.861291596912,151.403936457974,122.740001586127,197.611115114991,254.037287607923,309.819804710718
124.637278640478,74.4842499850413,79.451419042457,67.8918134308039,124.835930596133,145.771137776707,161.2185469763,181.569024589626,80.5444945033119,88.8438364437438,161.436667735988,36.4701621643003,23.8788678393321,124.054470092518,88.926856945958,178.690328554302,42.3507765098163,93.1751675711812,126.725122497536,104.162008388457,119.179935681839,43.4533979789508,111.564173483936,63.930107276758,104.861291596912,108.170696141759,87.5620205122964,72.6188479653674,98.8524581517304,152.973214249208
124.637278640478,74.4842499850413,79.451419042457,67.8918134308039,124.835930596133,139.00548389195,143.331716441892,69.2224084102327,80.5444945033119,88.8438364437438,140.072323726808,36.4701621643003,23.8788678393321,113.379473278748,88.926856945958,178.690328554302,42.3507765098163,73.7678390189603,126.725122497536,104.162008388457,66.4476511329021,43.4533979789508,45.5077916541638,63.930107276758,65.2183352958511,51.6613575767369,87.5620205122964,72.6188479653674,98.8524581517304,77.0468899657692
124.637278640478,74.4842499850413,79.451419042457,27.3963393743179,124.835930596133,139.00548389195,91.1840224373129,65.383820409317,41.1302471234781,88.8438364437438,51.2006762518768,36.4701621643003,23.8788678393321,14.7787020431783,88.926856945958,108.431661327951,42.3507765098163,73.7678390189603,66.3567134122513,104.162008388457,27.9633985144706,34.7197791626818,45.5077916541638,63.930107276758,38.4714205816372,51.6613575767369,87.5620205122964,72.6188479653674,60.1519950415989,75.3193386149508
53.9817839120612,74.4842499850413,29.5595647578141,27.3963393743179,40.9375235882621,21.4575745841207,58.1422955897333,40.3827771967244,39.4917132111495,88.8438364437438,38.8366436376625,36.4701621643003,23.8788678393321,14.7787020431783,85.7945215698849,40.0043450258102,42.3507765098163,73.7678390189603,66.3567134122513,104.162008388457,27.9633985144706,34.7197791626818,45.5077916541638,29.2175700189609,38.4714205816372,51.6613575767369,77.3408306097522,32.8714927946824,2.40126198798612,24.7639766463508
35.0762937694537,40.7907012975543,25.9847564153747,27.3963393743179,40.9375235882621,21.4575745841207,58.1422955897333,40.3827771967244,31.7997428184826,42.511523134777,27.4892211083572,27.6041121559776,23.8788678393321,14.7787020431783,79.350890768625,40.0043450258102,30.2941689584256,52.5944795742066,44.8057015174022,2.96871576025978,22.0894861484433,34.1392778699444,17.5995806084934,29.2175700189609,38.4714205816372,51.6613575767369,50.5416422534645,19.8180167481648,1.77061332962035,24.7639766463508
35.0762937694537,22.2416115796393,25.9847564153747,27.3963393743179,16.6345435403509,21.4575745841207,26.5491879372271,40.3827771967244,31.7997428184826,42.511523134777,27.4892211083572,27.6041121559776,23.8788678393321,14.2302460762389,24.2445438480481,27.743922284305,30.2941689584256,44.6621813384891,25.7953877742914,2.96810077587224,1.16538580173983,10.7229786933376,17.5995806084934,11.8596054508141,38.4714205816372,43.8393203917601,38.349407725588,19.8180167481648,1.77061332962035,14.5900650812305
35.0762937694537,22.2416115796393,25.9847564153747,26.4480366285811,16.6345435403509,21.4575745841207,2.07425779410187,23.734474519513,31.7997428184826,39.1747938141098,27.4892211083572,27.6041121559776,23.8788678393321,14.2302460762389,4.25346411621535,27.743922284305,30.2941689584256,30.796632250536,21.9470193322841,2.96810077587224,1.16538580173983,1.75363013055994,17.5995806084934,11.8596054508141,23.6259676400964,43.8393203917601,22.2917356932578,19.8180167481648,1.77061332962035,14.5900650812305
35.0762937694537,13.1919930691279,25.9847564153747,26.4480366285811,16.6345435403509,21.4575745841207,1.50300753352531,23.734474519513,31.7997428184826,39.1747938141098,27.4892211083572,27.6041121559776,2.93452913616966,14.2302460762389,4.2534634688086,27.743922284305,30.2941689584256,30.796632250536,21.9470193322841,2.96810077587224,1.16538580173983,1.75363013055994,17.5995806084934,11.8596054508141,23.6259676400964,2.82648242563823,12.1934597877519,19.8180167481648,1.77061332962035,14.5900650812305
1.98144946060575,1.55711733771159,25.9847564153747,18.585104860319,16.6345435403509,21.4575745841207,1.50300753352531,22.0821296928875,31.7997428184826,39.1747938141098,27.4892211083572,27.6041121559776,2.93452913616966,2.91872537029781,4.2534634688086,19.6246578498483,30.2941689584256,22.9336456551664,21.9470193322841,2.96810077587224,1.16538580173983,1.75363013055994,17.5995806084934,11.8596054508141,0.960946046470326,2.82584264453908,12.1934597877519,1.84006556478812,1.77061332962035,14.5900650812305
1.98144946060575,1.55711733771159,25.9847564153747,13.7866604144269,16.6345435403509,21.4575745841207,1.50300753352531,22.0821296928875,31.7997428184826,16.7300892149597,27.4892211083572,17.5196955458402,2.93452913616966,2.91457266905763,4.2534634688086,19.6246578498483,23.6118441222784,13.5655424184342,4.43623082421414,1.66463953075208,1.16538580173983,1.75363013055994,4.63387219571905,11.8596054508141,0.960946046470326,2.82584264453908,12.1934597877519,1.84006556478812,1.77061332962035,14.5900650812305
1.98144946060575,1.55711733771159,12.0925899211759,13.7866604144269,2.48349143988435,18.7872357353103,1.50300753352531,22.0821296928875,31.7997428184826,1.30653653794388,1.62664570760967,2.79619844465788,2.93452913616966,2.91457266905763,4.2534634688086,18.5421038320389,1.32649121304394,1.43234758455696,4.43623082421414,1.61745973847269,1.16538580173983,1.75363013055994,1.06969734928771,4.06391396113736,0.960946046470326,1.61167394929907,12.1934597877519,1.60760288332244,1.77061332962035,2.82792231738154
1.72523744312116,1.55711733771159,1.24727863982525,3.12756407132974,2.48349143988435,2.6999817529952,1.50300753352531,22.0821296928875,27.3809402754985,1.30653653794388,1.62651277730129,2.79619844465788,2.93452913616966,2.91457266905763,4.2534634688086,18.5421038320389,1.22101885879783,1.43234758455696,0.823360363779102,1.61745973847269,0.821301553073909,1.75363013055994,1.06969734928771,4.06390706200955,0.960946046470326,1.61159192349828,11.746827344441,1.60760288332244,1.77061332962035,2.82792231738154
1.72523744312116,1.55711733771159,1.24727863982525,3.12756407132974,2.48349143988435,1.48425597583764,1.50300753352531,11.6709878045281,0.454244457779851,1.30653653794388,1.62651277730129,2.79619844465788,2.93452913616966,2.91457266905763,4.2534634688086,0.924395437109979,0.922452693699825,1.43234758455696,0.822619180657966,1.61745973847269,0.821301553073909,1.75363013055994,1.06932292370129,0.375403117757742,0.960946046470326,1.61159192349828,0.851419453749713,1.60760288332244,1.77061332962035,2.82792231738154
