4450651.95476794,872917414.166643,1401620389.16394,1096349612.13905,6260123034.89566,9373503.75468135,4481399.41716787,2434641081.34021,4638183902.25542,59857859.6469757,7876863970.63284,6660935619.20125,240850205.126068,19123589.2278905,2839205.04202257,6868665103.59968,2915472122.42095,1082972629.20348,224112193.890768,3177712.41354651,6352387444.42828,1032258877.26391,160643880.357906,2424684155.08358,214137388.982366,9007275.4891109,7097825826.03565,1188478867.18663,7257637776.07116,4125521605.43436
4450651.95476794,872917414.166643,1401620389.16394,1096349612.13905,6260123034.89566,9373503.75468135,4481399.41716787,2434641081.34021,4638183902.25542,59857859.6469757,7876863970.63284,6660935619.20125,240850205.126068,19123589.2278905,2839205.04202257,6868665103.59968,2915472122.42095,1082972629.20348,224112193.890768,3177712.41354651,6352387444.42828,1032258877.26391,160643880.357906,2424684155.08358,214137388.982366,9007275.4891109,7097825826.03565,1188478867.18663,7257637776.07116,4125521605.43436
825011.286461617,19202801.4271415,41411896.4956209,136692497.682952,6083511649.75576,4780062.14260841,4481399.41716787,1086785597.20467,465505310.041762,1118050.18012828,7449109334.10639,4224875715.9772,13685350.7164484,3359618.63197168,2839205.04202257,3541418590.57677,131499205.655371,291504318.722703,1162370.27695066,3177712.41354651,3049929762.17829,24157747.7152835,15903072.8744354,238844245.528138,3183768.44283,5705194.24850612,3174879490.54197,55336500.3772665,1828445744.18653,2287501372.10923
825011.286461617,13460905.7505234,41411896.4956209,5053178.43658657,5308554598.68804,4780062.14260841,4330056.1689842,53101741.8616675,264440992.892747,1118050.18012828,2246635315.20934,306063854.093841,13685350.7164484,3359618.63197168,2839205.04202257,332441770.624484,5566716.17638181,3973122.64116218,1162370.27695066,3177712.41354651,3049929762.17829,18216624.7565339,15903072.8744354,238844245.528138,141850.463060806,5705194.24850612,2839580609.29557,29053333.5690165,212058378.22312,18788686.5421448
825011.286461617,13460905.7505234,41411896.4956209,276787.567173816,832551214.343907,4780062.14260841,1680581.34392387,40967409.4549102,28273210.7200779,1118050.18012828,108560453.663277,306063854.093841,343011.604806762,3359618.63197168,2839205.04202257,79635662.2310096,5566716.17638181,3973122.64116218,1162370.27695066,3177712.41354651,2720426.58613763,18216624.7565339,15903072.8744354,6662550.73253753,141850.463060806,5705194.24850612,75302704.0113109,3479246.27694049,19445613.5301722,18788686.5421448
825011.286461617,362749.958922651,22627660.077716,276787.567173816,3106818.17702498,2283225.4225845,1120893.93481393,10018766.3096265,825819.561979909,1118050.18012828,2313312.03839299,7120040.67505391,343011.604806762,1339276.71957797,1957934.22132632,242622.746751533,5566716.17638181,1146019.14526015,1162370.27695066,3177712.41354651,2720426.58613763,2189254.00487579,350235.549195755,6662550.73253753,141850.463060806,4338771.17761204,1893413.99983283,116639.248975654,6185298.11750896,1244242.7416764
825011.286461617,362749.958922651,1385374.08241711,150446.849813431,858030.214187359,1524574.22474377,402508.647670981,245886.615175126,41537.8211874533,329507.224063262,748657.259305427,471092.272271799,343011.604806762,344890.51712598,310872.085645025,242622.746751533,2338983.96130277,1146019.14526015,591049.748629064,2415439.00436397,478575.431904417,2189254.00487579,350235.549195755,154740.050833439,141850.463060806,2709049.92927399,1893413.99983283,4920.60827290371,6185298.11750896,104671.492607974
825011.286461617,18950.0422016581,91136.2467687713,8873.02739646843,858030.214187359,815304.769191169,122776.827875512,245886.615175126,23531.2078317781,329507.224063262,218362.534807788,35806.2540618069,343011.604806762,232269.014087259,238229.433102786,12777.427564163,652823.586678466,188731.911559997,186105.733632625,2415439.00436397,231101.365024775,2189254.00487579,58418.695273863,130179.027162811,24400.2979109214,1569444.46679039,60425.0965952919,4920.60827290371,1152966.92226349,103556.932942134
825011.286461617,5734.13608824032,91136.2467687713,6925.16057424746,807622.398217285,138853.868763098,13142.0564718713,15421.450435244,4345.39488141683,38890.9168907037,15630.8578538285,35806.2540618069,326045.390396239,11658.5288115951,129577.338029475,999.678869885867,108383.29876283,164419.783810423,20346.4567484293,784242.148141963,2900.43338230272,1103250.48448192,12417.0670076547,77780.6259980715,7304.74799977771,525215.442003135,12843.4787040538,4920.60827290371,608326.226987008,18890.9918932353
29557.2552921598,1424.31883908742,2604.49555569133,2194.90827486085,3161.89217395104,9345.63736399425,5365.67998632707,2038.19945502258,3002.5109518985,3047.02868451842,3947.3831305767,2993.69607544845,1736.1443221297,1914.31505056197,8132.82679789509,999.678869885867,3990.5829392066,4006.16991261331,4205.69547664284,89535.7766920198,1147.07066843416,4882.42122731769,732.105042439633,3181.51725463793,1037.02966181446,4750.05782487066,1857.98519879856,2348.04225032219,9628.5885145935,1174.76350814459
4801.1450288188,830.136574021171,1255.37918348057,2105.14850217022,2975.93751499929,8927.36131647953,4768.74770319382,1801.63521015631,2803.85433385624,1464.02638592444,3794.26368187882,2635.64526846934,1649.4575947554,1891.49268596389,7984.97012425958,999.678869885867,1278.33239087292,3583.2290940352,3884.12268313032,7830.58938180556,1107.68196747254,3730.83719828827,541.117221090301,1957.21332486914,988.161700251047,4085.48240647796,1510.28561898458,1921.32164553599,836.248514451465,1090.05550609804
2395.3334190995,215.337420372648,698.387140941622,1717.3455050164,803.456571708446,856.205840405692,470.888486730319,931.421449482135,1832.12707505471,929.38382208432,963.26604930556,356.435227130172,771.75226036927,988.761528173432,2948.67073648564,816.550546368897,616.450509170099,1616.85652447315,1323.03992740232,4844.45745139727,487.045248824395,1840.31129388486,341.603807621545,1268.79890698459,829.351535324819,1649.61128556018,1197.11811880009,104.995908756123,535.341869479274,581.861616374975
31.3230566954148,6.7402319349012,30.8919072401486,330.227874246732,240.155041263771,290.360510964756,377.91171041384,455.752517451707,82.1298044523774,887.861405492471,282.094144893522,299.063945714622,626.720541946333,218.339016562249,472.231288790433,577.801466172467,448.618315328982,225.359698973744,118.466239829446,15.3656782645944,12.4732919846451,136.053909966706,260.424878775481,596.841649019306,487.610723295854,364.268987917355,661.918919047571,22.1965848944656,383.140952061423,395.854017098642
6.06610438036932,2.44905497928539,7.23861267766279,308.343576283873,234.449037676344,253.891652433775,362.412234301966,441.184801112988,38.6755916522834,862.37427752759,257.812571639794,297.727284739052,439.840014842639,218.027097589862,389.910738537335,576.991553448055,420.617483539913,218.319502655571,23.3278082321294,2.98786124694379,1.23643488592325,122.888188881019,227.348483957561,591.728745014202,419.27163008427,356.114080784935,651.990219653282,17.961426056369,357.213177579897,358.264050310719
6.06610438036932,2.44893689219543,5.82926109464279,218.893459662453,234.448620577221,253.891652433775,288.918220992244,441.184666469455,18.1864203424375,372.014030892223,232.623853239259,0.75920574125621,138.150017709486,120.585769329074,2.15242924426775,302.392546677974,224.4253623798,218.319502655571,23.3278082321294,2.98786124694379,1.23643488592325,122.888188881019,218.005473795027,441.700353385283,19.0432619677754,356.109655027171,298.950307953276,17.9613814364993,2.95761228101446,358.264050310719
1.49238807070515,1.12844358507482,3.44367959865576,15.2713081672232,0.81232180035795,12.8576073906338,11.335691171877,18.2562288056456,5.25842003322896,3.94254231518562,5.89521723388452,0.758999689865959,3.92216949142039,15.0475421304941,2.15242924426775,7.60824483873785,13.625526332768,13.4365274816423,0.882224109721392,2.98786124694379,1.19727311468705,17.4685884746896,23.2461894700209,9.5464372187007,19.0432619677754,2.32681308304791,1.38658808941636,1.17918600007761,2.95761228101446,11.3415113761989
