825011.286461617,362749.958922651,22627660.077716,276787.567173816,3106818.17702498,2283225.4225845,1120893.93481393,10018766.3096265,825819.561979909,1118050.18012828,2313312.03839299,7120040.67505391,343011.604806762,1339276.71957797,1957934.22132632,242622.746751533,5566716.17638181,1146019.14526015,1162370.27695066,3177712.41354651,2720426.58613763,2189254.00487579,350235.549195755,6662550.73253753,141850.463060806,4338771.17761204,1893413.99983283,116639.248975654,6185298.11750896,1244242.7416764
825011.286461617,362749.958922651,330498.300594706,45498.6112997091,858030.214187359,1524574.22474377,378151.987163346,245886.615175126,41537.8211874533,329507.224063262,748657.259305427,346697.689036255,343011.604806762,333771.081353557,310872.085645025,34929.71762545,652823.586678466,188731.911559997,186105.733632625,2415439.00436397,478575.431904417,2189254.00487579,333601.33112653,154740.050833439,33957.4191405893,1569444.46679039,371449.26117742,4920.60827290371,1152966.92226349,104671.492607974
825011.286461617,18950.0422016581,91136.2467687713,8873.02739646843,858030.214187359,138853.868763098,122776.827875512,43805.3128284255,23531.2078317781,329507.224063262,94306.1049485707,35806.2540618069,343011.604806762,43219.6285163477,238229.433102786,2900.64285009762,284602.70368306,188731.911559997,95410.7465902508,2415439.00436397,6017.75645795208,2189254.00487579,58418.695273863,130179.027162811,24400.2979109214,1415801.93398772,60425.0965952919,4920.60827290371,925437.98771091,60264.7846268752
447882.199073109,2037.61872513851,91136.2467687713,2804.09341417226,101203.141231016,9982.02755731807,5552.68318125605,15421.450435244,3002.5109518985,6554.59045440502,15630.8578538285,3433.5948961367,6173.32511865508,5868.03068344976,11465.73515929,999.678869885867,108383.29876283,63486.2040584475,4205.69547664284,306984.712964901,2334.08385707633,132188.196473838,2334.44199967892,45732.2934096221,1767.87463400544,10240.122109968,12843.4787040538,3823.38402993731,179427.55644308,2531.77379804968
4801.1450288188,830.136574021171,1255.37918348057,2105.14850217022,2975.93751499929,8927.36131647953,4768.74770319382,1801.63521015631,2803.85433385624,1464.02638592444,3794.26368187882,2635.64526846934,1649.4575947554,1891.49268596389,7984.97012425958,999.678869885867,1278.33239087292,3583.2290940352,3884.12268313032,7830.58938180556,1107.68196747254,3730.83719828827,541.117221090301,1957.21332486914,988.161700251047,4085.48240647796,1510.28561898458,1921.32164553599,836.248514451465,1090.05550609804
61.0584596532399,9.83137071029114,143.538162528152,422.700478784296,405.583048839508,575.780407015818,392.032515852536,563.379247710697,438.795755958694,891.208272335009,302.970044328562,302.395238859555,671.415017580237,223.335645849068,955.960374676854,598.554565481771,478.078941841999,368.916851693251,227.61295890888,209.423044361308,88.3170550984105,242.506756520891,303.054851671136,687.236077554174,553.131273198944,368.897232280299,757.656890534192,25.2954047763051,391.237459665267,458.266831103386
21.2907745057983,5.11456846311648,13.9341534998098,328.48013057424,239.378844884801,286.635975584426,366.1900123761,447.70893435119,42.9089396171175,885.985934398575,274.197221460065,298.772702142093,442.52378327833,218.147940664144,416.630218809204,577.560289300932,424.545119455776,223.681020901295,31.3994910011902,12.1417858053587,9.94522420322983,128.569196599572,246.178229085727,595.930324239054,419.310564138921,363.72960406114,652.28528405704,20.9199653636324,357.557723663646,361.967220831816
6.06610438036932,2.44905497928539,7.23861267766279,308.343576283873,234.448675807865,253.891652433775,362.412234301966,441.184705485745,38.6755916522834,862.37427752759,257.812571639794,297.727051901304,439.766684354299,218.027097589862,389.910738537335,576.991553448055,420.617483539913,218.319502655571,23.3278082321294,2.98786124694379,1.23643488592325,122.888188881019,227.348483957561,591.644314403293,419.27163008427,356.114080784935,651.990219653282,17.961426056369,357.213177579897,358.264050310719
6.06610438036932,2.44893689219543,5.82926109464279,219.244010923901,234.448620577221,253.891652433775,362.412234301966,441.184666469455,38.6755916522834,755.616248724174,257.812571639794,44.3342710089651,439.446191402827,218.027097589862,11.7044595876955,576.991519480165,364.475123430263,218.319502655571,23.3278082321294,2.98786124694379,1.23643488592325,122.888188881019,227.348483957561,590.991940556426,27.6179603447031,356.109655027171,651.990185218861,17.9613814364993,10.1826435831658,358.264050310719
6.06610438036932,2.44893689219543,5.82926109464279,218.893459662453,234.448620577221,253.891652433775,362.412234301966,441.184666469455,18.1880852183499,377.308313743235,232.623853239259,0.775915814363088,138.150017709486,120.585769329074,2.15242924426775,304.381429902773,224.4253623798,218.319502655571,23.3278082321294,2.98786124694379,1.23643488592325,122.888188881019,218.005801292909,441.700353385283,19.0433226193759,356.109655027171,305.089140451776,17.9613814364993,2.95761228101446,358.264050310719
1.4927240359907,2.44893689219543,5.82926109464279,218.893459662453,16.7153777610647,223.153356267147,222.002007717979,441.184666469455,18.1864203424375,24.4490089859519,226.234751863098,0.758999689865959,5.27238497303051,80.0054096799063,2.15242924426775,302.392546677974,224.4253623798,218.319502655571,10.6835599024798,2.98786124694379,1.23643488592325,122.888188881019,218.005473795027,12.2844901417789,19.0432619677754,45.5907945438776,298.950307953276,8.47071710434102,2.95761228101446,266.956464290405
1.49238807070515,2.44893689219543,5.82926109464279,53.4297272405574,0.81232180035795,221.400335162607,53.1957152489385,436.139091211352,5.25842003322896,7.32441218967006,75.9564648227047,0.758999689865959,3.92216949142039,42.5249477143288,2.15242924426775,302.392546677974,224.4253623798,218.319502655571,0.882253733622292,2.98786124694379,1.23643488592325,122.888188881019,218.005473795027,9.5464372187007,19.0432619677754,2.32681308304791,298.950307953276,1.17918600007761,2.95761228101446,15.6762682638609
1.49238807070515,1.12844358507482,5.82926109464279,31.4607259799027,0.81232180035795,32.0312139573366,21.0194576003873,84.9546099236427,5.25842003322896,7.32441218967006,42.6899093253378,0.758999689865959,3.92216949142039,42.5249477143288,2.15242924426775,236.297932884256,224.4253623798,13.4365274816423,0.882224109721392,2.98786124694379,1.19727311468705,27.2766937220395,218.005473795027,9.5464372187007,19.0432619677754,2.32681308304791,26.5402493076958,1.17918600007761,2.95761228101446,11.3415113761989
1.49238807070515,1.12844358507482,3.44367959865576,15.2713081672232,0.81232180035795,12.8576073906338,11.335691171877,18.2562288056456,5.25842003322896,3.94254231518562,5.89521723388452,0.758999689865959,3.92216949142039,15.0475421304941,2.15242924426775,7.60824483873785,13.625526332768,13.4365274816423,0.882224109721392,2.98786124694379,1.19727311468705,17.4685884746896,23.2461894700209,9.5464372187007,19.0432619677754,2.32681308304791,1.38658808941636,1.17918600007761,2.95761228101446,11.3415113761989
