609.527472499282,500.971247835977,688.815787530563,509.497701912056,632.234368804605,772.588603566683,808.022790760136,480.451263631647,432.529018460485,766.396447390333,503.835414612019,327.860473430866,770.785680596855,502.09054588518,482.889735688073,643.317886468647,356.742601844886,631.601029490529,419.431927033345,343.450890817468,557.161771424873,521.076998354789,457.957441597488,563.677985271712,394.117635450402,769.044803921767,494.127539207414,604.428862386364,613.394226267989,555.07461522251
167.897278510855,191.104591978983,194.408749222496,149.476086228487,390.254703116382,152.604888545992,344.511159267989,105.399264991926,118.035740070413,222.188346576642,134.120497631399,100.390499928298,181.31015429642,185.894929919769,140.725338784338,223.850300906968,223.750935058984,189.966099789195,419.431927033345,111.954878565738,381.731841024806,157.996654589637,141.943887396641,260.832684103025,187.171828882915,268.426798798926,222.265467269349,156.820988244823,232.535539619306,268.881760083885
79.1707708760955,70.6630132107789,68.8263395238378,64.3337666826101,87.2209094342784,77.5421946344522,67.1726275471151,58.4727517783244,36.8270786819212,95.8947563554816,56.3957961081142,58.7927874583406,89.4260597694984,72.1924707352591,79.9414061143443,95.4116952919935,64.9031664339304,115.270535833208,63.8122040911976,61.3708244278168,69.5680466406411,59.8729110840973,64.850015798153,76.9319182378399,68.6375230198196,92.8785412607363,84.646972088346,69.6401364854883,92.5459745362373,73.9288824344644
22.7108487820256,25.066702929762,38.9016652933783,20.4228310380181,22.1061279145479,18.3060526396234,21.2437377625606,14.9702167366872,13.1427652957987,39.7567016000216,17.0245879366171,14.9730827237404,38.4033309605916,15.6438865650744,38.2918388500402,19.9592029725104,44.3311869695494,29.3469969466173,15.0443590540658,15.1194378931127,21.8823726796882,17.251805084089,14.1995585525478,22.9062230901068,18.9686127852033,24.6166018414301,49.5336023513582,17.9818535429022,38.4518649192592,26.3495641864952
0.0305140812861282,0.24661049481756,0.89926236749352,0.107757779258463,0.174185380184099,0.369210189530804,0.210409533256097,0.382150379793984,0.0748948537516299,0.437078939669391,0.166948155108912,0.120508833391341,0.176642993509631,0.136526224498994,0.35000697777059,0.27601333411576,3.52510209304319,0.249439646745941,0.0817682788974707,0.0256881246796183,0.0900744917871634,0.11686088829083,0.140021488090042,0.0618703862114671,0.0980626420669068,0.123297768502198,0.704311204275655,0.139622434413013,0.405956955861711,0.0270776679608389
1.55615816765931e-06,1.07430751086213e-05,4.53833558822225e-05,6.10920596955111e-06,4.92012186441571e-05,2.44717457462684e-05,1.88251055988076e-05,4.22451603299123e-05,1.14838667286676e-06,1.04214550447068e-05,5.72621502215043e-06,5.35427761860774e-06,2.44947723331279e-05,2.10404505196493e-06,3.48261801264016e-05,2.73968721558049e-05,9.21545979508664e-05,1.40484621624637e-05,3.77312153432285e-06,6.08749132879893e-06,9.16470253287116e-06,7.85620295573608e-06,5.62516561330995e-06,4.18721356254537e-06,1.90760911209509e-05,4.65427274320973e-06,9.59083718043985e-06,2.12019322134438e-05,5.34890418748546e-05,9.21039827517234e-07
4.92545495944796e-07,4.9712343752617e-07,2.71835233434103e-07,4.4921534936293e-07,3.74508090317249e-07,3.05137746181572e-07,4.23822712036781e-07,3.71645455743419e-07,1.75034074345604e-07,3.64943389286054e-07,3.32286617776845e-07,3.32597664964851e-07,3.4203640097985e-07,4.8928495743894e-07,5.0160679165856e-07,2.41022007685388e-07,3.0470573619823e-07,5.3375106290332e-07,3.85603925678879e-07,3.74436240235809e-07,4.79838035971625e-07,3.74712726625148e-07,3.31407591147581e-07,4.91249920742121e-07,5.73578745388659e-07,4.15872364101233e-07,5.39454958925489e-07,3.45592525263783e-07,3.73467628378421e-07,4.51693267677911e-07
2.82500877801795e-07,4.9712343752617e-07,2.71835233434103e-07,4.4921534936293e-07,3.74508090317249e-07,3.05137746181572e-07,4.23822712036781e-07,3.71645455743419e-07,1.75034074345604e-07,3.64943389286054e-07,3.32286617776845e-07,3.32597664964851e-07,3.4203640097985e-07,3.52156803273829e-07,5.0160679165856e-07,2.41022007685388e-07,3.0470573619823e-07,5.3375106290332e-07,3.85603925678879e-07,3.74436240235809e-07,4.09023868996883e-07,3.74712726625148e-07,3.31407591147581e-07,4.91249920742121e-07,5.73578745388659e-07,4.15872364101233e-07,5.39454958925489e-07,3.45592525263783e-07,3.73467628378421e-07,4.51693267677911e-07
2.82500877801795e-07,2.27710188482888e-07,2.71835233434103e-07,3.04047716781497e-07,2.8667409424088e-07,2.39019300352084e-07,4.23822712036781e-07,2.41122052102583e-07,1.75034074345604e-07,3.63434992323164e-07,3.32286617776845e-07,1.7577076505404e-07,3.4203640097985e-07,3.52156803273829e-07,5.0160679165856e-07,2.41022007685388e-07,3.0470573619823e-07,4.54682322015287e-07,3.39633061230415e-07,3.54036728822393e-07,3.92725269193761e-07,3.11467374558561e-07,3.31407591147581e-07,3.58532361133257e-07,3.38493919116445e-07,2.87457623926457e-07,4.38911229139194e-07,3.23521362588508e-07,3.73467628378421e-07,3.34061041940004e-07
2.74347712547751e-07,2.27710188482888e-07,2.71835233434103e-07,2.92454842565348e-07,2.8667409424088e-07,2.39019300352084e-07,2.98488885164261e-07,2.41122052102583e-07,1.75034074345604e-07,2.99784005619586e-07,3.32286617776845e-07,1.7577076505404e-07,3.14143107971177e-07,2.74574176728493e-07,3.43443844030844e-07,2.41022007685388e-07,3.0470573619823e-07,2.96994130621897e-07,3.39633061230415e-07,3.54036728822393e-07,3.92725269193761e-07,2.91815467790002e-07,3.31407591147581e-07,2.84642283077119e-07,3.38493919116445e-07,2.87457623926457e-07,3.13918462779839e-07,2.59510215983028e-07,2.85400801658398e-07,2.71692442765925e-07
2.20952642848715e-07,2.27710188482888e-07,2.71835233434103e-07,2.5719282348291e-07,2.8667409424088e-07,2.39019300352084e-07,1.7165666577057e-07,2.41122052102583e-07,1.3382395991357e-07,2.99784005619586e-07,2.43200247496134e-07,1.7577076505404e-07,2.71696990239434e-07,2.74574176728493e-07,2.30202658713097e-07,2.41022007685388e-07,3.0470573619823e-07,2.74905232799938e-07,2.51438450504793e-07,3.00229203276103e-07,3.92725269193761e-07,1.99736405193107e-07,3.08627022604924e-07,2.84642283077119e-07,3.38493919116445e-07,2.87457623926457e-07,3.13918462779839e-07,2.59510215983028e-07,2.85400801658398e-07,2.71692442765925e-07
2.20952642848715e-07,2.27710188482888e-07,2.71835233434103e-07,1.54172084876336e-07,2.8667409424088e-07,1.81313680513995e-07,1.7165666577057e-07,1.86093529919162e-07,1.3382395991357e-07,2.91005108010722e-07,2.31344074563822e-07,1.74440629052697e-07,2.71696990239434e-07,2.74574176728493e-07,2.30202658713097e-07,2.41022007685388e-07,3.0470573619823e-07,1.86780653166352e-07,2.51438450504793e-07,3.00229203276103e-07,2.83624558505835e-07,1.99736405193107e-07,3.08627022604924e-07,1.82822532224236e-07,3.38493919116445e-07,2.87457623926457e-07,3.13918462779839e-07,2.59510215983028e-07,2.85400801658398e-07,2.71692442765925e-07
2.20952642848715e-07,2.16151875065407e-07,2.5581766749383e-07,1.54172084876336e-07,2.8667409424088e-07,1.81313680513995e-07,1.7165666577057e-07,1.86093529919162e-07,1.3382395991357e-07,2.00934209715342e-07,2.31344074563822e-07,1.74440629052697e-07,1.85919361683773e-07,1.83959400601452e-07,2.22975813812809e-07,2.41022007685388e-07,2.33424543694127e-07,1.86780653166352e-07,2.36947016674094e-07,3.00229203276103e-07,2.83624558505835e-07,1.86873421625933e-07,3.08627022604924e-07,1.82822532224236e-07,2.64932168647647e-07,1.62847754836548e-07,3.13918462779839e-07,2.08819528779713e-07,2.26295924221631e-07,2.08423898584442e-07
1.99326223082608e-07,2.16151875065407e-07,1.66174686455633e-07,1.54172084876336e-07,1.87747900781687e-07,1.81313680513995e-07,1.7165666577057e-07,1.86093529919162e-07,1.3382395991357e-07,2.00934209715342e-07,2.31344074563822e-07,1.74440629052697e-07,1.56973783305148e-07,1.83959400601452e-07,2.22975813812809e-07,2.41022007685388e-07,2.33424543694127e-07,1.86780653166352e-07,2.36947016674094e-07,2.35012976190774e-07,2.20838046516292e-07,1.86873421625933e-07,1.73008174897404e-07,1.82822532224236e-07,2.64932168647647e-07,1.62847754836548e-07,2.5733652364579e-07,2.08819528779713e-07,2.26295924221631e-07,2.08423898584442e-07
