1330.37387911616,762.46216551623,1051.42639181146,1200.2955444093,1059.32683847376,892.150645560819,1030.74068667445,1321.33456536119,1238.72016430583,1109.37932715636,830.327343231104,1074.38615628917,1067.18470697679,921.638856931401,2045.3748668451,870.480015544275,1191.1760272393,1000.03761971372,959.641470612955,609.236125222851,1189.93204011616,1267.06163284846,410.799235889393,1198.27515256792,1483.3872152016,537.594471345304,1528.14786582928,321.12673290036,1279.6144393915,792.519958502125
1330.37387911616,762.46216551623,1051.42639181146,1200.2955444093,1059.32683847376,892.150645560819,1030.74068667445,1321.33456536119,1238.72016430583,1109.37932715636,830.327343231104,1074.38615628917,1067.18470697679,921.638856931401,2045.3748668451,870.480015544275,1191.1760272393,1000.03761971372,959.641470612955,609.236125222851,1189.93204011616,1267.06163284846,410.799235889393,1198.27515256792,1483.3872152016,537.594471345304,1528.14786582928,321.12673290036,1279.6144393915,792.519958502125
1330.37387911616,762.46216551623,1051.42639181146,1200.2955444093,1059.32683847376,892.150645560819,1030.74068667445,1321.33456536119,1238.72016430583,1109.37932715636,830.327343231104,1074.38615628917,1067.18470697679,921.638856931401,2045.3748668451,870.480015544275,1191.1760272393,1000.03761971372,959.641470612955,609.236125222851,1189.93204011616,1267.06163284846,410.799235889393,1198.27515256792,1483.3872152016,537.594471345304,1528.14786582928,321.12673290036,1279.6144393915,792.519958502125
1330.37387911616,746.134741290555,1051.42639181146,1200.2955444093,1059.32683847376,892.150645560819,1030.74068667445,1321.33456536119,1238.72016430583,1109.37932715636,830.327343231104,1074.38615628917,1067.18470697679,921.638856931401,2045.3748668451,870.480015544275,1191.1760272393,1000.03761971372,959.641470612955,609.236125222851,1189.93204011616,1267.06163284846,410.799235889393,1198.27515256792,1483.3872152016,537.594471345304,1528.14786582928,321.12673290036,1279.6144393915,792.519958502125
1330.37387911616,746.134741290555,1051.42639181146,1200.2955444093,1059.32683847376,892.150645560819,1030.74068667445,1321.33456536119,1238.72016430583,1109.37932715636,830.327343231104,1074.38615628917,1067.18470697679,921.638856931401,2045.3748668451,870.480015544275,1191.1760272393,1000.03761971372,959.641470612955,487.489046727729,1189.93204011616,1267.06163284846,410.799235889393,1198.27515256792,1483.3872152016,537.594471345304,1528.14786582928,321.12673290036,1279.6144393915,792.519958502125
1161.03623697888,678.84147358866,1051.42639181146,1008.49230602529,922.579849330308,758.339378530496,1030.74068667445,1123.82271078489,1238.72016430583,898.579191808062,830.327343231104,923.322414970818,890.192736693277,921.638856931401,2045.3748668451,870.480015544275,1191.1760272393,907.533222654581,959.641470612955,487.489046727729,971.955049984747,1267.06163284846,357.483429332846,1198.27515256792,1483.3872152016,525.840156405144,1401.90715372852,256.556613274497,1279.6144393915,679.204070513104
530.955560671787,243.912544635751,896.541898641978,888.253533267618,922.579849330308,583.544573896733,910.612068729139,1123.82271078489,1009.69453873569,706.599558004218,677.487398834242,516.237203304349,890.192736693277,772.972149689457,1748.3550696178,688.852090523597,1018.43755296317,827.942557459474,919.21415516733,418.649404614489,733.368227403798,1267.06163284846,285.449995852348,1039.83020895713,1366.58159723221,324.830739758383,1401.90715372852,256.556613274497,1165.2278392432,679.204070513104
456.137242416005,158.940295600747,458.847317184309,814.693860388827,730.414434661284,447.457554868268,584.872454606478,678.694541340577,841.098255253568,559.721945788941,677.487398834242,487.069146579883,780.357312740106,604.82058659768,1748.3550696178,496.791571823201,1018.43755296317,502.075025859015,919.21415516733,184.07395318964,620.52755770923,1050.1025665558,211.329711282042,1039.83020895713,1051.40623493647,324.830739758383,1086.16857142171,161.138663145748,1165.2278392432,340.259433530083
293.992847161596,121.963875513234,403.277588813091,640.47060621954,328.999962129883,234.700389042304,562.519734449372,369.501307267044,587.259976730478,395.265711722595,383.454975079856,337.019485826838,491.01660669921,538.853117527579,1497.62679929014,435.32919696797,935.607987958069,338.924678723657,704.988009623434,184.07395318964,412.508317271491,609.164639251437,123.313158359191,525.641164620644,721.715757846664,174.902766043618,819.482004608019,115.965039876399,800.480260497894,262.487568183984
172.114024874007,53.9004807953398,232.993074052649,357.99300517427,230.682675368017,131.518672537369,412.310757694202,131.588969824451,411.554281768358,286.597588589665,239.886330339813,281.205738097858,384.065882445578,329.467848552717,1107.17934781071,188.479900409334,617.68177715841,229.059009657147,490.894477606977,121.326461937617,262.924113029244,536.856115719827,67.2521120272528,381.338388932531,640.552772809976,108.850255034264,592.870189417473,96.9176820829857,617.03456169922,220.79586866054
111.073382845023,49.9681119339158,139.250145074184,151.551570568144,148.924783464249,125.428793018055,280.889886479735,131.588969824451,312.783364166415,223.959838649476,185.487457168549,281.205738097858,186.955633172029,162.503577678401,520.243414607469,137.840233056682,617.68177715841,79.6771289002287,277.559228215241,93.8086791150284,193.283266795238,295.065314000462,67.2521120272528,313.555932651212,291.377464185348,97.2531972327974,592.870189417473,96.9176820829857,329.787506908595,122.079089434248
67.1227771109084,49.9681119339158,63.5921499565047,81.0335287638194,145.342869481943,69.8934071823279,161.180367981639,110.384307485433,204.97907266156,71.8274458584063,185.487457168549,138.524331987493,84.6918901481276,106.79957577207,280.586464627956,137.840233056682,147.446640142586,71.2336783856899,277.559228215241,50.8880123010519,62.4112952377107,100.883299669024,67.2521120272528,313.555932651212,291.377464185348,75.8677072578618,422.18340040943,88.8531950689243,303.19083993392,85.2616417512862
67.1227771109084,49.9681119339158,63.5921499565047,60.1583888649222,84.4232211072595,69.8934071823279,161.180367981639,80.0726226679179,128.222883536339,42.0023017648225,185.487457168549,138.524331987493,62.2654932871576,74.1544708379308,243.254150057513,95.4513937957853,73.1919247157585,64.8457851651318,272.896715742662,50.8880123010519,53.1147505436815,100.883299669024,67.1772375856121,112.034781521183,86.4233069144668,73.2705900207379,166.974661355951,62.6593295934419,165.4622660872,85.2616417512862
51.0355112638302,49.9681119339158,63.5921499565047,60.1583888649222,84.0323889049387,69.8934071823279,115.920020162403,78.8923325968048,125.738279550103,42.0023017648225,84.2933533992987,29.1033635856106,62.2654932871576,73.2585789438629,212.641151231527,42.2253396139761,64.2908725011487,64.8457851651318,95.3201502275134,50.8880123010519,53.1147505436815,75.2463609006307,67.1772375856121,112.034781521183,86.4233069144668,73.2705900207379,49.2537796289529,62.6593295934419,80.5859653206346,69.6624071338436
33.259223679619,38.9847716316971,63.5921499565047,43.5629490085505,45.7214271818999,44.5728836105229,53.7088415211687,47.7901168265608,59.6529345891631,42.0023017648225,81.3184407577394,6.23236882016564e-08,62.2654932871576,73.2585789438629,120.635176452419,42.2253396139761,64.2908725011487,64.8457851651318,62.6674240118514,50.8880123010519,53.1147505436815,75.2463609006307,43.4651569382383,74.3509474437222,71.8310115805321,41.9902451091885,8.11443862836058e-06,62.6593295934419,80.2850141717661,69.6624071338436
33.259223679619,37.394674035615,33.0161445300929,43.5629490085505,45.7214271818999,44.5728836105229,37.3504718330259,47.7901168265608,42.8731868339687,42.0023017648225,63.2516137856073,5.35415346183547e-14,37.3842136463861,68.0636436441962,55.3707569285299,42.2253396139761,62.5755697780622,42.5116734677668,43.2342890375464,3.57410634132781e-14,41.8232538329854,66.5980118814991,38.0344134634182,54.0950644229385,45.8184970441717,41.9902451091885,1.79004525779289e-14,47.2620973618221,41.6332784748096,67.0070903568045
