819.947858698918,903.048984309899,1348.0798242474,1219.70904978875,1110.989587995,1202.70573598591,825.744069630646,813.93431791102,1201.21049044152,1127.97886804747,1183.27898488983,1003.04375755752,1085.09066707042,1213.36377764049,1132.11978681762,1142.3106813286,1148.3172309285,1002.76832697328,1065.9615377791,865.12450910449,1226.77017252062,1163.19883475133,1009.99486963413,1175.33573845775,1216.82808425307,765.086869530713,1145.03383947828,907.704180399927,1235.43317370288,1183.47609835216
819.947858698918,903.048984309899,1348.0798242474,1219.70904978875,1110.989587995,1202.70573598591,825.744069630646,813.93431791102,1201.21049044152,1127.97886804747,1183.27898488983,1003.04375755752,1085.09066707042,1213.36377764049,1132.11978681762,1142.3106813286,1148.3172309285,1002.76832697328,1065.9615377791,865.12450910449,1226.77017252062,1163.19883475133,1009.99486963413,1175.33573845775,1216.82808425307,765.086869530713,1145.03383947828,907.704180399927,1235.43317370288,1183.47609835216
819.947858698918,903.048984309899,1348.0798242474,1219.70904978875,1110.989587995,1202.70573598591,825.744069630646,813.93431791102,1201.21049044152,1127.97886804747,1183.27898488983,1003.04375755752,1085.09066707042,1213.36377764049,1132.11978681762,1142.3106813286,1148.3172309285,1002.76832697328,1065.9615377791,865.12450910449,1226.77017252062,1163.19883475133,1009.99486963413,1175.33573845775,1216.82808425307,765.086869530713,1145.03383947828,907.704180399927,1235.43317370288,1183.47609835216
819.947858698918,903.048984309899,1348.0798242474,1219.70904978875,1110.989587995,1202.70573598591,825.744069630646,813.93431791102,1201.21049044152,1127.97886804747,1183.27898488983,1003.04375755752,1085.09066707042,1213.36377764049,1132.11978681762,1142.3106813286,1148.3172309285,1002.76832697328,1065.9615377791,865.12450910449,1226.77017252062,1163.19883475133,1009.99486963413,1175.33573845775,1216.82808425307,765.086869530713,1145.03383947828,907.704180399927,1235.43317370288,1183.47609835216
819.947858698918,903.048984309899,1348.0798242474,1219.70904978875,1011.88231505328,1202.70573598591,825.744069630646,572.853883151524,1186.07685021715,1127.97886804747,1173.90397688838,842.773539447585,1066.34235183926,1213.36377764049,1132.11978681762,1142.3106813286,1148.3172309285,1002.76832697328,1065.9615377791,865.12450910449,1226.77017252062,1163.19883475133,1009.99486963413,1147.23004249323,1216.82808425307,600.858870216597,1145.03383947828,907.704180399927,1198.61135219747,1183.47609835216
819.947858698918,812.907973184932,1162.21771377868,1215.80462585238,863.93471443074,1202.70573598591,825.744069630646,572.853883151524,1186.07685021715,1049.0921166171,1173.90397688838,842.773539447585,1066.34235183926,1190.92893374185,1132.11978681762,1142.3106813286,1148.3172309285,934.023309071618,1020.24172533363,730.07514076139,1187.70994447108,1163.19883475133,886.474248050632,1147.23004249323,1133.82214869078,600.858870216597,1083.3308935964,907.704180399927,1198.61135219747,1151.46578302671
819.947858698918,812.907973184932,1162.21771377868,1215.80462585238,825.724719237116,1184.75489825417,673.443582272916,504.843748401948,1181.72770641996,667.741844882338,1123.26944303718,702.625410003907,737.535738375946,1110.71212035522,1132.11978681762,1066.91147017776,1097.26903912259,630.419456976009,1020.24172533363,660.945079008327,1187.70994447108,1046.53879275733,862.741479201405,993.566712044829,1126.82616235664,462.624802082819,881.151093166784,836.922325941132,1198.61135219747,1032.28590250372
697.329421830738,467.344859913273,1029.77185077643,1176.55308471558,540.440621359965,1173.0691055388,673.443582272916,380.074302263093,647.705837167509,667.741844882338,840.757862070206,582.710429605979,567.365990242697,983.678399063458,1087.12027125587,1066.91147017776,1097.26903912259,626.790283940573,852.636156320881,503.195172648671,1138.44715804093,893.806267434608,696.59207560006,656.20271720317,1019.4114216128,257.308365506668,861.737456563512,836.922325941132,865.720945735341,934.322702267659
574.268794831464,329.100112233435,888.437919422583,801.447725163664,335.350008494933,764.03830941379,624.769682432756,165.345024852752,480.410807581753,490.309197379243,607.840256711106,297.230070323497,394.347907790621,884.16028446508,811.792352540979,675.225261854705,787.699032317558,368.62859861814,592.098611610626,299.650655098631,1011.93546210062,791.147459443354,533.551720416639,477.62926500096,706.022788551099,161.867677244692,437.972464485923,700.84364685159,662.601886297348,408.173017789004
483.51579426459,137.349063917439,754.851130470923,720.936459511705,122.441086031813,504.733535161698,319.026786090074,75.6989002397076,251.308646372546,330.946347670974,607.840256711106,103.211276106474,105.438465203836,754.079607722461,811.792352540979,534.359033654568,541.499975948392,177.394691233373,368.796623826519,117.918591786945,640.064541760542,577.324665901349,334.847386625438,158.059145540817,282.367335985856,108.989702119505,295.723046308387,519.922212653096,339.986755578703,150.286620609305
290.237871478193,137.349063917439,343.172560851431,561.668337322712,38.9112318213096,306.311760146904,196.858657277294,28.2030782844866,68.5812627885344,282.975211709038,144.726198694372,38.9963687247024,58.2852900329295,263.317039288339,507.441522261892,432.906201384758,273.509108843346,57.0035482197334,200.204788214976,67.6362358163229,444.41495989104,378.945200020187,94.3272851407274,61.484838378567,135.592868434004,55.0664744855128,89.467644377625,401.094793439109,229.606715548596,80.047996167035
290.237871478193,137.349063917439,144.984651719714,439.154103255812,7.58483591872511,285.277319659113,196.858657277294,9.17769689122851,10.8809404164663,72.3910819319537,19.5795017703497,10.3600512182937,13.1589355043287,150.586519203555,507.441522261892,432.906201384758,273.509108843346,12.334407618595,151.617680089978,9.55929365411239,148.929311320377,378.945200020187,20.1255439172262,13.6590956409812,101.02657616921,14.0718594674941,12.9069858690729,401.094793439109,41.9926146520173,25.247214444107
290.237871478193,137.349063917439,47.6644552620736,408.255683816887,0.041459619735434,258.983741743441,196.858657277294,0.128760203807425,0.168238202595818,5.01679809634354,0.381003553956942,0.0842669862280607,0.465692277312078,10.5822249322601,507.441522261892,316.532785200571,273.509108843346,1.21369878273876,151.617680089978,0.280800237247511,148.929311320377,218.107502909304,0.900444607490536,0.127010938334681,8.75693325675884,0.571860967695395,0.225757825837948,303.395893328618,1.81221684161806,1.60813350410831
100.255333190403,104.954159551607,0.134998061737319,64.5291312405355,3.78416007364022e-05,23.4325013601713,183.329328857093,0.000264712882618933,0.000270270936497184,0.00669948132728418,0.000157583456652792,5.96756212344817e-05,0.000418499431800695,0.00643311572529692,149.233219667678,170.631135564594,273.509108843346,0.00316323916706105,151.617680089978,0.000813904737430181,148.929311320377,169.415798995633,0.00357695060308313,0.000238925150789652,0.0118452701764705,0.00216860532912996,0.00029743684378437,217.725883329432,0.000481196824684131,0.00388386947290354
100.255333190403,0.436776419071236,2.63033976463608e-06,0.00108611572003783,2.65158455505083e-07,6.77271360830088e-06,183.329328857093,2.89753572960845e-07,3.22854915285982e-07,8.58207275294707e-07,3.58982330167434e-07,3.48871211298482e-07,2.46864903433392e-07,4.77722269927029e-07,106.585133143862,169.383941277877,273.509108843346,6.55837250808505e-07,0.113952600879602,3.49329610973731e-07,0.655422416060898,89.6942082532812,4.47755228152757e-07,2.7325309849333e-07,7.86884081167174e-07,3.53505778684745e-07,3.36537815443441e-07,71.0466188265043,3.69202687949432e-07,5.56084092242478e-07
80.3422094351979,1.63577648010706e-07,2.70343882677079e-07,1.83956921362442e-07,2.65158455505083e-07,1.39029436056254e-07,45.7887647410904,2.89753572960845e-07,3.22854915285982e-07,3.36203023443727e-07,3.58982330167434e-07,3.48871211298482e-07,2.46864903433392e-07,2.42902127126393e-07,76.7627702822342,5.35794483209361,127.03691593282,3.104793670173e-07,1.90527018803761e-07,3.49329610973731e-07,1.35193082209238e-07,0.000427289547558581,3.55852010647874e-07,2.7325309849333e-07,2.88431554057477e-07,3.53505778684745e-07,3.36537815443441e-07,15.0680627221319,3.69202687949432e-07,3.03360503163332e-07
