819.947858698918,812.907973184932,1162.21771377868,1215.80462585238,863.93471443074,1202.70573598591,825.744069630646,572.853883151524,1186.07685021715,1049.0921166171,1173.90397688838,842.773539447585,1066.34235183926,1190.92893374185,1132.11978681762,1142.3106813286,1148.3172309285,934.023309071618,1020.24172533363,730.07514076139,1187.70994447108,1163.19883475133,886.474248050632,1147.23004249323,1133.82214869078,600.858870216597,1083.3308935964,907.704180399927,1198.61135219747,1151.46578302671
697.329421830738,467.344859913273,1133.44646586218,1176.55308471558,764.050751030652,1184.75489825417,673.443582272916,423.599114790398,1055.02424992683,667.741844882338,980.630539374411,702.625410003907,596.048439739519,1110.71212035522,1087.12027125587,1066.91147017776,1097.26903912259,626.790283940573,852.636156320881,503.195172648671,1138.44715804093,1046.53879275733,862.741479201405,851.522435306443,1126.82616235664,462.624802082819,861.737456563512,836.922325941132,1198.61135219747,934.322702267659
697.329421830738,425.189263926205,1029.77185077643,1061.7516075124,459.950666832834,1173.0691055388,673.443582272916,174.793011824455,516.539074631914,546.476737972185,790.328491923183,544.293664437139,488.022816755321,983.678399063458,1087.12027125587,1066.91147017776,1097.26903912259,535.279834217336,695.008351167179,362.937292297305,1083.12156048943,893.806267434608,579.892340134031,633.59261805221,721.533571329003,257.308365506668,544.853950350947,700.84364685159,766.535841552605,745.345544163247
483.51579426459,249.684693064946,754.851130470923,801.447725163664,208.393271065408,730.006363115383,544.474357763913,143.986777735252,352.302704583111,386.065284907683,607.840256711106,152.30112570433,105.438465203836,754.079607722461,811.792352540979,675.225261854705,615.066355673433,312.532113890116,536.526303333486,208.925977265971,834.737621306987,636.736893697323,533.551720416639,263.632022168653,496.733666183195,151.437394718614,437.972464485923,608.094156817474,383.344824016575,386.590028751526
290.237871478193,137.349063917439,343.172560851431,561.668337322712,38.9112318213096,306.311760146904,196.858657277294,28.2030782844866,68.5812627885344,282.975211709038,144.726198694372,38.9963687247024,58.2852900329295,263.317039288339,507.441522261892,432.906201384758,273.509108843346,57.0035482197334,200.204788214976,67.6362358163229,444.41495989104,378.945200020187,94.3272851407274,61.484838378567,135.592868434004,55.0664744855128,89.467644377625,401.094793439109,229.606715548596,80.047996167035
290.237871478193,137.349063917439,144.984651719714,408.255683816887,0.590925258102886,258.983741743441,196.858657277294,2.4251710939671,2.73240803838074,21.7066878859812,9.13754760264209,2.34439804921557,4.51286933952229,41.3273767884109,507.441522261892,432.906201384758,273.509108843346,7.07810181078398,151.617680089978,4.65943155234365,148.929311320377,218.107502909304,11.0408898064555,2.29338109436805,31.1782978341242,8.10466455749718,4.54960950740464,303.395893328618,9.95408370988431,9.66707310362958
163.203852626432,137.349063917439,13.7022775641537,289.379832135188,0.00387042960214876,258.983741743441,196.858657277294,0.0198350856474176,0.0190508678472273,0.40189212341837,0.0199994413655694,0.00804232247478616,0.0392379592800634,1.42046131884408,264.435747305668,176.89219362525,273.509108843346,0.109627314482747,151.617680089978,0.0400393385874906,148.929311320377,218.107502909304,0.146078368802106,0.0142557594543086,1.22806609349821,0.0699083001068428,0.0193616922881927,247.880806147933,0.0520047783116034,0.144112830448517
100.255333190403,104.954159551607,0.134998061737319,64.5291312405355,3.19105299626559e-05,13.7084519419521,183.329328857093,0.000264712882618933,0.000270270936497184,0.00669948132728418,0.000157583456652792,5.96756212344817e-05,0.000418499431800695,0.00643311572529692,149.233219667678,170.631135564594,273.509108843346,0.00228219458382829,151.617680089978,0.000566292314888072,148.929311320377,169.415798995633,0.00357695060308313,0.000238925150789652,0.0118452701764705,0.00216860532912996,0.00029743684378437,217.725883329432,0.000481196824684131,0.00388386947290354
100.255333190403,99.5803836408031,0.000845321403363275,2.41122259053421,2.65158455505083e-07,0.0241289787559394,183.329328857093,5.37768150552061e-06,6.8301499834709e-06,0.000113771649690975,9.96759531492613e-07,6.87055632693426e-07,7.80692672844316e-06,0.000117185517723679,145.118280745141,170.631135564594,273.509108843346,7.09599060863401e-05,83.0972191349566,1.68215059902485e-05,90.4201276800861,169.415798995633,0.000108163512315424,3.50498724977237e-06,0.000157365198991519,4.3311823670401e-05,7.09889761999872e-06,71.0466188265043,4.39612667001643e-06,5.10008959896412e-05
100.255333190403,5.89692378898519,1.18227219171711e-05,0.00564047099626627,2.65158455505083e-07,4.45432099609214e-05,183.329328857093,2.89753572960845e-07,3.22854915285982e-07,2.52838719063172e-06,3.58982330167434e-07,3.48871211298482e-07,2.46864903433392e-07,1.97683470624798e-06,145.118280745141,169.383941277877,273.509108843346,1.68951095591962e-06,1.14441277132617,5.81830534125424e-07,6.0536988755572,89.6942082532812,2.05677819875629e-06,2.7325309849333e-07,3.75511101166245e-06,1.15796170825795e-06,3.36537815443441e-07,71.0466188265043,3.69202687949432e-07,1.8479176639781e-06
100.255333190403,0.00974867792508717,2.70343882677079e-07,2.36528708903926e-05,2.65158455505083e-07,1.39029436056254e-07,180.417792769748,2.89753572960845e-07,3.22854915285982e-07,3.36203023443727e-07,3.58982330167434e-07,3.48871211298482e-07,2.46864903433392e-07,2.42902127126393e-07,106.585133143862,169.383941277877,273.509108843346,3.104793670173e-07,0.00252039641209579,3.49329610973731e-07,0.00485616008697095,61.8539011067442,3.55852010647874e-07,2.7325309849333e-07,2.88431554057477e-07,3.53505778684745e-07,3.36537815443441e-07,71.0466188265043,3.69202687949432e-07,3.03360503163332e-07
100.255333190403,4.63520680326325e-05,2.70343882677079e-07,1.83956921362442e-07,2.65158455505083e-07,1.39029436056254e-07,73.7953468901005,2.89753572960845e-07,3.22854915285982e-07,3.36203023443727e-07,3.58982330167434e-07,3.48871211298482e-07,2.46864903433392e-07,2.42902127126393e-07,106.585133143862,169.383941277877,273.509108843346,3.104793670173e-07,1.3977456727372e-05,3.49329610973731e-07,3.61756021007801e-05,7.45829636202201,3.55852010647874e-07,2.7325309849333e-07,2.88431554057477e-07,3.53505778684745e-07,3.36537815443441e-07,71.0466188265043,3.69202687949432e-07,3.03360503163332e-07
100.255333190403,3.08463521051007e-07,2.70343882677079e-07,1.83956921362442e-07,2.65158455505083e-07,1.39029436056254e-07,45.7887647410904,2.89753572960845e-07,3.22854915285982e-07,3.36203023443727e-07,3.58982330167434e-07,3.48871211298482e-07,2.46864903433392e-07,2.42902127126393e-07,94.3051500446015,25.0561990118518,180.941172792705,3.104793670173e-07,1.90527018803761e-07,3.49329610973731e-07,1.35193082209238e-07,0.0474032863095377,3.55852010647874e-07,2.7325309849333e-07,2.88431554057477e-07,3.53505778684745e-07,3.36537815443441e-07,71.0466188265043,3.69202687949432e-07,3.03360503163332e-07
80.3422094351979,1.63577648010706e-07,2.70343882677079e-07,1.83956921362442e-07,2.65158455505083e-07,1.39029436056254e-07,45.7887647410904,2.89753572960845e-07,3.22854915285982e-07,3.36203023443727e-07,3.58982330167434e-07,3.48871211298482e-07,2.46864903433392e-07,2.42902127126393e-07,76.7627702822342,5.35794483209361,127.03691593282,3.104793670173e-07,1.90527018803761e-07,3.49329610973731e-07,1.35193082209238e-07,0.000427289547558581,3.55852010647874e-07,2.7325309849333e-07,2.88431554057477e-07,3.53505778684745e-07,3.36537815443441e-07,15.0680627221319,3.69202687949432e-07,3.03360503163332e-07
