1092.48424986006,742.296209867628,1556.38469620254,1109.38685850421,1270.90946893428,1279.72786410168,1444.97945567335,909.915757730717,1607.85657930344,1334.67652870263,724.867782652149,394.232983096109,1551.09812662043,1296.19906453702,1153.94514997123,1030.55661273856,759.896150839474,1521.03444799835,570.631867985656,889.008515847847,471.592673037649,602.092328351844,767.649678325274,683.560048021883,1104.87626968358,907.986269273619,549.015968257846,1104.91567601613,956.011384064055,983.511295517986
1067.65950246659,733.474971412328,1556.03873821144,1097.87195865203,1253.77079554474,1246.72018458955,1429.48824337141,898.056179660017,1586.08149760715,1334.67652870263,724.867782652149,362.803591936455,1527.79605906488,1263.94282568574,1143.53500855275,1030.55661273856,759.896150839474,1503.72801759848,547.046580200924,856.43681062269,464.948144232957,583.223483079851,750.24238173581,669.836190351531,1097.42020080997,900.545431193895,549.015968257846,1080.01101685762,936.556518913012,978.776157275187
1067.65950246659,733.474971412328,1556.03873821144,1097.87195865203,1253.77079554474,1246.72018458955,1429.48824337141,898.056179660017,1586.08149760715,1334.67652870263,724.867782652149,362.803591936455,1527.79605906488,1263.94282568574,1143.53500855275,1030.55661273856,759.896150839474,1503.72801759848,547.046580200924,856.43681062269,464.948144232957,583.223483079851,750.24238173581,669.836190351531,1097.42020080997,900.545431193895,549.015968257846,1080.01101685762,936.556518913012,978.776157275187
1067.65950246659,706.713579884169,1529.69389163614,1092.61637319887,1253.77079554474,1214.0148262163,1429.48824337141,857.146647472271,1564.25373732457,1332.89545878998,705.995034490266,362.803591936455,1500.33320031914,1231.80221671225,1132.52030709543,1023.24623758376,755.449743757699,1498.76152636316,547.046580200924,856.43681062269,440.16617754059,583.223483079851,750.24238173581,655.613659483261,1087.03418500454,886.366541789439,542.749483591623,1069.0710027886,910.810651181399,973.195602528292
1064.32287292794,671.917504891007,1509.39347458589,1072.7883696167,1223.25921220763,1181.52387757823,1404.67227017194,844.081185694282,1448.90707140773,1308.34853381726,683.454151793212,362.803591936455,1432.15797816716,1195.87617520867,1107.49796449034,985.056957705173,733.789081474746,1439.21279352396,547.046580200924,846.946967638895,440.16617754059,536.598544296149,739.416211530053,647.41307440381,1077.64173355684,849.869836238082,532.503860088861,1051.31351911088,910.810651181399,946.715170931175
1046.75458092432,549.941296562179,1375.86336355467,1023.54989306256,1162.56115040827,1007.41359621955,1367.00501495193,670.727502802423,1249.35788180277,1090.01182582951,674.150314037439,349.742830955796,1315.69441699699,1132.48414316754,971.335358798263,913.950216620879,730.521049863206,1138.34450233358,547.046580200924,815.711877640644,435.925978683878,536.598544296149,739.416211530053,609.262867926634,1053.93015911365,748.437902358743,522.223074839877,958.997816647376,811.168360477858,844.437093649058
841.175441116357,260.33275665565,502.363289084837,754.660736494373,711.942831873078,189.786696868762,798.760923068544,202.170131990076,510.255361350562,272.450805269838,556.048478921314,349.742830955796,483.454468881789,628.907550671309,350.643694377809,495.622889922069,718.856347417483,464.189038735951,493.966577085928,445.576213932584,324.360175579245,328.4408587476,696.191080004051,247.724703536769,835.020805965027,386.209497834471,342.754666126703,347.002531469499,323.69537709903,219.565388559329
358.057921848016,164.07509876653,318.352051330639,223.599965361455,301.647402694195,189.786696868762,272.702486387512,162.432008997458,273.192376311536,219.830820226397,137.184995517622,318.707505550658,217.440237265093,348.358490069026,255.839236715086,174.242871267966,701.058522316293,305.834279917906,188.103577953311,196.834048986293,159.241104070745,169.397469893607,304.272544712338,160.494611348287,246.306541164197,273.26178791137,172.146447865278,273.593838347818,202.522989596527,219.565388559329
119.459407096265,80.104581918227,98.5705996818781,147.603753769791,110.976388980821,105.12585578282,105.847487808921,86.5022668702363,86.1836813220591,77.0595503796044,111.401982498532,298.672049284839,118.046320433454,109.014151421795,107.693597909823,97.9142711594026,213.444855620114,107.318929203523,108.063713365723,104.713189391543,68.8204690619642,78.2715244329099,113.297109513869,68.641296315415,112.563920638026,111.123011181085,96.2450538504265,102.949341088711,89.1717590686238,90.3978665592364
66.3438383823068,62.9173931529142,56.6352514039598,65.2155133436511,68.1753413645135,55.6460950069695,40.6704629645469,52.0480844874858,45.8568621755667,63.5466467058636,67.3956221053422,109.476456728775,46.4200930423622,56.6721180172586,74.8966672699554,59.298111268748,87.8598376127654,59.173605262838,62.5513437873046,69.4963727559787,51.7731422128842,49.1980774324988,61.4171401291451,60.1781395201933,48.7111171047578,55.1146039002988,59.1541250803482,56.4665735960882,34.7536373705568,51.1387550031342
50.0833728794964,57.4670267351655,50.8682107664058,48.452888050801,56.6650706289984,48.4619076853044,40.6704629645469,52.0480844874858,45.8568621755667,43.8721945637446,46.9961743055115,46.4172113087469,46.4200930423622,38.4009140900462,45.4296725778706,58.9770901797368,59.8549238160582,57.6998510486308,53.2084166207089,38.6721124984832,50.9721192170766,43.9784616742268,52.8028469436032,53.1152860736817,48.7111171047578,55.1146039002988,57.6190493465391,37.9410224645337,34.7536373705568,42.5355576776078
44.280653346336,45.1422759634924,15.6329374916231,23.2003384049134,31.1669370888858,23.1176115941221,36.949574461986,42.2774504697106,44.7793698908125,42.1871077183478,41.1673804817641,35.5786455290596,14.9209730266434,18.173369070885,17.2289939269511,35.1082158923441,37.7453659225771,51.5745183509121,13.702143300212,21.2441512215498,24.5619597664486,15.5419487412903,18.2627780247834,30.9859194268674,35.0300160123569,18.6603362161361,36.7881049790824,37.9410224645337,34.7536373705568,42.5355576776078
16.6924290996415,13.3954781028775,12.8427876041775,12.1768776846355,14.8092285024962,14.6875460598631,14.2522041671433,14.415850674746,14.3680750344106,22.2307675758332,14.1781691893858,12.4315546218959,12.1822371923513,12.4798116236183,14.3685418993598,13.0341619602192,13.3034659253419,34.6514323995762,13.4301369584281,13.6918094848694,14.0474480386275,14.8102616260596,17.338630798074,17.1404376191608,20.7606344093724,11.8878693162584,15.0157332986514,15.8398322990001,16.2550945935729,14.4778289530486
15.7363095880792,13.3804026726842,12.8427873351521,12.1768709515256,14.8091923494925,14.6875406763244,14.2521987147071,14.4157883452921,14.3633729434617,12.4430646223805,14.0675160687503,12.431526819294,12.1822354296203,12.4798074308784,14.3685413439263,13.0318562991903,13.3034435571682,11.8582987035703,13.4301369202841,13.6918039159059,14.0473826677428,14.8102612925157,17.338630356622,17.1340101607451,11.9199032135417,11.8878683917986,15.0156905793464,15.3532244589279,15.9833263266991,14.4233351292102
15.7363095880766,13.3804026726842,12.8427873351521,12.1768709515242,14.8091923494924,14.6875406763239,14.2521987147069,14.4157883452921,14.3633729434611,12.4430646220092,14.0675160687501,12.4315268192936,12.1822354296188,12.4798074308784,14.3685413439263,13.0318562991879,13.3034435571676,11.8582987021533,13.4301369202839,13.6918039159058,14.0473826677414,14.8102612925157,17.338630356622,17.1340101607448,11.9199032132427,11.8878683917983,15.015690579346,15.3532244589276,15.9833263266964,14.4233351292098
15.7363095880763,13.3804026726837,12.8427873351519,12.1768709515239,14.8091923494923,14.6875406763238,14.2521987147065,14.4157883452917,14.3633729434607,12.4430646220089,14.0675160687497,12.4315268192935,12.1822354296185,12.4798074308783,14.3685413439257,13.0318562991874,13.3034435571672,11.8582987021533,13.4301369202838,13.6918039159051,14.0473826677411,14.8102612925156,17.338630356622,17.1340101607444,11.9199032132427,11.8878683917982,15.0156905793457,15.3532244589269,15.9833263266963,14.4233351292095
