8014.11375429176,5130.41285258014,6003.42532570258,6253.04672938639,6655.4437338196,4912.72280795023,5415.07841573082,7427.73997535527,5876.16717508057,5256.74318989414,5852.96028209042,6598.66870897214,5946.00126239855,6051.9031265049,4470.35644354661,7366.60001662552,6409.28978774898,5137.85320378022,6190.46452020688,6130.2832625073,6184.12630763602,5839.3028131737,6374.75038689223,6855.44646426288,5885.60560093948,5930.58288175509,7398.45153721579,6605.07248622948,6303.3900506638,5972.95296875932
8014.11375429176,5130.41285258014,6003.42532570258,6253.04672938639,6655.4437338196,4912.72280795023,5415.07841573082,7427.73997535527,5876.16717508057,5256.74318989414,5852.96028209042,6598.66870897214,5946.00126239855,6051.9031265049,4470.35644354661,7366.60001662552,6409.28978774898,5137.85320378022,6190.46452020688,6130.2832625073,6184.12630763602,5839.3028131737,6374.75038689223,6855.44646426288,5885.60560093948,5930.58288175509,7398.45153721579,6605.07248622948,6303.3900506638,5972.95296875932
8014.11375429176,5130.41285258014,6003.42532570258,6253.04672938639,6655.4437338196,4912.72280795023,5415.07841573082,7427.73997535527,5876.16717508057,5256.74318989414,5852.96028209042,6598.66870897214,5946.00126239855,6051.9031265049,4470.35644354661,7366.60001662552,6409.28978774898,5137.85320378022,6190.46452020688,6130.2832625073,6184.12630763602,5839.3028131737,6374.75038689223,6855.44646426288,5885.60560093948,5930.58288175509,7398.45153721579,6605.07248622948,6303.3900506638,5972.95296875932
8014.11375429176,5130.41285258014,6003.42532570258,6253.04672938639,6655.4437338196,4912.72280795023,5415.07841573082,7427.73997535527,5876.16717508057,5256.74318989414,5852.96028209042,6598.66870897214,5946.00126239855,6051.9031265049,4470.35644354661,7366.60001662552,6409.28978774898,5137.85320378022,6190.46452020688,6130.2832625073,6184.12630763602,5839.3028131737,6374.75038689223,6855.44646426288,5885.60560093948,5930.58288175509,7398.45153721579,6605.07248622948,6303.3900506638,5972.95296875932
7736.03900661537,5130.41285258014,5443.42728128858,5815.95893136607,6626.55820894737,4912.72280795023,5415.07841573082,6943.59251520529,5876.16717508057,5256.74318989414,5520.36738876071,5744.4465241804,5794.50361133831,5940.07642878747,4470.35644354661,7198.80410721667,6409.28978774898,5137.85320378022,6190.46452020688,6130.2832625073,5684.46391358699,5236.60666066276,6374.75038689223,6824.02817941992,5517.7086062617,5237.72821810213,6715.53906727814,6605.07248622948,6254.61069342447,5486.41579382773
7051.37350767569,5130.41285258014,5340.43610247444,5815.95893136607,6255.9256643784,4380.80430629428,5415.07841573082,6502.73482406188,5614.03471513077,5026.66575828917,5402.84934422699,5686.89704440563,5794.50361133831,5746.64935367996,4470.35644354661,6879.48560802881,6141.62597954043,5137.85320378022,5899.0151161139,5872.94518262417,5564.22370780163,4809.95125451803,6174.83340240731,6576.08670125482,5275.54593885414,5237.72821810213,6306.15840655206,6187.61002549762,5979.80364504384,5400.15380998447
5857.65701926373,5130.41285258014,4841.83422020866,5142.96399068244,5513.72252527555,3816.96946475947,5208.95236031645,6256.44506796498,4733.12507482479,5026.66575828917,5360.2228909213,5163.08197296943,5383.79100455391,5187.34790599776,4362.97851226039,6646.20589370126,5911.90617291202,5137.85320378022,5147.58920418308,5535.21360400402,5387.88333315804,4809.95125451803,5612.1858090892,6481.41029748176,5275.54593885414,5237.72821810213,6162.94298208632,5045.00070260865,5750.74004162231,5029.51528599929
5178.15597591999,5130.41285258014,3338.88426864364,4604.74219610963,4833.16105526921,2445.15442972097,4924.74295727313,5417.08929513406,4438.103969333,4862.20427835219,5360.2228909213,3490.11212963436,5139.15407098068,5187.34790599776,3501.55914828189,6221.72062006688,5436.50679534612,5137.85320378022,5147.58920418308,5152.82560666107,5286.21476447106,3506.83548295649,5210.40223933633,5332.21224752771,4982.74520063989,4832.38827684398,5451.46171711166,5045.00070260865,4888.34620059036,4621.73768666256
3365.38752461951,4763.24804771194,1459.61663098827,3760.44135314417,2170.57289821283,1440.86065349594,4847.27482951147,3621.16723010649,2267.07149761374,4528.06800822952,4964.610085971,2973.12280399622,4538.02608085818,3988.08409207033,3501.55914828189,3834.94576812623,3716.61958801977,4393.89109378249,4123.81770164211,3242.51070274753,2728.44973006323,2458.54241354025,2632.43118425332,4023.57328044806,2327.28266852944,3526.00736203588,4438.51920555898,2672.29299696576,2758.08680082684,2536.52276151816
1657.90041369117,1981.2767999382,1053.96601251275,1463.07125700602,1390.70635065836,920.57755237634,1911.1434932114,1751.71635408979,1553.04848543159,2697.58322429881,2885.7032341883,1344.6786698641,3327.39462447344,2394.0443391374,1259.41660818772,1679.76702228821,1401.25970907872,2242.59553495723,3348.51748402002,2169.78444468683,2230.063113426,1632.93982109865,1901.51639063367,1917.67994955037,1549.60811952352,1568.18668209073,2742.51066849671,1885.97085370324,1132.74897125802,1788.70749206145
720.988614527819,782.863810250835,621.150368535186,785.932740092648,278.350599755164,197.342722222979,896.050790865319,622.665827904298,433.807432016909,629.742620551358,1013.69862365772,707.212619858197,2969.79765699705,693.805076946138,486.092397366538,787.767072429435,884.193795916861,1051.24350979539,2936.21204627037,638.967225427701,836.42668000942,443.071275206043,670.954318610597,784.802623158383,484.569013185083,658.531461978553,1176.83653679687,750.681670850372,653.159765917737,487.274904096492
11.9994124766654,12.9035456541828,1.52766566210315,27.2140583613881,0.212091274820584,12.8234359318733,45.2639760777367,12.8566415160343,41.8832069873263,10.7490097370758,18.9871532828658,12.6151494032123,2964.68782855702,1.16862643967416,11.9456310174395,13.841728925773,5.41970032805057,23.9256198960165,2926.87776499856,13.0879364612482,15.0189407784185,1.1847792951709,23.6816811763786,14.3652879336076,0.253952138260052,13.1324433208918,36.2793417331117,18.3881830703035,13.4126049159674,12.3211160138993
10.7700146931539,11.7998326074264,9.71560385555803e-07,21.890470772685,1.57917400637579e-08,11.9177917153758,42.5114476221418,10.9703265395119,41.3507578991399,9.895927122132,11.7998339738861,11.7998326143557,2964.68540978049,2.08756620286722e-07,11.0610986558433,11.6530598158192,8.21938805243971e-07,11.2910438644259,2926.87616949925,11.6530585436579,11.2910426900826,1.80225743440405e-07,22.7468661804337,11.6332869708081,1.31066031361378e-08,11.2910410922764,30.6268053265412,11.061106208914,11.1264544674931,11.1226399815914
0.678375723140481,0.014574922773196,1.73710675473634e-10,11.6702347574384,8.63861130776896e-10,0.0470928302252543,12.7103076708074,0.287388286803618,0.0536891693354735,0.0401598683249416,11.7998325004541,0.0342575544758415,0.00426498097860069,6.6963301570411e-10,0.0394005951075558,0.559171220460872,1.83649081127633e-09,4.95647956955695,11.607931831575,0.171763496615365,10.302038276907,2.69830898365816e-10,0.0429413794246771,11.633286568409,8.10245574337883e-10,11.291040677667,2.06751379184288,0.0615231480027002,0.138407165286341,0.0475999230618733
1.74388133563262e-09,3.81082550700766e-09,1.73710675473634e-10,9.27281584110765e-08,5.57052552233967e-10,1.94792271202007e-09,2.33310412847289e-05,4.97103832171802e-09,9.01771620339299e-10,8.30770563453601e-10,2.55944439623177e-06,2.45808825146321e-09,1.78127135264108e-09,6.6963301570411e-10,2.34181548227263e-09,2.60023321393043e-09,7.14144077207382e-10,6.01268997553955e-09,1.49513364651930e-09,1.22980211199794e-09,7.71333847904627e-08,2.69830898365816e-10,1.30123748813087e-09,4.93313950129191e-05,8.10245574337883e-10,9.1460235755311e-08,2.96929221950867e-10,1.26583114360794e-09,3.03794471060807e-10,1.33460220652638e-09
4.05883697022584e-10,6.71618316516742e-12,1.27449902483553e-11,3.75529237336044e-12,4.92201094696535e-11,6.33424424023588e-11,2.2741926860211e-10,8.8768992156929e-12,2.43152165069205e-11,8.32815298205484e-12,6.46060982489871e-12,1.58702821255002e-09,1.18348197908347e-09,3.55722858576731e-12,3.76680908686922e-10,2.78301826028837e-11,1.0660657541924e-11,8.98621917618432e-12,1.20205327173532e-11,4.6180274419309e-10,6.50271392288462e-10,9.92754027132984e-12,4.08429142358577e-10,1.57633905928378e-11,8.10245574337883e-10,1.7725524751692e-11,4.95422961913998e-11,4.61245856323937e-11,3.03794471060807e-10,5.94537012214384e-11
