2300.74810977749,3018.77427931169,2624.42812842582,2945.19649307312,2965.06253516394,2691.09716336308,3134.80358673915,2501.4666710275,2210.61776062887,2531.55187934983,3100.43875431946,2922.32318780103,2059.83214525389,3191.56242395732,2972.42196100323,3070.61403077149,2502.60356410252,3604.64295800208,2084.63303405389,4145.84906715327,3515.92645121456,2519.60110793643,3213.94229153968,2884.41352832479,3238.17995958202,3141.71785925351,3079.56377758254,2608.44050207328,3385.64341311819,2716.21361199259
2300.74810977749,2785.93314551551,2624.42812842582,2680.02911775812,2381.28092263871,2509.74845929539,2881.45535202939,2175.60268296866,1653.14266684329,2254.80652700764,2954.14210217449,2922.32318780103,1860.59404903041,2503.02428976108,2090.41374903244,2908.11834598842,2502.60356410252,3589.35592230787,1612.32542497498,3635.16231609215,3515.92645121456,2496.10645230089,3213.94229153968,2787.87316632152,3184.91875532133,3141.71785925351,2565.02682297569,2608.44050207328,3385.64341311819,2716.21361199259
2300.74810977749,2785.93314551551,2624.42812842582,2680.02911775812,2381.28092263871,2509.74845929539,2881.45535202939,2175.60268296866,1653.14266684329,2254.80652700764,2954.14210217449,2922.32318780103,1860.59404903041,2503.02428976108,2090.41374903244,2908.11834598842,2502.60356410252,3589.35592230787,1612.32542497498,3635.16231609215,3515.92645121456,2496.10645230089,3213.94229153968,2787.87316632152,3184.91875532133,3141.71785925351,2565.02682297569,2608.44050207328,3385.64341311819,2716.21361199259
2300.74810977749,2776.39921441795,2624.42812842582,2680.02911775812,2381.28092263871,2305.49521318581,2850.97257636789,2112.10994525962,1653.14266684329,2186.15589127609,2732.79426400939,2922.32318780103,1374.40900284433,2345.32561684774,2090.41374903244,2668.20957205947,2263.84296943305,2791.34220183233,1612.32542497498,3635.16231609215,3515.92645121456,2496.10645230089,2765.39242436849,2251.57327143246,3016.68426799761,3003.53697408022,2565.02682297569,2608.44050207328,3052.26670227123,2716.21361199259
2300.74810977749,2652.98208389024,2624.42812842582,2124.63876118209,2381.28092263871,2305.49521318581,2759.93656256938,1981.32110297895,1653.14266684329,2057.3437958092,2357.08960049536,2814.33295522852,1214.08617448625,2345.32561684774,2090.41374903244,2510.69916122976,2263.84296943305,2791.34220183233,1612.32542497498,3123.53330097301,3515.92645121456,2291.04139940181,2765.39242436849,2251.57327143246,2678.63434903161,2684.76151695846,2477.38455434313,2538.6699277578,2730.44840767768,2716.21361199259
1816.20301645765,2358.99630414124,2021.75044686332,2063.37435212861,2381.28092263871,2305.49521318581,2417.37714635985,1762.45653893166,1614.0659839582,1922.62072027438,2279.66474337295,2772.30100071087,1214.08617448625,2345.32561684774,1841.33344390715,2113.69058856965,1842.13317403946,2665.79713962995,1420.28083517739,3123.53330097301,3129.99427729504,1896.73225144979,2313.64610927031,2251.57327143246,2678.63434903161,2684.76151695846,2477.38455434313,2103.76835737622,2429.68959580233,2253.64484170991
1777.2171316158,1657.41651071747,2021.75044686332,1560.95753892028,2301.9335659627,1947.20039125342,2417.37714635985,1762.45653893166,1614.0659839582,1887.61771669086,1808.55535869653,2438.56445691521,872.706966429637,2162.86257391528,1530.60765712165,1651.45210301819,1540.83524399932,2665.79713962995,1326.99905154532,2714.14010283192,3070.73368814322,1896.73225144979,2040.13952195039,1636.5112077588,2431.84545557656,2483.85771504128,2172.60044387888,1897.0236229493,2429.68959580233,2123.13638784397
1360.32412305335,1283.11880207322,1139.33820545486,1517.05523461994,2093.60031749303,1604.01418838343,1894.26424503522,1490.6272005465,1614.0659839582,1406.53584768566,1368.42498025056,2040.17608837207,362.901536497031,1483.56066440363,1054.44020947565,1182.62996634534,1540.83524399932,2665.52387144128,954.730921600946,1877.29342030435,1910.4548891843,1479.08856440242,1742.13207865768,1239.33552594422,1455.16562289077,1446.87375397492,1736.7551908011,864.955180875648,2372.5241826636,973.612461780978
1138.36663741909,427.392711454571,331.612084794782,477.073995278324,1925.79058264966,1281.58875786051,1044.8183201388,1177.25025468763,1144.37022287908,1163.29807476307,719.216613961228,1739.99126114235,237.736881784059,440.088416942583,370.089329885183,344.777343521983,1540.83524399932,2097.4028203764,572.892609886885,1228.37014900262,782.72210116013,1479.08856440242,1667.73764361564,815.239563119526,853.52625810647,986.872618082651,1568.628764493,490.989334839137,1425.28378493093,892.883443091278
1091.90162846087,185.28401687845,72.7226055965618,229.732318806338,1823.20137262414,1149.91625191899,553.960816431941,1150.39664153122,508.529267271495,1117.55426480917,331.523768178523,1548.71389109215,115.538883999339,294.289178282322,199.058634431107,224.353327904594,1530.3849628483,1838.67005346752,147.547183275777,476.596051558165,279.770657429596,562.585061200691,1655.77336454861,189.049153683872,392.898147702021,372.023159999065,1553.37572187347,143.399173734581,300.372177487879,320.523794869622
1089.38673804643,12.1695492560222,0.752741002346622,13.8189129772411,1821.94182926957,1141.23887313765,8.58093519007748,1149.60493705427,19.404593201631,1116.61247386187,37.941167049231,1509.4948261675,22.389009227725,37.333420741636,21.4490806527689,13.9171123122044,1529.5840502325,1824.96230570908,14.0328671877738,17.3338701081534,42.8350092405285,70.4378512563627,1654.72902925296,2.19379556792688,20.4873005224609,15.5403586264271,1553.06299852498,11.1619076428295,21.5900711379815,23.8079168572532
1089.38562498302,10.832719913327,9.68428266670819e-06,11.0784928848632,1821.92953107515,1141.22519860561,0.000245962113964063,1149.60433381368,12.5865707005852,1116.61078568542,31.3382445937665,1509.32033665711,21.2424992862414,32.2787767742339,20.0588581042803,12.582723924795,1529.58355081143,1824.94999380733,11.360196401385,11.8849831652565,21.7882963142998,11.7396840328773,1654.68745055651,3.25846916604219e-05,0.00102041706238216,9.9163570873985,1553.06285318253,10.3981839690034,9.90477737769048,11.0764729918307
200.295365570663,10.8326750651641,1.71590667600678e-10,11.0782828711824,1821.92891212796,379.540338456928,1.66947270822486e-10,128.274884340095,12.5826531178623,806.248002048107,31.3366767724914,199.436358671033,21.2424828670087,32.2735557095967,20.0588372162514,12.5826531177916,322.496656112437,222.587371641874,11.3601308039303,11.8849424419269,21.7858568172053,11.7263948690261,1654.68690016589,1.49228311189614e-09,4.49906778499098e-12,9.91627583384822,72.1733858691744,10.3981773085758,9.90434499523942,11.0743792947837
1.60614181214197e-09,10.8326750651641,1.71590667600678e-10,11.0782828711824,703.863006571695,3.26837204707995e-08,1.66947270822486e-10,11.8849424465781,12.582653117778,607.43711509661,1.18539533108923e-06,11.0357030766772,21.2424828670087,32.2735557095967,20.0588372162514,2.01690472867266e-05,2.42583716077628e-09,3.98659919890559e-10,3.95402889111634e-06,1.67110974422451e-05,5.40550381242354e-06,11.7263948687506,12.5831328804342,1.49228311189614e-09,4.49906778499098e-12,9.91627583384822,9.68184273493958e-10,10.3981773085758,1.21785467889335e-06,11.0743792947837
2.07804144262506e-11,2.05650311594733e-12,1.71590667600678e-10,11.0782828711824,6.15569114200349e-09,2.49809062324857e-11,4.56360875015586e-12,3.24713589350267e-11,12.582653117778,1.66288464479673e-11,9.48083093514167e-11,5.81690991670788e-11,4.13899285215772e-11,32.2735557095967,2.68009762531089e-10,1.24575757117403e-10,1.38223506714515e-11,4.22699653057634e-11,8.24999328112124e-11,6.83385200280403e-11,9.59878843076468e-11,1.19892459154151e-06,4.78890349597823e-09,7.14036237544254e-12,4.49906778499098e-12,7.14446013461194e-09,3.63680197068561e-11,10.3981773085758,8.11321380448741e-11,1.40587763652889e-10
1.02688228290996e-12,2.05650311594733e-12,4.64887387844707e-13,1.87553676293343e-13,5.4297307391001e-13,4.83909208999951e-13,5.38014077733351e-13,5.00414524632712e-13,8.40364814772935e-13,5.11886829220505e-13,6.26831919703363e-13,1.03983488486392e-12,7.57172102794357e-13,4.20922556069551e-13,7.03881397612349e-14,7.47846229387505e-13,1.06129919667334e-12,3.43762055858103e-12,1.54321000422897e-13,1.78523862359725e-13,8.92136734857256e-11,2.31296463463574e-13,4.0352906201709e-13,6.73091212396078e-13,4.49906778499098e-12,1.64090963039598e-13,5.898985004175e-13,4.26177611719443e-13,4.6118664442929e-13,4.41720734064196e-13
