311842.087296021,6749631.91536655,6571921.35458993,194319.261424788,1077006.17576169,862482.829002721,2725547.65670079,344875.123072157,278166.937174806,1488015.85659236,189874.517264077,1723481.77001682,3367821.47585526,1339649.66952368,11050403.1795437,772560.883192998,1064951.71906942,162599.8765992,3794736.75189538,440019.952834575,22491868.0169627,731551.626431126,3251843.01695152,3066379.12473311,2483192.79865189,8797410.61363656,179572.314605326,17483.4653941703,1232015.12219007,5359684.98060909
87294.0092848674,1103767.8362084,608023.928938371,20851.0058663353,267869.225227737,294930.038611189,160582.505791082,343034.147283881,93248.5886817706,391664.290559055,21246.4879829241,594311.063706389,1643619.17615383,23863.7594088173,96039.3627256097,87505.0587209956,257295.155715821,47291.4760367997,206088.730397845,193337.869759891,1384742.94429643,343030.344234224,44837.9365114678,6086.60152664707,1043643.28632504,553197.765201475,77798.2278750633,7137.65931516484,96584.2986878486,97294.8723934389
76225.7210563081,41103.4494219034,320204.028671014,14169.9921513192,97462.3542278389,282952.951100326,153512.395591788,302009.883257533,78350.1676975362,221798.265060158,19335.4268449193,442758.203376454,21340.1132615458,11526.7917251774,13153.6961290417,75560.540089004,131551.630035494,45008.0526331945,206088.730397845,193337.869759891,844077.217354671,328152.028833655,44837.9365114678,3981.24454759472,224734.969814775,306995.224581623,77798.2278750633,5080.08845039528,72653.821466765,69677.8012964793
9920.64351330006,31471.3101518548,278387.328112988,3801.50719125412,82132.0649905209,206659.286300444,20549.5831499164,75928.3226538702,4789.03267945533,190892.982901682,15633.932082958,401498.510586327,3603.30111895278,10187.8690326289,11543.4686206921,7434.79599890617,93736.6014907864,35604.8024072411,85330.4847155946,193337.869759891,752858.181530557,273568.550141282,20890.6642390899,3351.12904928962,192380.648921254,263054.813797508,70482.215083667,2541.43240141891,7564.87316247556,61286.1376099237
2512.46892254945,1348.06921527089,6089.6566251002,1386.34551202222,2375.1856964974,1882.58003483866,3000.68108654167,4755.34864075428,1514.57183964515,5629.85145019757,4087.72063239817,1063.14649744142,1544.28046004042,1182.93188520533,4650.85929118774,2511.1458686251,2371.46166097685,4649.9943170147,5387.20964903616,2730.37900767327,2309.90352954577,1012.29609185825,1502.41695533471,1223.641008009,2777.55871650179,6746.8979684185,2302.58459111944,1699.29206806287,310.960104461111,3932.72592550091
379.316662187545,719.930624107411,530.035630208782,780.595430283422,1288.77443366783,763.574335599724,271.73076737516,831.415804920925,256.820029394898,912.415393118015,246.363680141301,200.75095439435,813.203389279473,58.2232722693601,570.576241214116,227.562689626224,427.490262838249,562.373524764823,628.882648774605,783.193521476765,282.689383721882,602.354577281689,680.67240305931,474.971113579342,839.758847275905,480.760971264248,268.006701427312,747.667541124148,10.1902311227574,872.318094184632
368.490484560812,601.471252147968,330.381154535731,761.400937709479,595.180823626219,738.458523326709,246.221786642205,810.588512947953,244.442428380676,876.493472336273,229.498852420548,146.550276864935,750.217212029276,14.3950068350426,547.038485465009,225.037896298667,347.33212395174,522.415504913726,612.341004677197,740.683551273193,256.446406314612,538.554188674295,646.888371786564,454.252979829643,809.473959807767,461.228895375859,222.580992715772,729.133486689175,10.1577032895984,839.019188713839
368.490481432826,601.376191960794,324.193966377448,761.400494710746,594.675137257776,734.304446911184,246.221786642205,782.350573992465,244.442428380676,876.492513976366,229.495448931793,139.56085009967,750.162314590272,14.3659752403053,545.023494632448,225.037896298667,346.522523361147,522.409127378054,612.341004039756,739.340673984902,255.308378600297,538.348729722816,638.722877018388,454.117037662908,809.464942984963,461.228386328026,222.322602631799,729.133486600307,10.1577032895984,839.005967538496
368.490481432826,601.376191960794,324.193932465948,222.26116629872,594.675137257776,734.304446911184,246.221786642205,781.848893734071,244.442428380676,876.492513976366,229.495448931793,139.560850000698,359.821111884926,14.3659752403053,545.023494632448,225.037896298667,346.522523360799,522.409127375912,593.088548732223,612.301321727623,255.308378600297,538.348729722816,638.722877018388,454.117037662908,317.098638276289,461.228386328026,222.322602631799,578.457329628002,10.1577032895984,828.344193401463
368.490481432826,457.330372466311,324.193932465948,222.26116629872,594.675137257776,734.304446911184,246.221786642205,255.573851773347,244.442428380676,876.492513976366,229.495448931793,139.560850000698,229.017729407558,4.39611774670738,545.023494632448,225.037896298667,346.522523360799,522.139567714516,522.349481706418,580.767532228597,255.308378600297,511.822998877935,226.249605118806,454.117037662908,310.244248232471,461.228386328026,222.322602631799,2.19806560327359,10.1577032895984,663.297095920622
368.490481432826,457.330350562233,324.193932465948,222.26116629872,538.348735185771,734.304446911184,246.221786642205,242.160281307498,244.442428380676,364.510649578964,229.495448931793,139.560850000698,229.017726087639,4.39611716038646,450.492224449522,225.037896298667,346.522523360799,468.065797277593,290.632727420465,220.332704606763,232.227527900881,511.822998756111,223.317561680052,13.4232305100037,310.244248232471,439.192709211126,8.3759483504519,2.19806109912225,10.1577032895984,663.297064868768
368.490481432826,457.330350562233,324.193932465948,222.26116629872,538.348729728462,14.5053046453945,246.221786642205,31.5204027506453,244.442428380676,364.510649547104,229.495448931793,35.6536160011254,229.017726087639,4.39611716038646,450.137206471872,225.037896298667,346.522523360799,1.76687159752201,273.313903738082,220.332689546499,219.129587504762,229.653462015576,223.317561680052,12.9344324321082,222.943485532182,439.192692154031,8.3759483504519,2.19806109912225,10.1577032895984,255.250723523515
368.490481432826,457.330350562233,324.193932465948,222.26116629872,538.348729728462,4.18797417520881,246.221786642205,0.208142984646796,244.442428380676,364.510649547104,226.302433813652,6.38603527428701,229.017726087639,4.39611716038646,10.5739892525967,225.037896298667,346.522523360799,0.994959057130737,273.313903738082,220.332689546499,219.129587504762,60.4775651998508,223.317561680052,12.9344324321082,222.530745607513,305.269478181377,8.3759483504519,2.19806109912225,10.1577032895984,219.129587504823
368.490481432826,457.330350562233,78.3805969905243,222.26116629872,538.348729728462,4.18797417520881,246.221786642205,0.208142984646796,244.442428380676,364.510649547104,226.30243381344,6.38603527428701,57.2512049648837,4.39611716038646,10.5739892525967,225.037896298667,346.522523360799,0.994959057130737,223.464267789839,214.302260438087,43.8962209907785,36.6608682760992,220.124546562099,12.9344324321082,221.058063706376,305.269478181377,8.3759483504519,2.19806109912225,10.1577032895984,89.2497403598795
