226.035159363757,792.896459462385,1266.91589010729,1082.41670700982,357.380467349383,239.02849617385,917.021330438313,236.454314835299,105.480003562389,255.790521044438,141.680191334741,230.728106617766,2047.85556918509,208.248549512457,200.483893693792,351.448842266018,451.781720935847,743.980775231676,192.450270789369,759.377687457402,673.962010405696,632.005885080647,327.646202985816,838.816787305773,316.261864669119,303.570610410165,402.863627293994,741.92993089324,168.056852404258,1180.2595832259
88.2270399325668,247.431106725673,282.974033706617,160.852738349215,143.53238833401,168.470966639447,189.27403971416,150.608180587072,104.273969461187,125.299703531567,98.4356918555241,129.870754823119,327.705189155273,101.148368662931,138.378539987803,132.491676428401,144.441078402224,228.79757289052,106.901125010912,238.014347852467,248.980207029867,142.847871913974,228.352400151569,174.822833911093,134.03172137317,148.193832607183,251.251167966753,197.576620726777,127.046277523506,220.362723510177
60.844609136434,102.748094287302,111.056288051958,103.700574123222,77.9509485618757,76.7510430857866,77.643937096748,73.0981684606429,73.6766474898033,70.8019485527189,81.4362944348966,84.9481944852753,109.095668030511,72.8925965805683,74.0934488374375,89.4915652882126,122.6886989661,115.582194200296,69.3520781859217,100.595683957507,108.785229347592,89.0450658176004,111.50764004881,101.748180832913,84.1300364915227,78.5369601615773,103.014928788045,97.7806272826901,97.5426240729375,89.30516641628
50.6808401201742,53.7296922062004,57.6412698756965,56.1613407382948,53.4548951479043,51.3155440757269,54.7974594530812,52.0532765984118,51.5951132799324,51.9782123959648,54.1841771880376,59.5885769432323,55.4699150815766,51.9306291849901,52.5001449997522,53.7953436239871,56.1268527831012,53.8562395739684,51.690489184366,53.5074647241086,55.3308410270377,55.8103826373376,56.7963105151447,59.3728749079131,54.2656008949796,52.1039522365749,54.6177343403881,55.8232428483119,58.4126174302191,51.7375357225585
49.2452137276958,50.0870572269379,49.8827349147187,49.1430756895096,49.8813777527503,49.2440600956158,49.958302304367,49.4055612894149,49.3437728825298,49.4519285455888,49.5256642240723,49.5011847767329,48.9956798368908,49.2068626234953,49.4981118970333,49.7496729510121,49.9171726159945,50.0964724616371,50.0373332801711,49.9662888587633,49.6079706461161,49.8696703269372,49.764615195512,49.9279564395486,50.2784491476576,49.8808896805216,49.4732738106495,49.830443586176,49.9913212552951,49.3766180820731
48.0161853150224,48.1633471992151,48.0635257931315,48.1678409125511,48.1963330209144,48.0506005901017,48.1172805537577,47.9959454466804,48.0519469058319,48.0449004968722,48.0887733667637,48.0036287281419,48.0853957003412,48.0806172805382,48.3536547846114,48.0318547903867,48.113728849184,48.061913142898,48.0885552155138,48.1428037336236,48.0346913407685,48.2105594839297,48.119653093675,48.0528119547718,48.1181327283428,48.0044344599992,48.091569849602,48.0670589437619,47.9971623746133,48.0704345995776
48.0161846343195,48.0755327907328,48.0635070548847,48.1678399667087,48.0490573803052,48.0505986951606,48.1164141026229,47.995910865107,48.051946165686,48.0448852086747,48.0887733558446,48.0036140885277,48.0853621836337,48.0805825483748,48.0175332604908,48.031813658032,48.1135969010749,48.0618407373399,48.0884396167303,48.1427737508961,48.0346904668194,48.2105532327536,48.1196523171513,48.0527882522499,48.1178802533849,48.0043887844262,48.0860232621621,48.0670580879398,47.9970590983421,48.069587376836
48.0090922236823,48.030046508416,47.997601407738,48.0533410716529,48.0490573800074,48.0505986951606,48.0271079062968,47.995910865107,48.0161405135282,48.0448852086747,48.0887733558446,48.0036140885277,48.0616932075949,48.0400166974229,48.0175332592718,48.0164535848053,48.0450974139283,48.0209136829792,48.0203998517656,48.0932394655726,48.0346904668194,48.0073965419824,48.0573133924846,48.0527882522499,48.0502737148435,47.9959283914723,48.0135244228915,48.0670580879398,47.9970590983421,48.0259185288302
48.002299338631,48.0195862213149,47.996941057856,48.0533388515331,48.0197806442333,48.0137364831192,48.0270859568998,47.995910865107,48.0090209674917,48.0448852086747,48.0887733558446,48.0036140885277,48.0616072495569,48.0400145289596,48.0093121488215,48.0161826674025,48.04447378976,48.0208966953889,48.0166538466228,48.0932280062461,48.0346904668194,47.9978625307334,48.0573133845306,48.0527882522499,48.0466024708952,47.9959107483186,48.0132048915181,48.0670580879398,47.9970590983421,48.0052025427507
48.0022993386308,48.0192959801354,47.996941057856,48.0523398477981,48.0196191970403,48.0137364811208,48.0187761339585,47.9959108651066,48.0047895044553,47.9997210708171,48.0506112653585,48.0036140885277,48.0571474621565,47.9959107779961,48.0093121488145,47.9956191517185,48.0048146224569,48.0206947376014,48.0166538466228,48.0206763593458,48.0346904668194,47.9978625307334,48.0495067196564,47.9888351601373,48.019828642445,47.9959107483186,48.0132048915181,48.0091335572548,47.9970590983421,47.9978043418825
48.0022993386308,48.018247642771,47.996941057856,48.0523397422185,48.0067876419506,48.0137364811208,48.0187760674115,47.9959108651066,48.0043891871959,47.9997169683636,48.0506112589279,48.0036140885277,48.043603411105,47.9959107483188,48.0093121488145,47.9955855050056,48.0048133984124,48.020694713143,48.0043887844261,48.020668835567,48.0346904668194,47.9968334925637,48.0495067196552,47.9888329676561,48.0198286150429,47.9959107483186,48.0132048860333,48.009133553428,47.9970590983421,47.9955855050054
48.0022993386308,47.9902194391697,47.996941057856,48.0216096190507,47.9880292165784,48.0137364811208,47.996168809125,47.9959107522412,48.0043891871959,47.9952713497528,48.0506112589279,47.9983293959017,47.9902194653067,47.9959107483188,48.0093121488145,47.9955855050056,48.0048133984124,48.0006365208396,48.0043887844261,47.99591080124,47.9966269154347,47.9902274598523,48.0216096497833,47.9888329676561,48.0031902806444,47.9959107483186,48.0132048860333,48.009133553428,47.9923606555565,47.9955855050054
48.0022993386308,47.9902194371274,47.996941057856,48.021609618427,47.9880190357664,48.0137364811208,47.9961688091182,47.9959107483187,48.0043891871959,47.9952713496093,48.0506112589279,47.9983293953515,47.9902194371269,47.9959107483188,48.0093121488145,47.9955855050056,48.0048133984124,48.0006365203606,48.0043887844261,47.9959107483188,47.9966269150341,47.9902219681341,48.021609618427,47.9888329676561,48.0031902806326,47.9959107483186,48.0110791433046,48.009133553428,47.9923605683911,47.9955855050054
48.0022993386308,47.9902194371274,47.996941057856,48.021609618427,47.9880190357664,47.9968334925633,47.9961688091182,47.9955855050053,48.0043891871957,47.9952713496093,48.0137364811206,47.9983293953515,47.9888329676562,47.9952713496097,48.0006365203604,47.9955855050056,48.0023904844559,47.9888329676564,48.0001080425132,47.9959107483188,47.9943837140812,47.9888329676562,48.0137364811208,47.9888329676561,47.9888329676562,47.9955855050054,48.0043887844254,47.9955855050054,47.9923605683911,47.9955855050054
