805.717779023861,671.810817312322,831.104452345505,540.186364317614,1072.52290477838,815.23578610118,479.601122088447,747.482603556497,534.402401498711,537.191836815247,878.485087203566,734.536589722863,1043.00488235383,1074.28810958841,811.310812899134,1104.58469937894,1137.31484389397,741.45055683579,1061.91802056104,1218.12157034914,833.588807582499,676.520533669424,1110.04489596384,1179.30968341421,772.349795257766,1190.59993675003,635.525414661927,858.430342471238,901.487458456559,1144.0947086461
359.052456781156,554.798357499407,451.264259601322,187.032308485787,419.557766153915,202.978373159391,172.514789514608,371.641914572314,364.768321976815,260.876157769787,386.477348930781,217.851314129866,328.805859472265,320.17354073329,277.086539088019,324.96875329872,373.240507484696,276.316274735083,473.893620795128,1203.1691780481,226.204563906824,227.338688119457,464.495454130564,1163.3538031359,380.753283808695,517.800630233318,230.66185544296,468.344232874281,351.751957445442,571.925749910586
102.069505501463,194.497258115596,192.805925937759,108.430308781249,187.661713743785,147.722900856922,150.500008209044,202.913593526695,181.212306271233,141.464180279117,148.105917746489,168.670815725453,320.235413514045,277.707951811121,191.275538362828,272.08177107905,373.240507484696,158.619941553096,244.706655400415,1121.98452944006,117.155509970851,112.906939175192,252.950303763002,1161.36339235057,123.071427324992,286.978849374612,107.99933288462,182.888310818896,229.804778132089,396.757880264343
55.3666017395764,64.8241606771155,53.2642154411903,57.2222254423598,78.6723431666185,58.0841046918189,37.098818073893,43.6905197631379,60.9069270732074,30.0743830463229,57.779225290792,50.5311323895316,81.3790854485484,74.7513668746354,60.5041338285783,56.5931560331835,78.4669224403276,35.5342561975252,48.9426228060657,223.195548248098,52.5728459626977,59.0886884800189,91.7856185504753,1153.86055621817,41.5620225937935,86.958911640699,26.1864049029611,61.5524581270902,73.4703800224165,86.1828307524538
5.17695013446956,3.22413411691754,3.79033410593764,3.33246817904172,5.89715801393971,3.05926165845628,1.74505360580732,1.9154630962845,6.99721047472322,1.09338247889793,5.25847377472444,2.31293916113476,5.07932053734947,4.56485657304658,2.9583620519328,1.87272140061526,8.14460060381381,3.19468363987478,5.23569539407633,14.7104116180509,4.63455078272818,2.83999956108338,8.10356580324643,1151.61563247138,3.92075955828281,9.05835892771497,2.60398815466852,2.41818658449002,6.59924142959274,5.89898803031555
0.000799761010865888,0.000793777338710157,0.000326095802244423,0.000803877696845683,0.000801531253688192,0.000317147973224885,0.000379090918837361,0.000454277371877266,0.000805292147202286,0.00038473861804912,0.00058824652480611,0.000374487664178782,0.00106347274226709,0.000582807016866577,0.000470062114523627,0.000527628242721337,0.000997188964772609,0.000738603216373944,0.000416030546331024,0.00365317233921387,0.000364900826759111,0.000266023612122076,0.000865336180352856,1151.41885977692,0.00141069706824077,0.00182590614259501,0.000219666884063522,0.000337539183741628,0.00132584849328159,0.000829034192475847
9.83407152204932e-07,8.93598848367834e-07,1.04457132537702e-06,8.80012364159638e-07,6.06622118202743e-07,8.15772554679901e-07,1.02956483008227e-06,6.49309128031316e-07,7.51539023219486e-07,8.36504355704037e-07,9.92733180179225e-07,7.60828133294377e-07,9.59857850426149e-07,9.03955706813289e-07,8.24385101660955e-07,5.64759328837124e-07,1.00023316698711e-06,8.75508371503749e-07,9.75683938077431e-07,9.75195939490447e-07,1.02882092390418e-06,9.98225501638272e-07,7.32111884637452e-07,1151.41885970992,9.18150219384749e-07,8.35161061196005e-07,7.25773234380969e-07,1.00525886669246e-06,8.3994687640604e-07,6.22755051714787e-07
9.83407152204932e-07,8.93598848367834e-07,1.04457132537702e-06,8.80012364159638e-07,6.06622118202743e-07,8.15772554679901e-07,1.02956483008227e-06,6.49309128031316e-07,7.51539023219486e-07,8.36504355704037e-07,9.92733180179225e-07,7.60828133294377e-07,9.59857850426149e-07,9.03955706813289e-07,8.24385101660955e-07,5.64759328837124e-07,1.00023316698711e-06,8.75508371503749e-07,9.75683938077431e-07,9.75195939490447e-07,1.02882092390418e-06,9.98225501638272e-07,7.32111884637452e-07,1151.41885970992,9.18150219384749e-07,8.35161061196005e-07,7.25773234380969e-07,1.00525886669246e-06,8.3994687640604e-07,6.22755051714787e-07
7.17628398904551e-07,8.93598848367834e-07,9.38818482121058e-07,6.19190218816591e-07,6.06622118202743e-07,6.94805045686937e-07,8.33224880732401e-07,6.49309128031316e-07,7.51539023219486e-07,7.66147332887341e-07,8.91435917432581e-07,7.11998707068293e-07,7.74931134328562e-07,9.03955706813289e-07,7.8409317572383e-07,5.64759328837124e-07,9.09454784487193e-07,6.65196043030755e-07,8.11627187721388e-07,8.52723265105228e-07,8.09808587407621e-07,7.34595833506374e-07,5.14141458641062e-07,1151.41885970992,6.04390618386809e-07,5.00663225933795e-07,7.25773234380969e-07,7.53297647787571e-07,7.65172490836276e-07,5.92590785726434e-07
7.17628398904551e-07,8.93598848367834e-07,9.38818482121058e-07,6.19190218816591e-07,6.06622118202743e-07,6.94805045686937e-07,8.33224880732401e-07,6.49309128031316e-07,7.51539023219486e-07,7.66147332887341e-07,8.91435917432581e-07,7.11998707068293e-07,7.74931134328562e-07,9.03955706813289e-07,7.8409317572383e-07,5.64759328837124e-07,9.09454784487193e-07,6.65196043030755e-07,8.11627187721388e-07,8.52723265105228e-07,8.09808587407621e-07,7.34595833506374e-07,5.14141458641062e-07,1151.41885970992,6.04390618386809e-07,5.00663225933795e-07,7.25773234380969e-07,7.53297647787571e-07,7.65172490836276e-07,5.92590785726434e-07
7.17628398904551e-07,8.93598848367834e-07,5.21235523700547e-07,6.19190218816591e-07,5.64206374559383e-07,6.77037162443065e-07,8.33224880732401e-07,6.49309128031316e-07,6.68260385811061e-07,7.66147332887341e-07,7.77345167413146e-07,7.11998707068293e-07,7.69098057874601e-07,5.45495673334111e-07,5.36719631064019e-07,5.64759328837124e-07,6.11722697573179e-07,6.65196043030755e-07,6.16947494984111e-07,8.32619010733605e-07,7.25832510001158e-07,7.34595833506374e-07,5.14141458641062e-07,1151.41885970992,6.04390618386809e-07,5.00663225933795e-07,6.70956901795834e-07,7.53297647787571e-07,7.65172490836276e-07,5.92590785726434e-07
7.17628398904551e-07,7.61755848705658e-07,5.21235523700547e-07,3.6083864072616e-07,5.64206374559383e-07,6.77037162443065e-07,6.06157231751149e-07,6.49309128031316e-07,6.68260385811061e-07,4.85852015341224e-07,6.41177008339771e-07,7.11998707068293e-07,7.62927041071225e-07,5.39530226448138e-07,4.73388092356998e-07,5.64759328837124e-07,6.11722697573179e-07,6.65196043030755e-07,6.16947494984111e-07,8.32619010733605e-07,6.20497877179274e-07,5.99826229979275e-07,5.14141458641062e-07,1151.41885970992,6.04390618386809e-07,5.00663225933795e-07,6.40772180615021e-07,7.0479141879361e-07,7.65172490836276e-07,5.479078504904e-07
6.58898294444194e-07,5.44855659334204e-07,5.21235523700547e-07,3.6083864072616e-07,5.64206374559383e-07,5.15663735567109e-07,4.84484366541993e-07,5.92692817814311e-07,6.24763941773677e-07,4.85852015341224e-07,6.41177008339771e-07,6.84898903670479e-07,6.99963661581982e-07,4.94938260039765e-07,4.73388092356998e-07,5.60191040920159e-07,5.56430764646882e-07,6.65196043030755e-07,5.51285829470816e-07,5.83605947321716e-07,6.20497877179274e-07,5.95175957755393e-07,5.14141458641062e-07,1151.41885970992,6.04390618386809e-07,5.00663225933795e-07,5.70820493843549e-07,7.0479141879361e-07,5.24192539464412e-07,5.2188055721743e-07
4.1610305180014e-07,5.44855659334204e-07,5.21235523700547e-07,3.6083864072616e-07,5.64206374559383e-07,5.15663735567109e-07,4.84484366541993e-07,5.92692817814311e-07,6.09327774935525e-07,4.85852015341224e-07,4.78361755534607e-07,6.84898903670479e-07,5.80420210506281e-07,4.94938260039765e-07,4.73388092356998e-07,5.60191040920159e-07,5.56430764646882e-07,5.03143674897251e-07,5.51285829470816e-07,5.83605947321716e-07,5.19370160891738e-07,5.95175957755393e-07,5.14141458641062e-07,1151.41885970992,5.88136776518901e-07,5.00663225933795e-07,5.70820493843549e-07,5.53253721455831e-07,5.24192539464412e-07,5.2188055721743e-07
