12059.822847856,14918.1710763048,15822.2172339384,30677.133717062,18971.1518541948,7402.22920167983,11228.9011830817,18600.972736774,15875.6337949318,11452.6435666774,21298.0770427066,14635.6310354593,18900.8844926505,21765.9458440267,17289.2858497963,11915.1123489009,9768.75600142168,8743.03539480075,11779.2249352868,22247.7158767567,15102.3965219424,14454.1074595367,13396.0705943599,15884.3761494428,39329.2951482814,20510.834962158,19040.1409778005,18220.6650128074,12537.2701571879,18137.4283307091
2484.08034174296,2507.25073553267,3705.82429792639,6645.46673588915,4217.72693779031,1907.36426267514,1876.45097130291,4457.60783894391,4402.14799566828,2730.18257869765,4470.59439415224,3580.15013888539,4837.9860159928,2556.15118100649,2699.38280574773,2142.64170837489,2609.81152888274,1824.51691407305,1848.34865339668,5625.09627132647,3078.0712439388,2105.33809687927,2572.85858252983,4287.04908223811,7498.9955851345,5575.96877804955,5019.13418121962,2459.22203390335,4039.25984693448,3033.86844864821
1017.83498155652,875.291333735704,986.661890958003,1360.73296635164,1839.96656984392,645.573393378559,813.529647098331,1350.99677508319,1742.27200023284,1046.10378785526,1535.94576970615,1385.65597791525,1395.0344586461,661.737140042109,1427.84264930882,1000.95791705019,1075.99922820326,701.053161344847,813.514577253987,1558.49107691128,1007.62894448025,927.654399125541,979.172725986461,1499.5832558179,1248.96305089931,1422.69168723317,2063.55348606503,720.948652158425,1421.95605111449,1220.80709240893
331.599168843956,299.428025896449,350.442159740405,366.124992468871,681.79215866705,284.38056604085,266.134643681224,421.004616309175,458.935543048678,394.453119444418,573.214716229683,391.491649302598,471.649528043196,119.669150031401,537.041795780027,355.693643803047,349.908619432654,167.528584375187,314.854970131395,405.68838666222,317.250767016669,388.071589323172,295.464707184905,414.495543922277,398.189275556562,464.583550671793,665.807406079634,239.283937428571,395.064590832078,371.298194664624
30.1925514365926,27.7600803171372,32.0133355061257,30.9442158522027,58.570783703771,33.6246831453466,32.651143667372,49.9788355734308,18.0781403114888,23.6008333816562,38.4750171623746,51.9165669255449,58.7329165891595,15.0603350975455,58.8048088398082,23.8928261601702,38.3200139529117,16.7407408674139,29.9697008060157,37.7396975832175,42.9658835959781,41.7306977084086,26.0101249079596,41.8534060103725,41.7697233925003,34.2571441592777,68.9363447007377,20.251762372581,40.8756894670939,59.9705470199228
1.07142464984838,0.45394394208779,1.11594650622965,1.24003003834537,1.3159707257355,1.07545357860749,0.942175457704025,1.13865520388583,1.07749789561376,1.04610048235224,1.19507521747937,1.09250459970076,1.16617980819728,1.03234386792235,1.12705681340731,1.04800852957419,1.07097287933789,1.08495062182692,1.05705493668984,1.11886607117503,1.32214222984317,1.05043478511016,1.15124314439288,1.23450307228609,1.1030389126895,1.13979392609383,1.16949320840672,1.07004968120714,1.3082701790471,1.63071615957404
0.0664244117901944,0.137847424222855,0.0148104606139441,0.0739314670610156,0.0591931650667448,0.150208274747001,0.0713348379834997,0.0541592025199407,0.0197210922581235,0.0492817302877029,0.204557684026668,0.0369536120460907,0.0492888909338944,0.00739648685316752,0.0665124938893769,0.0147821463585842,0.0369623491839093,0.0393813573164152,0.0812860164875246,0.0321635688040942,0.0370241938614981,0.0270476823563968,0.00987234585886654,0.0295835581232495,0.00986655749306919,0.0100253416194391,0.0517542788047649,0.0443678314525187,0.0101984800089667,0.0374333965614824
0.0664219476501557,0.137847394361415,0.0147724078067313,0.0738720485530848,0.0591486852430307,0.15020751825034,0.071334520496066,0.0541573486289053,0.0197194892564312,0.0492815272630196,0.204556880562791,0.0369138445548742,0.0492766255358674,0.00739604036982655,0.0665102455212718,0.0147797767801876,0.0369605062439859,0.0393677519310813,0.0812851138493897,0.0320208158850619,0.0369556375596858,0.0270369980438545,0.00986467213965625,0.0295767736204198,0.0098572847041396,0.00986467208326758,0.0517329158685698,0.0443664048387973,0.00985728472301162,0.0369457824463097
0.0664219476501557,0.137847394361415,0.0147724078067313,0.0738720485530848,0.0591486852430307,0.15020751825034,0.071334520496066,0.0541573486289053,0.0197194892564312,0.0492815272630196,0.204556880562791,0.0369138445548742,0.0492766255358674,0.00739604036982655,0.0665102455212718,0.0147797767801876,0.0369605062439859,0.0393677519310813,0.0812851138493897,0.0320208158850619,0.0369556375596858,0.0270369980438545,0.00986467213965625,0.0295767736204198,0.0098572847041396,0.00986467208326758,0.0517329158685698,0.0443664048387973,0.00985728472301162,0.0369457824463097
0.00740794836622172,0.0542089139972859,0.0147724078067313,0.00741261444682095,0.0492009706484851,0.0468229344515976,0.0393974362023073,0.0246376348127342,0.0197194892564312,0.0492815272630196,0.118032876179541,0.0369138445548742,0.0492766255358674,0.00739604036982655,0.034491999478746,0.0147797767801876,0.0369605062439859,0.0149335237753121,0.0271057532165742,0.00987113619885349,0.0369556375596858,0.0221943912472398,0.00986467213965625,0.00742339164821715,3.59027148988389e-06,0.00986467208326758,0.0295877758951519,0.00739770918801241,0.00985728472301162,0.0369457824463097
0.00739604034379227,0.0542089135703918,0.0147724078067313,0.0073960403417459,0.0491759695194105,0.0468227397502687,0.0393972226038386,0.0246370610727809,0.0197194892564312,0.0492815272630196,0.118032867427701,0.0369138445548742,0.0492766255358674,0.00739604036982655,0.0344918963984355,0.0147797767801876,0.0369605062439859,0.0147724077369276,0.0271056928266944,0.00986467207781061,0.0369556375596858,0.0221856608645794,0.00986467213965625,0.00739604036448327,1.20508047984913e-11,0.00986467208326758,0.0295866287356148,0.00739604034970398,0.00985728472301162,0.0369457824463097
0.00739604034379227,0.000107523329916148,0.0147724078067313,0.0073960403417459,0.0491759695194105,0.0295916491155594,0.0372496990479476,0.0246370610727809,0.0188287334146935,0.0272020585902055,0.00991449209595885,0.0247663172046941,0.0227214327220508,0.00739604036982655,0.0284723640934317,0.0109145136941606,0.0126382443278317,0.0147724077369276,0.0271056928266944,0.00986467207781061,0.0111337125258615,0.0121457454285974,0.00986467213965625,0.00739604036448327,1.20508047984913e-11,0.00986467208326758,0.0198288843229193,0.00739604034970398,0.000324478793231719,0.010871268248593
0.00739604034379227,2.8421709430404e-12,0.0147724078067313,0.0073960403417459,0.0491759695194105,0.0295866286101045,0.0344206879553894,0.0246370610727809,0.0172410209376039,0.0271253843980048,0.00986467207212627,0.0246370610659596,0.00986467206621455,0.00739604036982655,0.0271007838044852,0.00739604033697105,0.0123160725313483,0.0147724077369276,0.0271056928266944,0.00986467207781061,0.00739604033765318,0.00739604033674368,0.00986467213965625,0.0073960403383353,1.20508047984913e-11,0.00986467208326758,0.0196899980060152,0.00739604034970398,1.36424205265939e-12,0.00985728460932478
0.00739604034379227,2.8421709430404e-12,0.0147724078067313,2.58044024121773e-05,9.42968924846355e-05,0.0172361381364681,0.0098650275209593,0.009864673921129,0.00739605014223343,0.0123163386238048,0.00739616086366368,0.00739743022359107,0.000554616221620563,0.00739604036982655,0.0147850248936265,0.00739604033697105,1.03378135918319e-06,0.00108838251435373,0.0196984824460742,0.00986467207781061,0.00739604033765318,0.00739604033674368,0.00743886149530226,0.0073960403383353,1.20508047984913e-11,0.00739631733972601,0.0196899980060152,0.00739604034970398,1.36424205265939e-12,0.00985728460932478
