1294.96341194971,2850.00971803269,1998.28690825974,2482.89622473559,2209.13390125895,3807.96011966274,1934.45075115148,1975.16934966339,3166.40426525189,4635.62320337793,10600.5691542624,2532.16342713179,2715.54940321901,4578.65251430238,3025.22300110651,1773.43070135347,2874.81638431305,3882.88451271551,5291.30244177372,2635.02886015776,1295.0623179648,3624.01326410907,2730.56965039096,2134.58395639715,3343.53762994738,3888.99956353661,3170.12170765138,4417.45588121044,1516.94412287747,1546.79357368876
1294.96341194971,2850.00971803269,1998.28690825974,2482.89622473559,2209.13390125895,3807.96011966274,1934.45075115148,1975.16934966339,3166.40426525189,4635.62320337793,10600.5691542624,2532.16342713179,2715.54940321901,4578.65251430238,3025.22300110651,1773.43070135347,2874.81638431305,3882.88451271551,5291.30244177372,2635.02886015776,1295.0623179648,3624.01326410907,2730.56965039096,2134.58395639715,3343.53762994738,3888.99956353661,3170.12170765138,4417.45588121044,1516.94412287747,1546.79357368876
1294.96341194971,2850.00971803269,1998.28690825974,2482.89622473559,2209.13390125895,3807.96011966274,1934.45075115148,1975.16934966339,3166.40426525189,4635.62320337793,10600.5691542624,2532.16342713179,2715.54940321901,4578.65251430238,3025.22300110651,1773.43070135347,2874.81638431305,3882.88451271551,5291.30244177372,2635.02886015776,1295.0623179648,3624.01326410907,2730.56965039096,2134.58395639715,3343.53762994738,3888.99956353661,3170.12170765138,4417.45588121044,1516.94412287747,1546.79357368876
1294.96341194971,2850.00971803269,1998.28690825974,2482.89622473559,2209.13390125895,3807.96011966274,1934.45075115148,1975.16934966339,3166.40426525189,4635.62320337793,10600.5691542624,2532.16342713179,2715.54940321901,4578.65251430238,3025.22300110651,1773.43070135347,2874.81638431305,3882.88451271551,5291.30244177372,2635.02886015776,1295.0623179648,3624.01326410907,2730.56965039096,2134.58395639715,3343.53762994738,3888.99956353661,3170.12170765138,4417.45588121044,1516.94412287747,1546.79357368876
1294.96341194971,2850.00971803269,1998.28690825974,2482.89622473559,2209.13390125895,3807.96011966274,1934.45075115148,1975.16934966339,3166.40426525189,4635.62320337793,10600.5691542624,2532.16342713179,2715.54940321901,4578.65251430238,3025.22300110651,1773.43070135347,2874.81638431305,3882.88451271551,5291.30244177372,2635.02886015776,1295.0623179648,3624.01326410907,2730.56965039096,2134.58395639715,3343.53762994738,3888.99956353661,3170.12170765138,4417.45588121044,1516.94412287747,1546.79357368876
1294.96341194971,2850.00971803269,1998.28690825974,2482.89622473559,2209.13390125895,3807.96011966274,1934.45075115148,1975.16934966339,3166.40426525189,4635.62320337793,10600.5691542624,2532.16342713179,2715.54940321901,4578.65251430238,3025.22300110651,1773.43070135347,2874.81638431305,3882.88451271551,5291.30244177372,2635.02886015776,1295.0623179648,3624.01326410907,2730.56965039096,2134.58395639715,3343.53762994738,3888.99956353661,3170.12170765138,4417.45588121044,1516.94412287747,1546.79357368876
1206.30197354317,2850.00971803269,1998.28690825974,1912.56612089022,2209.13390125895,3807.96011966274,1934.45075115148,1571.65082040797,3166.40426525189,4635.62320337793,10600.5691542624,2532.16342713179,1445.93231836536,4578.65251430238,3025.22300110651,1773.43070135347,2874.81638431305,3378.29285730721,5291.30244177372,2635.02886015776,1295.0623179648,2468.44183428059,2251.76746161942,2134.58395639715,3343.53762994738,3888.99956353661,1615.76748560215,4417.45588121044,1516.94412287747,1546.79357368876
908.017803037217,1319.51957971376,1317.22274790692,1198.30536876782,1530.58332383916,1958.75342684654,1399.97823509899,1362.31048158413,1551.6551398007,2285.21160737872,2968.62276011389,1559.97964961033,1277.50498639769,2371.65339040819,1704.05673178039,1131.57308603775,1812.34539994182,1904.70098629372,2287.38167807585,1549.96264467981,931.375660951625,1594.84536425838,1503.4470707137,1652.33267126072,1299.15133605722,1921.02642382233,1289.15722785846,2399.95458797979,1066.61622628539,1118.85727860514
634.90630241756,762.426942407914,1031.02696335933,813.194983296713,866.92513552451,1097.35676459203,956.625978222303,725.133049700508,927.549349422713,1708.65198250898,1254.89891421709,1119.04057318921,811.790555081201,1362.58053822419,1032.6043359692,787.86357635978,1370.30229821254,1166.92306482568,917.179248879546,810.791642613589,827.856574714907,1049.31799422298,922.657091207496,1224.02883152997,1172.35080708416,1069.99201914859,835.998065350434,1746.48332946415,824.15698624774,741.974356813129
292.560166782459,367.474045009496,402.257521262326,433.98995664543,416.6610522335,458.256632515804,530.102633862307,322.341271490316,362.566267014332,605.023406714937,514.232675219903,507.691750252165,354.042423490015,721.723072744807,474.750086807937,339.167627360359,588.880039613573,600.289475394131,443.156533279079,517.240956015513,358.298090937589,408.42857653208,360.742532253793,425.597203598556,473.959843986541,403.58154561599,385.779175299237,411.240526866685,507.03204010879,351.935863549952
230.133449958418,253.649907462248,230.668357003398,279.895220619017,245.852042971603,241.698327958604,298.045866856455,248.051135050472,229.998167724891,280.624990345619,240.374178423519,327.023247310993,249.946365844554,268.181476160068,234.649404459085,288.127053023815,251.457379470157,248.03390638248,262.999865069574,264.54340903288,249.562681902785,255.073107418005,213.500364694286,312.59836496592,285.970375225779,234.474621352442,279.82966826604,210.870993684971,347.915202313302,220.64896626427
224.529899933625,213.355822393574,217.431216670964,204.211887075481,245.852042971603,53.3164983021782,42.1825886105128,230.943759698854,227.089826163774,195.908769615565,224.938310934233,50.5222310560573,208.717454725741,60.6838102147938,146.977046313313,230.034541821929,176.36691295818,79.4223485216075,224.379925068199,99.0439111718201,47.4768686878033,219.028962436389,193.338404523293,32.9920361741192,207.731774982823,34.5773634015213,205.345990180063,106.9731695111,64.5648090962725,213.924790828037
182.776551472051,12.9600210023104,207.494193113185,15.940506435355,195.909078580704,20.8951528033301,25.8692398122469,18.3988863235018,13.7848634691159,10.5110087509088,18.0044995832943,18.9099964433992,184.87139426191,26.8650158459682,16.9210511994927,12.0643663238138,11.953657987382,28.8744054337776,201.755680668844,93.5260281000219,44.773420830865,9.16565268312343,193.338404523293,25.8691772001653,27.5181616315454,12.9347767642262,205.345990180063,12.9369734831021,13.933424835667,16.4106529790861
166.85534315114,12.9344677422137,9.94959179049533,15.9193398756797,13.9294221117743,20.8941301233228,25.8689254088215,8.95463151385343,10.9445496282322,9.94959057098913,17.9092630276823,18.9042120091358,7.95967246925079,26.8638844660127,16.9142989328425,11.9395036473011,11.9395086851421,28.8537975422491,8.95463197431877,93.5259090505101,44.7731223044746,4.97479528551276,26.9647608629234,25.8689203709826,24.8739663517583,12.9344677422221,13.930150508306,12.9344677422218,13.9294267993284,12.9344677422612
5.971147104181,3.97983622837614,6.96471339965319,5.96975434256228,6.96471339965319,5.02089717040258,8.31974007077019,6.96471339965342,10.9445496280318,9.94959057093456,4.97479528546774,11.9395086851259,7.9596724567466,8.95463151384297,9.94959057094388,11.9395036473011,4.08961571883265,5.60889723255877,8.95463151385184,12.9344677422146,5.96975434256024,3.97983622841434,11.9395086855739,4.01932494277389,19.899176104047,9.9495905709332,8.95463151730019,6.96471339965319,4.97785852150446,11.9395086851216
0.994959057093183,0.994959057093411,1.98991811418682,0,2.27373675443232e-13,0.994959057093638,2.98487717128,0.994959057093411,0.994959057093411,0.994959057093411,0.994959057093411,2.98487717128,1.98991811418682,2.27373675443232e-13,1.98991811418728,2.27373675443232e-13,0,1.86044952110365,0.994959057093411,0,0.994959057093411,2.27373675443232e-13,0.994959057093411,2.27373675443232e-13,1.98991811418659,5.96975434256001,0.994959057093411,0.994959057093411,0.00366315290352759,0
