15770.8729204602,15154.7705260289,15749.1461623216,16482.4945686051,15906.9693868573,15410.7667138397,16518.7204852699,16235.9378648473,16023.9165340422,16404.3767916942,15710.992558444,15649.0161410504,13810.0554540319,15620.1980160066,16460.9191849294,15313.0667553253,16134.0189228626,15913.0468280905,15876.9789125776,14326.0896077858,15425.3316366094,15707.684124951,15737.1427214847,15649.3124772912,15689.9461655317,14780.024086197,15407.2806280545,15740.2292012157,15518.0180160984,15551.0343810916
15122.6014935938,14753.8907338736,14295.1881636477,15881.1280663649,15671.8113858309,15410.7667138397,15954.8999211925,14849.9728829758,14889.671316469,15646.3059622711,15449.0312815976,15649.0161410504,13810.0554540319,15151.6844222705,15665.9832067584,10873.5411124569,15701.8566819979,15448.518927409,14665.6944425783,7659.94618183909,11395.5822009387,13825.9922560714,15414.9717583009,15460.4628784167,15689.9461655317,14780.024086197,15407.2806280545,14128.94095279,14656.7706972657,15551.0343810916
9449.8525402616,14753.8907338736,8301.60372198088,15840.5975465011,15671.8113858309,13280.9071581286,14964.0899455612,10176.8951799827,14837.9358865184,14480.4718922102,15449.0312815976,15088.3619801395,13810.0554540319,15151.6844222705,14987.8174886564,7258.06797336982,15007.3635354083,15448.518927409,14665.6944425783,7028.59864915665,6406.83760928784,13825.9922560714,15414.9717583009,15450.1001440742,15043.2936961912,14780.024086197,14947.7288000235,14128.94095279,14656.7706972657,15551.0343810916
6292.37179760534,14359.1551218661,7184.93959903078,15059.9150681233,14714.3217985658,6706.78718267008,14932.8063408928,6737.73004176032,14837.9358865184,6681.19516529874,14968.1366977752,15088.3619801395,13810.0554540319,15151.6844222705,14686.2648567024,6506.55056525423,14765.7261591807,14836.9824903269,14665.6944425783,6845.03909885836,5870.96908476939,7528.04100379994,15335.5146374673,15337.0320014225,14696.5965731069,14780.024086197,14947.7288000235,14128.94095279,14656.7706972657,15551.0343810916
5446.87424186955,14359.1551218661,7157.00108465334,14894.9906493139,14714.3217985658,4084.46699920313,14809.2959970711,6571.83631961987,14685.6369500585,5946.57243067827,14968.1366977752,15086.809963899,13810.0554540319,14884.9900296228,14686.2648567024,6465.13214707148,14765.7261591807,14626.132657963,14243.4692600592,6696.34962481871,5723.41870021896,6979.70615831766,8300.50368174191,14276.7539054669,14696.5965731069,14780.024086197,14866.9851309718,14128.94095279,14535.6896709149,14695.3698042252
5382.40574655484,7171.60795200311,7156.99821582905,14849.6813689001,14555.6245366896,4078.26834335352,14809.2959970711,6571.44490307149,14406.3042768342,5937.69271889639,14968.1366977752,14551.6186044844,13810.0554540319,14884.9900296228,14686.2648567024,6463.79131446248,14436.134434832,8043.67318767885,14243.4692600592,6682.1648115412,5705.94499432792,6973.15759635518,7584.01999132368,6572.73726115146,13046.9326976637,14566.7316694889,14222.9948516915,14128.94095279,14231.9200807117,7055.06344989596
5381.73346118486,5612.18780850588,7156.99821582905,6541.09048509868,6136.25779828065,4078.26834051745,7269.10953406686,6571.44490299636,14406.3042768342,5937.55342957422,14968.1366977752,14551.6186044844,13810.0554540319,14081.594299506,14686.2648567024,6463.77249977694,12802.2333496134,8043.6448174688,9857.05345742923,6681.48235228047,5705.43017508034,6973.04086350909,7574.47726404187,6570.99026292297,13046.9326976637,14280.4901902675,14222.9948516915,14128.94095279,14231.9200807117,7014.39104800977
5381.68260290134,5605.31581439984,7156.99821582905,6537.56281955567,6130.12265498127,4078.26834051745,7087.25019574554,5662.06209536639,14406.3042768342,5937.54788919948,7293.19603611669,7379.59204669812,13810.0554540319,14081.594299506,14686.2648567024,6463.77211616228,12802.2333496134,8043.64481746247,5288.79336398908,6681.46854226709,5705.41923890087,6973.03971747777,7574.18440691156,6570.97771442017,13046.9326976637,14280.4901902675,14222.9948516915,6767.34561109255,6710.69284887732,7013.46319815807
5381.67826462802,5605.03528211616,7156.99821582905,6537.56281953884,6129.99670573703,4078.26834051745,7085.37255194713,5151.73796998008,5073.01860530354,5937.5477114081,6411.3694640285,7279.98152301636,13810.0554540319,6230.75930921521,14203.5647479142,6463.77211616228,12802.2333496134,6320.74746400156,5282.5947376728,6681.46838374267,5705.41910604477,6973.03971747777,7574.1758132623,6570.97758474783,13046.9326976637,6519.96058464848,13876.2532085621,6760.86392507248,6698.68624035873,7013.43641580083
5381.67819482278,5605.02407300292,7156.99821582905,6537.56281953884,6129.99473199724,4078.26834051745,7085.22452487471,5151.73785343258,4492.30099403869,5937.5477114081,6410.09949690826,7278.14233525209,13810.0554540319,6230.75927322642,14203.5647479142,6463.77211616228,12802.2333496134,6250.4741988726,5282.16693267627,6681.46838374267,5705.41910604477,6973.03971747777,7574.17551676392,6570.97758474783,6606.22771252324,6519.86338969467,13876.2532085621,6760.8424170957,6698.68624035548,7013.43449413383
5381.67819482278,5605.02382895561,7156.99821582905,5694.58347480607,6129.99473199724,4078.26834051745,7085.21760985492,5151.73785343258,4491.472989815,5893.67601223258,6410.08181660025,7278.11520587132,13810.0554540319,6230.75927322642,13931.6771750943,6463.77211616228,12802.2333496134,6250.35941458595,5282.14775569042,6681.46838374267,5705.41910604477,6973.03971747777,5807.55381516463,6570.97758474783,6582.85612215201,6519.86338969467,6962.53304688204,6760.84234415509,6698.68624035548,6116.6321513631
5381.67819482278,5605.02382895561,4129.27678577615,5680.9551379928,6129.99473199724,4078.26834051745,7085.21742831778,5151.73785343258,4491.46397674455,5893.67441897532,4887.27670664272,7278.11423139095,13320.6278819168,6230.75927322642,5490.65900018583,5328.55887007518,7789.80231043044,6250.35908024018,5282.14760742196,6681.46838374267,5705.41910604477,5937.38711785208,5799.40536376711,6570.97758474783,5958.65054408963,6519.86338969467,6962.53303327387,6760.84234415509,6698.68624035548,6053.28303580801
5381.67819482278,5605.02382895561,3807.88351355522,5680.95012602566,6129.99473199724,4078.26834051745,5686.563783367,5151.73785343258,4491.46397674455,5893.67441897532,4827.83965035357,7278.11423139095,4958.78993583626,6230.75927322642,5481.64169058204,5325.01715393838,6122.45998379821,5766.8098407936,5282.14760742196,6681.46838374267,5705.41910604477,5922.16272715784,5799.40392198884,6570.97758474783,5956.72024679812,6519.86338969467,4849.8143429371,6760.84234415509,6698.68624035548,6053.27848093877
5381.67819482278,5605.02382895561,3807.88351348219,5680.95012602566,6129.99473199724,4078.26834051745,5682.83383368648,5151.73785343258,4491.46397674455,5893.67441897532,4827.81747891774,4730.33597159227,4958.78993583229,6230.75927322642,3776.89203621501,5325.01503694688,6122.45998379821,5766.80984075397,5282.14760742196,6681.46838374267,5705.41910604477,5186.99801746215,5799.40392198884,6570.97758474783,5956.71860392068,6519.86338969467,4849.79488309853,6760.84234415509,6698.68624035548,6053.27848093877
