4.93490532133637,5.37135988243426,4.52737650468748,4.55238239558639,5.27552055168417,5.6611448498229,5.05306338765718,6.33768906711748,6.04668589702123,5.33028160483059,4.54638054155362,4.93667684375714,3.88575847697894,5.00748663402783,5.65205326499972,5.34065875565034,5.12997999472827,4.52790027107676,5.83401328634045,5.51847158370333,5.36721134543404,5.42729118928196,4.58694156655611,5.03679339974951,4.82232447155002,5.12131930841429,4.75907959048027,5.86566954105137,4.75786517829783,4.86047182771154
4.93490532133637,4.65752856469157,4.52737650468748,4.55238239558639,4.57710520148885,5.6611448498229,5.05306338765718,5.00493931863502,5.1890805994683,4.65827858953867,4.54638054155362,4.93667684375714,3.88575847697894,5.00748663402783,4.95605223266602,5.04946491810597,5.12997999472827,4.52790027107676,4.42839377019868,5.51847158370333,4.4976367215545,5.34575981627154,4.58694156655611,5.03679339974951,4.82232447155002,4.76299490974657,4.75907959048027,4.13964468778681,4.75786517829783,4.86047182771154
4.93490532133637,4.65752856469157,4.52737650468748,4.13884689767315,4.57710520148885,5.08604530850926,5.05306338765718,5.00493931863502,5.1890805994683,4.65827858953867,4.54638054155362,4.93667684375714,3.88575847697894,5.00748663402783,4.95605223266602,5.04946491810597,5.12997999472827,4.52790027107676,4.42839377019868,5.4118599274459,4.4976367215545,4.62144350934432,4.58694156655611,5.03679339974951,4.82232447155002,4.76299490974657,4.75907959048027,4.13964468778681,4.75786517829783,3.95349980218612
4.85007637089848,4.65752856469157,4.52737650468748,4.13884689767315,4.57710520148885,4.16728978324613,5.05306338765718,4.56928550643534,4.63379142161216,4.65827858953867,4.48784973122201,4.93667684375714,3.88575847697894,5.00748663402783,4.95605223266602,5.02799280347881,5.12997999472827,4.52790027107676,4.00629693913834,4.68450454456183,4.4976367215545,4.50973732812963,4.58694156655611,4.68881032999866,4.44241992076036,4.76299490974657,4.43569464422217,4.13964468778681,4.55940762775117,3.95349980218612
4.0966980481885,4.54816458877326,4.52737650468748,4.13884689767315,4.57710520148885,4.16728978324613,5.01724022697567,4.56928550643534,4.49907965588727,4.62783274658727,4.48784973122201,4.61774249201108,3.88575847697894,4.51972613660269,3.8432329926186,4.72134943681613,4.40503219770244,3.43903793048571,4.00629693913834,4.06592321134099,2.94298209659314,4.26127883374761,4.26409691273489,4.33828901902825,4.44241992076036,4.42032228604103,3.71179771282164,4.13964468778681,4.07698484131129,3.77979796335194
4.0966980481885,4.54816458877326,4.52737650468748,4.13884689767315,3.77048754301768,3.48942555061103,4.35636344378031,4.14475424800685,3.69291494638037,3.56166304868111,4.24252355964427,4.19886424501919,3.88575847697894,4.22012120503382,3.8432329926186,4.50470825920411,3.65027797401058,3.43903793048571,4.00629693913834,4.06592321134099,2.94298209659314,4.15178003030519,4.26409691273489,4.33828901902825,4.24104624563643,4.20659398384896,3.71179771282164,4.13964468778681,4.07698484131129,3.49195138880145
3.83497319450407,4.22812294096684,4.07155790161073,4.13884689767315,3.77048754301768,3.48942555061103,4.35636344378031,4.14475424800685,3.69291494638037,3.56166304868111,4.24252355964427,4.19886424501919,3.88575847697894,4.22012120503382,3.8432329926186,4.04264690202262,3.65027797401058,3.43903793048571,3.89395292923359,3.8327505716336,2.94298209659314,4.15178003030519,4.26409691273489,4.33828901902825,4.24104624563643,4.20659398384896,3.71179771282164,4.13964468778681,4.07698484131129,3.49195138880145
3.83497319450407,4.22812294096684,4.07155790161073,4.13884689767315,3.40901131313876,3.48942555061103,4.30397356518279,4.14475424800685,3.69291494638037,3.56166304868111,2.5757396153067,4.19886424501919,3.88575847697894,4.22012120503382,3.8432329926186,4.04264690202262,3.65027797401058,3.43903793048571,3.61573251192863,3.8327505716336,2.94298209659314,4.15178003030519,3.98113586215231,4.33828901902825,4.24104624563643,4.20659398384896,3.71179771282164,4.13964468778681,4.07698484131129,3.49195138880145
3.83497319450407,4.22812294096684,4.07155790161073,4.13884689767315,3.40901131313876,3.48942555061103,4.30397356518279,3.7346311645324,3.47695108359244,3.368747215962,2.5757396153067,4.19886424501919,3.88575847697894,4.22012120503382,3.8432329926186,3.41253658764322,3.65027797401058,3.43903793048571,3.61573251192863,3.8327505716336,2.94298209659314,3.8662310022487,3.98113586215231,4.33828901902825,4.17426550282039,3.86086501189811,3.71179771282164,3.82010045201332,4.07698484131129,3.49195138880145
3.83497319450407,3.91318547845822,4.07155790161073,4.13884689767315,3.40901131313876,3.48942555061103,4.30397356518279,3.7346311645324,3.47695108359244,3.368747215962,2.5757396153067,4.19886424501919,3.88575847697894,4.11092808475064,3.8432329926186,3.41253658764322,3.65027797401058,3.43903793048571,3.18471091652623,3.3988564194035,2.94298209659314,3.8662310022487,3.90807884382934,4.33828901902825,3.79344109751173,3.86086501189811,3.71179771282164,3.82010045201332,4.07698484131129,3.49195138880145
3.83497319450407,3.91318547845822,4.07155790161073,4.09297774301081,3.40901131313876,3.48942555061103,4.30397356518279,3.7346311645324,3.28605597685055,3.368747215962,2.5757396153067,3.52599751022376,3.88575847697894,3.53825206746433,3.8432329926186,3.41253658764322,3.65027797401058,3.43903793048571,3.18471091652623,3.3988564194035,2.94298209659314,3.26418379889674,3.57934396433484,3.49531670274814,3.79344109751173,3.78543997142583,3.71179771282164,3.82010045201332,4.07698484131129,3.49195138880145
3.83497319450407,3.91318547845822,3.12219936935276,4.09297774301081,3.40901131313876,3.48942555061103,4.30397356518279,3.7346311645324,3.28605597685055,3.368747215962,2.5757396153067,3.40032677546196,3.20399115538635,3.53825206746433,3.8432329926186,3.41253658764322,3.65027797401058,3.43903793048571,3.18471091652623,3.3988564194035,2.94298209659314,3.26418379889674,3.57934396433484,3.49531670274814,3.79344109751173,3.78543997142583,3.71179771282164,3.82010045201332,4.07698484131129,3.49195138880145
3.83497319450407,3.91318547845822,3.12219936935276,3.42479054805813,3.40901131313876,3.48942555061103,3.9450251964563,3.7346311645324,3.28605597685055,3.368747215962,2.5757396153067,3.40032677546196,3.20399115538635,3.53825206746433,3.8432329926186,3.41253658764322,3.65027797401058,3.43903793048571,3.18471091652623,3.3988564194035,2.94012861354531,3.26418379889674,3.57934396433484,3.49531670274814,3.79344109751173,3.78543997142583,3.56616946379518,3.82010045201332,4.07698484131129,3.49195138880145
3.83497319450407,3.91318547845822,3.12219936935276,3.42479054805813,3.40901131313876,3.48942555061103,3.9450251964563,3.7346311645324,3.28605597685055,3.368747215962,2.5757396153067,3.40032677546196,3.20399115538635,3.53825206746433,3.8432329926186,3.41253658764322,3.65027797401058,3.43903793048571,3.18471091652623,3.3988564194035,2.94012861354531,3.26418379889674,3.20930777643889,3.49531670274814,3.79344109751173,3.78543997142583,3.56616946379518,3.82010045201332,3.86620056482229,3.49195138880145
