224.967931946549,242.780106855403,223.894636962051,224.749663200146,212.630583834649,233.484450033171,238.71672398572,221.848030304573,235.118751387302,225.560028843878,210.515257580872,224.599411872265,248.848926150263,204.445459818429,233.757586900558,239.133233994152,182.344360202685,236.544300837896,228.074361808765,211.847036277161,235.580818533806,230.772924587243,223.092079611519,194.822255903249,244.27487699186,215.33586169226,231.836642605872,219.137157082438,193.171448129015,222.536733724901
209.958926265439,224.747668501352,205.284401946542,224.749663200146,207.157687535053,218.59490163893,207.870409243861,212.277759073242,235.118751387302,225.560028843878,203.153479117858,209.662402898235,210.743325491277,204.445459818429,213.98315450066,213.076365918383,182.344360202685,214.049083844935,222.440856814273,211.847036277161,235.580818533806,211.498097260555,215.882060417541,194.822255903249,220.216992138867,215.33586169226,227.551453411071,219.137157082438,193.171448129015,218.614931409463
209.958926265439,224.747668501352,205.284401946542,220.112330604686,207.157687535053,214.412502204514,207.870409243861,212.277759073242,192.597777685673,225.560028843878,203.153479117858,207.193739962179,210.743325491277,204.445459818429,213.98315450066,213.076365918383,182.344360202685,198.732911839455,210.329091224402,211.847036277161,229.198895741677,211.498097260555,212.040891679329,194.822255903249,220.216992138867,215.33586169226,223.696692795384,219.137157082438,193.171448129015,218.614931409463
209.958926265439,200.901647267161,197.741398003662,202.069942450248,207.157687535053,214.412502204514,207.870409243861,205.078761251174,192.597777685673,225.560028843878,203.153479117858,204.752216046815,202.845536114236,204.445459818429,198.797333736997,213.076365918383,182.344360202685,198.732911839455,196.37145063084,203.61033286964,211.150656694214,209.090775722408,207.747369986226,194.822255903249,216.981684487207,192.235187365902,217.828707665011,219.137157082438,193.171448129015,200.566081971053
209.958926265439,200.901647267161,185.116161342038,202.069942450248,199.946831767147,214.143095845356,207.870409243861,205.078761251174,192.597777685673,198.300939161889,203.153479117858,200.76344848286,200.519200368019,193.569282745019,198.797333736997,201.664247520041,182.344360202685,198.732911839455,192.413334732127,203.61033286964,206.224555519891,197.448945019963,207.747369986226,193.16045294222,210.880338725101,192.235187365902,217.828707665011,201.35788681524,193.171448129015,200.566081971053
203.076493817012,39.5809595870237,182.104937741099,197.109333649841,199.946831767147,192.79758645982,191.946207583329,198.106553847126,192.597777685673,192.717380826059,196.951057034852,196.364195371657,189.27913896067,193.569282745019,183.172917506319,201.664247520041,182.344360202685,183.908240319205,192.413334732127,40.6037790033724,206.109016246245,197.448945019963,204.561322197641,193.16045294222,209.894268357446,192.235187365902,199.96950821083,200.161853540607,193.171448129015,200.566081971053
197.742358546844,39.5675475099838,182.104937741099,197.109333649841,199.946831767147,192.79758645982,186.710831765117,198.106553847126,192.597777685673,192.717380826059,196.951057034852,196.364195371657,189.27913896067,164.827857745388,183.172917506319,195.526361633662,182.344360202685,183.908240319205,177.779922798178,37.945322244399,196.558699597947,197.448945019963,185.9658464191,193.16045294222,192.622246877861,192.235187365902,38.5484098697696,198.380415614275,192.708477989045,183.221096304116
197.742358546844,39.5675475099838,182.104937741099,197.109333649841,199.946831767147,192.79758645982,186.710831765117,198.106553847126,183.380236745539,188.785902036116,183.210000438552,160.068797630222,189.27913896067,164.827857745388,183.172917506319,195.526361633662,182.344360202685,183.908240319205,177.779922798178,37.945322244399,187.910658518646,197.179416334304,183.156197051114,193.16045294222,192.622246877861,192.235187365902,38.5484098697696,198.380415614275,192.708477989045,183.221096304116
197.742358546844,39.5675475099838,182.104937741099,184.442594209748,199.603497720857,192.79758645982,186.710831765117,194.774744292737,183.380236745539,188.785902036116,183.210000438552,160.068797630222,189.27913896067,164.827857745388,183.172917506319,195.526361633662,182.344360202685,183.908240319205,177.779922798178,37.945322244399,187.910658518646,174.935628445506,183.156197051114,193.16045294222,188.211052930458,192.235187365902,38.5484098697696,181.676210144232,192.708477989045,183.221096304116
191.499103974436,39.5675475099838,182.104937741099,181.57913383544,199.603497720857,192.79758645982,186.710831765117,194.774744292737,183.380236745539,188.785902036116,183.210000438552,160.068797630222,189.27913896067,164.827857745388,183.172917506319,195.526361633662,175.646371442665,183.908240319205,177.779922798178,37.945322244399,187.910658518646,174.935628445506,183.156197051114,160.221926807451,179.026015910949,192.235187365902,38.5484098697696,181.676210144232,192.708477989045,183.221096304116
188.118972611954,39.5675475099838,182.104937741099,35.4121286054176,199.603497720857,192.79758645982,186.710831765117,188.48967379448,183.380236745539,188.785902036116,183.210000438552,160.068797630222,189.27913896067,164.827857745388,183.172917506319,195.526361633662,175.646371442665,183.908240319205,177.779922798178,37.945322244399,187.910658518646,174.935628445506,67.801605048026,160.221926807451,40.726638405939,192.235187365902,38.5484098697696,181.676210144232,192.708477989045,183.221096304116
188.118972611954,39.5675475099838,182.104937741099,35.4121273301973,199.603497720857,192.79758645982,186.710831765117,188.48967379448,183.380236745539,187.469323058584,183.210000438552,160.068797630222,189.27913896067,164.827857745388,166.378530598775,195.413794970548,175.646371442665,183.908240319205,177.779922798178,37.945322244399,187.910658518646,174.935628445506,39.7842332758005,160.221926807451,40.1481120176302,176.417848651831,33.7390923229295,38.8932864608546,185.932909767031,183.221096304116
188.118972611954,39.5675475099838,182.104937741099,35.4121273301973,165.338364043471,192.431320924346,37.8078352000707,188.48967379448,180.683285954509,187.469323058584,183.210000438552,160.068797630222,185.299163896193,164.827857745388,166.378530598775,195.413794970548,175.646371442665,183.908240319205,177.779922798178,37.945322244399,175.830320100004,174.935628445506,39.7842332758005,160.221926807451,40.1481120176302,176.417848651831,33.7386376012005,38.8932864603021,185.932909767031,183.221096304116
182.216478256419,39.5675475099838,174.258683865356,35.4121273301973,165.338364043471,159.492675313497,37.8078352000707,188.003169821441,180.683285954509,174.490470262156,162.397313250904,160.068797630222,185.299163896193,164.827857745388,166.378530598775,188.453589501086,175.646371442665,183.908240319205,177.779922798178,37.945322244399,175.830320100004,174.935628445506,39.7842332758005,160.221926807451,40.1481120176302,176.417848651831,33.7386376012005,38.8932864603021,185.000482483415,183.221096304116
