10946.4258402481,11569.6751706867,11962.3558053453,11169.3759827293,10537.9720730503,9885.41302922699,10725.2767858525,11179.8157265496,11243.2656203942,11554.7985024478,11192.8369268764,11562.9563298543,11094.156243372,10580.5224758924,10733.9200859016,10536.5789199151,10437.1749793974,9960.45493395044,10854.3398291763,11058.5262853505,10568.8001352603,10341.9241763704,9930.78572117194,10880.6413135246,10983.067203175,10126.9014832051,10938.6171550738,10280.166311825,10233.5131403586,10721.5858479311
10946.4258402481,11569.6751706867,11962.3558053453,11169.3759827293,10537.9720730503,9885.41302922699,10725.2767858525,11179.8157265496,11243.2656203942,11554.7985024478,11192.8369268764,11562.9563298543,11094.156243372,10580.5224758924,10733.9200859016,10536.5789199151,10437.1749793974,9960.45493395044,10854.3398291763,11058.5262853505,10568.8001352603,10341.9241763704,9930.78572117194,10880.6413135246,10983.067203175,10126.9014832051,10938.6171550738,10280.166311825,10233.5131403586,10721.5858479311
10946.4258402481,11569.6751706867,11962.3558053453,11169.3759827293,10537.9720730503,9885.41302922699,10725.2767858525,11179.8157265496,11243.2656203942,11554.7985024478,11192.8369268764,11562.9563298543,11094.156243372,10580.5224758924,10733.9200859016,10536.5789199151,10437.1749793974,9960.45493395044,10854.3398291763,11058.5262853505,10568.8001352603,10341.9241763704,9930.78572117194,10880.6413135246,10983.067203175,10126.9014832051,10938.6171550738,10280.166311825,10233.5131403586,10721.5858479311
10946.4258402481,11569.6751706867,11962.3558053453,11169.3759827293,10537.9720730503,9885.41302922699,10725.2767858525,11179.8157265496,11243.2656203942,11554.7985024478,11192.8369268764,11562.9563298543,11094.156243372,10580.5224758924,10733.9200859016,10536.5789199151,10437.1749793974,9960.45493395044,10854.3398291763,11058.5262853505,10568.8001352603,10341.9241763704,9930.78572117194,10880.6413135246,10983.067203175,10126.9014832051,10938.6171550738,10280.166311825,10233.5131403586,10721.5858479311
10946.4258402481,11569.6751706867,11962.3558053453,11169.3759827293,10537.9720730503,9885.41302922699,10725.2767858525,11179.8157265496,11243.2656203942,11554.7985024478,11192.8369268764,11562.9563298543,11094.156243372,10580.5224758924,10733.9200859016,10536.5789199151,10437.1749793974,9960.45493395044,10854.3398291763,11058.5262853505,10568.8001352603,10341.9241763704,9930.78572117194,10880.6413135246,9632.8835063342,10126.9014832051,10938.6171550738,10280.166311825,10233.5131403586,10721.5858479311
10946.4258402481,11569.6751706867,11962.3558053453,11048.8780453469,10239.6624125039,9714.56159426258,10725.2767858525,11179.8157265496,11133.4973367162,10388.2263856478,11192.8369268764,11256.3814366006,9880.34954315432,10580.5224758924,10733.9200859016,10462.9025553091,10437.1749793974,9960.45493395044,10298.6274448859,10939.047266166,10332.0206992409,10341.9241763704,9930.78572117194,10161.673829994,9229.07938569125,10126.9014832051,10938.6171550738,10280.166311825,10233.5131403586,10721.5858479311
10687.6150994947,10900.883215009,10814.6436835599,10426.2385660418,10095.2089086465,9256.04924476448,10256.6596680547,9998.76335421709,10585.9091356665,10033.5833705351,10057.9601445722,10648.4549114807,9880.34954315432,9884.54665431865,10553.1407643793,10119.8140503058,9693.70057890179,9960.45493395044,9959.03668369696,9701.23399471285,9998.51180121896,9048.98560420058,9930.78572117194,9732.7305139625,9229.07938569125,10126.9014832051,10904.8642100329,9657.45168560674,10233.5131403586,9247.96295301184
9607.72175933958,10470.2945841765,10814.6436835599,10356.9307159185,9937.75280024563,9256.04924476448,10256.6596680547,9998.76335421709,10140.3820240255,9831.47704702271,9358.85587227278,9859.70928911884,9490.27217928986,9677.74871902579,10545.8543182782,9276.78618493818,9693.70057890179,9960.45493395044,9959.03668369696,9701.23399471285,9998.51180121896,9048.98560420058,9804.51668088163,9364.90035911642,9229.07938569125,9714.30237586682,10804.5004850738,9168.02023638408,9633.65623287845,9247.96295301184
9017.98711241415,9702.80345518959,10460.60685506,8754.01769066361,9805.07341250117,8847.12830055045,10256.6596680547,9920.29913591882,9814.19690474995,8745.96884397478,9358.85587227278,9859.70928911884,9490.27217928986,9677.74871902579,8510.48154365461,9276.78618493818,9515.87782877381,9102.22117843454,9417.9907731466,9230.54193005693,8843.39643537219,9048.98560420058,8887.09695559483,9364.90035911642,9171.13553295842,9559.58649539141,9875.17638059794,8742.74210863171,9633.65623287845,8738.17728206353
7687.41540193622,9519.48759883243,9976.45383064181,8754.01769066361,8759.91034120551,8847.12830055045,9501.36347808731,7752.68684513711,8735.63760510951,8434.18981882356,9311.71290644438,8751.70840442801,9057.15934575773,8994.57642774618,8510.48154365461,9276.78618493818,8839.42913002725,8862.92356601272,8147.66872781529,8834.25569202975,8353.11283252049,9048.98560420058,8887.09695559483,8824.71589276038,8547.41592961465,9559.58649539141,8527.30153811656,8002.00268187042,9073.95371503258,8738.17728206353
2968.10289163068,9086.86385469959,9015.20297187543,8593.47452218304,8632.829494642,8597.8390107344,9501.36347808731,7752.68684513711,8735.63760510951,8434.18981882356,8340.29396663967,3514.25796444756,8322.31229417876,8486.19397822927,7642.47554562419,8663.29076410318,8839.42913002725,8862.92356601272,8147.66872781529,7399.60135197126,8353.11283252049,9048.98560420058,8433.80218477908,8499.78081744011,7445.48308125913,9321.73528148142,8527.30153811656,7785.32763216818,7473.12466136921,8105.7326308654
2943.95154555556,8213.90612444668,8470.14540812738,8593.47452218304,8632.17296993924,7725.85321083987,9009.8857052922,7359.96293580328,8549.84863027977,8434.18981882356,6893.9735656544,3175.87263437261,8322.31229417876,4297.68362068268,3395.75761729805,8663.29076410318,8839.42913002725,8712.75545199687,8147.66872781529,7399.60135197126,6750.76145885681,9033.68999876077,8433.80218477908,7449.6135647294,7445.48308125913,7241.84339816888,8527.30153811656,7785.32763216818,5724.85915045392,8105.7326308654
2943.95141355271,6973.73902729183,8387.78595906405,7433.34543068801,8299.12714679578,7668.71952036064,3748.87638193527,7359.96293580328,8549.84863027977,8118.15745303159,4580.09852239071,3171.3338718886,8264.90563264832,4267.71557889431,3394.41109837103,2956.6806478687,8158.14648843306,8361.13769995357,7698.35584207163,7399.60135197126,6750.76145885681,8158.070391462,8353.17486854198,7449.6135647294,7445.48308125913,3887.82488904464,7577.01389585158,7736.22412734935,4374.27343970048,3382.98784710068
2943.95141355271,6894.00572689304,1869.69308756316,7433.34543068801,8299.12714679578,7052.00292536686,3748.55794953874,6338.82430206652,8125.82801033841,7906.52243376188,4580.0985223672,3171.30849035163,8264.90563264832,4267.2906545404,3394.41109837103,2935.29863877713,4321.23108872954,8326.28937592978,7698.35584207163,7399.60135197126,6750.76145885681,8158.070391462,8069.24463541247,7352.82042015279,7445.48308125913,3835.18893337322,7577.01389585158,3685.89179808276,4374.27007294181,3382.98696888322
2943.95141355271,3033.7367118003,1869.69308756316,1857.2928068839,7597.82448335037,6971.65022950117,2278.90898684556,4409.2218854543,2075.33207416661,5702.29882258282,3904.64402766574,3013.49223575507,7410.32147559724,1878.004280329,3394.41109837103,2935.29857204592,4321.22951426916,1922.47456903112,2636.62243229181,7399.60135197126,3285.90309392929,2705.61882604331,3803.82121142571,6613.14843819774,6896.53551645955,3835.18893337322,1650.69759761126,1405.95715230309,1665.86590556273,3382.98696888322
1565.4353168801,1921.44373754292,1615.6217639555,1857.2928068839,1321.47445082472,2062.45025195008,1702.14515047474,2285.7739649008,1421.08301766451,2555.80480673642,3255.77256214394,1960.5089518545,1508.42478785309,1878.004280329,1235.8441435996,2079.93621178353,2111.54752845484,1244.74325566245,1723.30908586482,2185.47560964125,2567.48986207741,1363.60570895869,1937.33827962488,2186.37560300351,1538.14452110707,1798.22548384935,1015.21117895524,1405.95715223113,911.662257852875,1549.16506420275
