666.527838461279,833.536177029811,863.762077541676,936.838367501807,785.462373466788,1018.9438093873,932.563208035629,1107.54183845764,782.489058836206,936.439026908208,1293.74697577582,1092.96884509732,698.280611636963,1029.41033584292,958.887810703618,774.032098594488,1062.49544000835,872.947054144262,1203.31646676825,919.848684148019,1120.53410854322,971.554221270684,1121.38346951693,952.32600726366,1110.14222833623,817.671059017857,1300.67552862322,1173.68526616581,1094.27880558026,1270.64652650036
666.527838461279,833.536177029811,863.762077541676,936.838367501807,785.462373466788,1018.9438093873,932.563208035629,1107.54183845764,782.489058836206,936.439026908208,1293.74697577582,1092.96884509732,698.280611636963,1029.41033584292,958.887810703618,774.032098594488,1062.49544000835,872.947054144262,1203.31646676825,919.848684148019,1120.53410854322,971.554221270684,1121.38346951693,952.32600726366,1110.14222833623,817.671059017857,1300.67552862322,1173.68526616581,1094.27880558026,1270.64652650036
666.527838461279,833.536177029811,863.762077541676,936.838367501807,785.462373466788,1018.9438093873,932.563208035629,1107.54183845764,782.489058836206,936.439026908208,1293.74697577582,1092.96884509732,698.280611636963,1029.41033584292,958.887810703618,774.032098594488,1062.49544000835,872.947054144262,1203.31646676825,919.848684148019,1120.53410854322,971.554221270684,1121.38346951693,952.32600726366,1110.14222833623,817.671059017857,1300.67552862322,1173.68526616581,1094.27880558026,1270.64652650036
666.527838461279,833.536177029811,863.762077541676,936.838367501807,785.462373466788,1018.9438093873,932.563208035629,1107.54183845764,782.489058836206,936.439026908208,1293.74697577582,1092.96884509732,698.280611636963,1029.41033584292,958.887810703618,774.032098594488,1062.49544000835,872.947054144262,1203.31646676825,919.848684148019,1120.53410854322,971.554221270684,1121.38346951693,952.32600726366,1110.14222833623,817.671059017857,1300.67552862322,1173.68526616581,1094.27880558026,1270.64652650036
666.527838461279,833.536177029811,863.762077541676,936.838367501807,785.462373466788,1018.9438093873,932.563208035629,1107.54183845764,782.489058836206,936.439026908208,1293.74697577582,1092.96884509732,698.280611636963,1029.41033584292,958.887810703618,774.032098594488,1062.49544000835,872.947054144262,1203.31646676825,919.848684148019,1120.53410854322,971.554221270684,1121.38346951693,952.32600726366,1110.14222833623,817.671059017857,1300.67552862322,1173.68526616581,1094.27880558026,1270.64652650036
666.527838461279,833.536177029811,863.762077541676,936.838367501807,785.462373466788,1018.9438093873,932.563208035629,1107.54183845764,782.489058836206,936.439026908208,1293.74697577582,1092.96884509732,698.280611636963,1029.41033584292,958.887810703618,774.032098594488,1062.49544000835,872.947054144262,1203.31646676825,919.848684148019,1120.53410854322,971.554221270684,1121.38346951693,952.32600726366,1110.14222833623,817.671059017857,1300.67552862322,1173.68526616581,1094.27880558026,1270.64652650036
666.527838461279,833.536177029811,863.762077541676,936.838367501807,785.462373466788,1018.9438093873,932.563208035629,1107.54183845764,782.489058836206,936.439026908208,1293.74697577582,1092.96884509732,698.280611636963,1029.41033584292,958.887810703618,774.032098594488,1062.49544000835,872.947054144262,1203.31646676825,919.848684148019,1120.53410854322,971.554221270684,1121.38346951693,952.32600726366,1110.14222833623,817.671059017857,1300.67552862322,1173.68526616581,1094.27880558026,1270.64652650036
666.527838461279,785.288464654447,863.762077541676,936.838367501807,769.689629780031,804.007055264789,765.067649917112,926.679439150795,782.489058836206,936.439026908208,1293.74697577582,1092.96884509732,698.280611636963,1029.41033584292,958.887810703618,774.032098594488,1062.49544000835,809.425724496116,1203.31646676825,919.848684148019,960.049376735562,971.554221270684,1121.38346951693,952.32600726366,1002.57311049128,817.671059017857,1014.73501801354,1173.68526616581,1049.90567987715,1270.64652650036
650.361296127478,670.387156809227,828.573645784114,802.573924286437,758.554837913111,803.726215102934,693.228020843683,828.98211680976,699.533993896712,769.828165127074,828.693893819443,922.161679276702,698.280611636963,882.447236091879,808.828424860313,733.289733445653,1062.49544000835,690.803513094141,1013.95567898721,804.151772020487,831.76354944629,819.827861599393,917.185004441916,952.32600726366,872.354663486974,734.610598094989,839.600559774324,883.629532176565,902.448385179241,1229.03901471393
595.812357702838,598.286959402888,742.182696449287,711.498564721063,654.275173676901,635.217028781806,595.143903956426,626.092525086567,620.986639594468,638.824023088992,655.188792232363,738.636209464227,635.738489237872,774.112232257397,643.173798804701,657.53593427258,847.944691745977,613.069659529612,876.157451537064,680.655953246842,678.271441611438,683.575579065456,808.784828330578,747.288539269976,714.383019696605,619.338444477554,664.233440267571,720.231913437589,735.201273621089,991.434125375737
542.672799562959,519.662208272918,610.698138623577,620.837368261294,503.853399929328,496.638634479562,518.834243809002,514.597519558017,552.639005565761,539.828278901026,551.70856752119,588.165295466256,536.872129585658,599.864996700213,536.350280633185,602.741657409833,674.470904808954,490.457755279235,636.630953799853,538.169135767839,508.675298994214,520.556837466951,605.178764995934,623.656220490313,555.742978365011,521.963594812197,542.546760621832,561.726048103332,526.947576976943,710.994236953638
461.446919048151,509.70093212441,522.549845583212,509.117233433019,397.07189286193,496.638634479562,518.834243809002,403.759227947556,506.397572711885,484.807311426574,518.364028630816,386.558116559384,501.184107567083,512.949967243853,442.17950199843,505.963961885755,570.402819177108,490.457755279235,507.037852102769,447.286372824199,474.312885235378,487.664001920862,476.756331292913,522.012387311956,452.079666803419,444.367372167497,529.845069797354,507.494657338375,491.865725002681,514.36645492853
461.446919048151,484.70839904713,402.227862240792,419.55401908737,350.776802656642,486.832611977845,473.481441717135,356.470180248413,506.397572711885,349.653118655009,381.949756456793,347.345664569723,377.097751995149,408.743336106095,374.920985207238,395.07731239356,492.038318731977,490.457755279235,395.31805385103,431.371852866433,474.312885235378,391.7575227562,387.335228705539,414.464892955614,377.147972401906,366.105866071125,492.822239964158,429.973754854762,491.865725002681,407.125153569633
461.446919048151,462.585870133823,389.001986141122,322.198236824671,350.7070867278,463.097907881128,473.481441717135,356.371010696946,487.985476986113,347.119952245419,375.776225782417,346.782049745593,374.825867119946,368.091903293802,374.47501471228,346.986929237512,356.466998459256,442.009649466563,386.822567713403,431.371852866433,468.285774694946,372.729420511891,384.532152741482,385.310368020143,376.797358084635,365.683867822253,476.552980870716,429.973754854762,479.004127114936,377.84481977275
376.792078138175,449.220309468757,337.255022098777,322.169105486967,350.7070867278,373.58820524561,375.424922663215,356.371010696946,383.115979872379,347.119952245419,375.776225782417,346.782049745593,347.906475068101,367.859257023315,374.47501471228,346.982814153224,346.340275495008,442.009649466563,360.724368110838,367.145764929185,380.188363551306,372.729420511891,361.364312411763,357.776658855666,376.797358084635,365.683867822253,348.029264091338,429.973754854762,459.136595894633,363.903467916339
375.885318502468,371.115430006354,337.255022098777,322.169105486967,350.7070867278,373.58820524561,375.368715091508,356.371010696946,358.049976714999,347.119952245419,375.776225782417,346.782049745593,347.906475068101,367.859257023315,374.47501471228,346.982814153224,345.962654660171,374.203447899811,356.563115136397,367.145764929185,380.187669435821,372.729420511891,361.364312411763,344.433282569071,376.797358084635,365.683867822253,348.013235240001,363.033793668988,344.35118029165,349.508347887244
