6891.15438698621,10907.8537504667,8154.49140038302,2841.37354167798,2749.18787093775,1707.98710680915,2247.76880506221,3441.64002895567,6508.64947053343,2305.8695175917,9773.4935992283,6524.73611113158,11527.6283794751,10755.2935415856,8459.74272394498,12821.2447364229,4289.75212809396,3359.19552913624,7933.61281824657,4253.12268532556,4690.60253401242,5377.59822703171,9238.72775955803,4086.83305522852,1696.21539648308,3994.37857623559,9053.05589556175,9252.68911475088,8875.60730129879,8455.85481406045
6891.15438698621,10907.8537504667,8154.49140038302,2841.37354167798,2749.18787093775,1707.98710680915,2247.76880506221,3441.64002895567,6508.64947053343,2305.8695175917,9773.4935992283,6524.73611113158,11527.6283794751,10755.2935415856,8459.74272394498,12821.2447364229,4289.75212809396,3359.19552913624,7933.61281824657,4253.12268532556,4690.60253401242,5377.59822703171,9238.72775955803,4086.83305522852,1696.21539648308,3994.37857623559,9053.05589556175,9252.68911475088,8875.60730129879,8455.85481406045
6891.15438698621,10907.8537504667,8154.49140038302,2841.37354167798,2749.18787093775,1707.98710680915,2247.76880506221,3441.64002895567,6508.64947053343,2305.8695175917,9773.4935992283,6524.73611113158,11527.6283794751,10755.2935415856,8459.74272394498,12821.2447364229,4289.75212809396,3359.19552913624,7933.61281824657,4253.12268532556,4690.60253401242,5377.59822703171,9238.72775955803,4086.83305522852,1696.21539648308,3994.37857623559,9053.05589556175,9252.68911475088,8875.60730129879,8455.85481406045
6891.15438698621,10907.8537504667,8154.49140038302,2841.37354167798,2749.18787093775,1707.98710680915,2247.76880506221,3441.64002895567,6508.64947053343,2305.8695175917,9773.4935992283,6524.73611113158,11527.6283794751,10755.2935415856,8459.74272394498,12821.2447364229,4289.75212809396,3359.19552913624,7933.61281824657,4253.12268532556,4690.60253401242,5377.59822703171,9238.72775955803,4086.83305522852,1696.21539648308,3994.37857623559,9053.05589556175,9252.68911475088,8875.60730129879,8455.85481406045
6891.15438698621,10907.8537504667,8154.49140038302,2841.37354167798,2749.18787093775,1707.98710680915,2247.76880506221,3441.64002895567,6508.64947053343,2305.8695175917,9773.4935992283,6524.73611113158,11527.6283794751,10755.2935415856,8459.74272394498,12821.2447364229,4289.75212809396,3359.19552913624,7933.61281824657,4253.12268532556,4690.60253401242,5377.59822703171,9238.72775955803,4086.83305522852,1696.21539648308,3994.37857623559,9053.05589556175,9252.68911475088,8875.60730129879,8455.85481406045
6891.15438698621,10907.8537504667,8154.49140038302,2841.37354167798,2749.18787093775,1707.98710680915,2247.76880506221,3441.64002895567,6508.64947053343,2305.8695175917,9773.4935992283,6524.73611113158,11527.6283794751,10755.2935415856,8459.74272394498,12821.2447364229,4289.75212809396,3359.19552913624,7933.61281824657,4253.12268532556,4690.60253401242,5377.59822703171,9238.72775955803,4086.83305522852,1696.21539648308,3994.37857623559,9053.05589556175,9252.68911475088,8875.60730129879,8455.85481406045
6891.15438698621,10907.8537504667,8154.49140038302,2841.37354167798,2749.18787093775,1707.98710680915,2247.76880506221,3441.64002895567,6508.64947053343,2305.8695175917,9773.4935992283,6524.73611113158,11527.6283794751,10755.2935415856,8459.74272394498,12821.2447364229,4289.75212809396,3359.19552913624,7933.61281824657,4253.12268532556,4690.60253401242,5377.59822703171,9238.72775955803,4086.83305522852,1696.21539648308,3994.37857623559,9053.05589556175,9252.68911475088,8875.60730129879,8455.85481406045
3105.2038882726,7587.29296384804,3575.47369486915,1881.28172863008,2057.92440831001,1707.98710680915,1888.98660862306,2223.85846173332,3315.1135469819,1902.28738068532,2679.41355316343,2088.23710401991,2991.75999011499,4146.59110300081,4118.60970338866,2784.06005687095,2121.16646397504,2068.33038792824,2651.74820534281,2121.39878855682,2089.1066111621,2412.92911256811,4270.47483837365,2367.53907801678,1696.21539648308,2130.06627764893,2804.37131424965,3583.96740914604,3676.85453241664,2942.86309857702
1915.4302061621,5345.49756233142,2082.16252847804,1610.19981334633,1647.47414727931,1707.98710680915,1662.27037217056,1866.45151331897,2057.51694801656,1596.04094050578,2159.73913406108,1742.85104222996,2075.35975933091,1945.53382151701,1862.4340495076,2151.30970524957,1740.33713721841,1744.49974391915,2116.79809302449,1732.44882536816,1727.15760092673,1822.28712965418,2026.96932744587,1884.91466435513,1594.50681572258,1842.84971886395,2091.3410290319,2380.4049468786,2309.98388065785,1948.45724892201
1598.13381731767,1640.77612971702,1554.80556573989,1253.84850363337,1335.12069393496,1474.8912698043,1454.86045039499,1549.72837111952,1544.7933509979,1425.10546753284,1505.82110706897,1456.64589591113,1465.39430143658,1508.31945429737,1661.61644155345,1578.22049409107,1259.42341863439,1370.5521439297,1664.03650703307,1380.02345782755,1416.95352800374,1294.45406875809,1535.72189005528,1584.79390998349,1400.58795246531,1524.34315439842,1646.63350488858,1691.29898196187,1537.84371292982,1526.01704839853
1176.06145621748,1061.03165559222,1101.40119630567,1015.99042457439,1047.78759694816,1111.56422635501,932.784724456415,1259.21848959667,1421.6754640522,944.081310162254,1114.1488041149,786.048934916601,994.006278487684,963.822016265224,997.838193635443,1149.2086563684,859.211478763312,1013.80521816562,1235.41361643314,953.705655735227,971.241934747728,782.319076258238,919.195498251881,1181.19762232322,1215.10258449491,1036.60676476046,1079.30313908711,1036.64158303719,1020.11846022745,892.711261504238
845.431407108614,605.585475331797,825.878497535156,921.841549851715,764.923678228064,808.809561204044,794.145511537099,757.072754222451,705.174464997305,694.156369630768,833.470384979643,593.134924070063,738.081922779537,679.70164509955,619.65454830458,698.223350220731,708.238923689486,883.378009623639,713.459058942845,704.708036838281,736.48235719964,520.210207976443,575.550667276236,834.058328266136,910.744810330242,802.095503262685,720.469538077367,722.301789860423,785.231496282431,675.665999785853
807.244206001015,520.157511462303,786.798858711406,916.583324019203,714.055109275522,793.538280395779,783.767764195009,501.049454811978,614.903989300626,674.861467463179,796.679017558952,571.297280347302,697.956894287348,651.553051654136,597.3778964367,638.157053410783,702.100656588137,871.012733805944,675.864915972043,674.345443486679,717.5578648757,504.188254192363,534.914465499604,797.559036978716,849.69095936846,783.035596687209,657.57844742052,616.175599959095,752.147006856405,648.80682470561
706.667705930355,519.161030161144,556.093797235918,702.214504289655,713.334570560426,779.07574983628,548.581283288232,493.613260988454,613.767748878235,665.741955774046,771.561878782066,571.159298512094,697.712423232672,611.330317386735,597.16343904381,637.761215383954,679.932509548808,602.800896962724,650.813882390295,662.454105851448,627.856805416659,504.135698202947,534.154628983351,557.630036557816,769.864331855146,606.583282862481,656.697957420951,592.285410370704,751.864586340588,648.747938102037
588.300137276447,519.161030161144,543.302128408724,597.432675711047,695.247606184334,487.638890591313,511.708114521433,493.613260988454,607.428204198213,594.616489141976,504.894164467999,448.638737926308,697.712423232672,534.256170095028,550.944938662558,579.969934312019,587.512052183406,583.558961202405,623.735247535936,400.000000005333,591.698341754373,497.217532052399,505.894094234761,479.601100360547,690.999982475519,539.077269302447,599.690483574796,523.344184367672,424.754350672337,628.5247118821
300.003591004273,364.842665587656,335.014807022265,363.589117637571,347.931543856339,309.621567019567,323.530926596713,343.546548875268,322.864121765445,402.255673677588,327.581641507682,350.698104933556,306.63174982546,313.174622737937,362.671902507675,334.091384745724,300.93133927526,415.234416896394,375.678034528803,400.000000005333,315.484729222324,335.813887778345,407.697972983257,385.645366249972,320.114567954163,391.683661690604,454.048177511185,324.430793528567,334.698570823913,307.200405234897
