1.05266737817394e+24,2.23455369515321e+20,3.36517277097579e+29,1.19874971161334e+26,3.54935739314677e+27,8.55583246869982e+21,9.35424403292746e+24,4.10626162321978e+32,3.55456435304188e+35,4.12456009115688e+20,7.95719689409241e+29,1.55113382375498e+20,4.23741146012206e+36,1.15663622840501e+24,53945095760507101184,2.97655822284182e+27,1.01480560226334e+29,7695416720078391296,3.86718768501738e+28,1.47003697230836e+31,4.84756252490688e+25,3.67750815071683e+27,1.04912983259239e+24,7.8520477714749e+22,2.36488674073795e+31,5.44301741390363e+26,9.95337090313084e+22,2.56863090932881e+29,49719510603783077888,3.97398107251149e+25
1.05266737817394e+24,2.23455369515321e+20,3.36517277097579e+29,1.19874971161334e+26,3.54935739314677e+27,8.55583246869982e+21,9.35424403292746e+24,4.10626162321978e+32,3.55456435304188e+35,4.12456009115688e+20,7.95719689409241e+29,1.55113382375498e+20,4.23741146012206e+36,1.15663622840501e+24,53945095760507101184,2.97655822284182e+27,1.01480560226334e+29,7695416720078391296,3.86718768501738e+28,1.47003697230836e+31,4.84756252490688e+25,3.67750815071683e+27,1.04912983259239e+24,7.8520477714749e+22,2.36488674073795e+31,5.44301741390363e+26,9.95337090313084e+22,2.56863090932881e+29,49719510603783077888,3.97398107251149e+25
1.05266737817394e+24,2.23455369515321e+20,3.36517277097579e+29,1.19874971161334e+26,3.54935739314677e+27,8.55583246869982e+21,9.35424403292746e+24,4.10626162321978e+32,3.55456435304188e+35,4.12456009115688e+20,7.95719689409241e+29,1.55113382375498e+20,4.23741146012206e+36,1.15663622840501e+24,53945095760507101184,2.97655822284182e+27,1.01480560226334e+29,7695416720078391296,3.86718768501738e+28,1.47003697230836e+31,4.84756252490688e+25,3.67750815071683e+27,1.04912983259239e+24,7.8520477714749e+22,2.36488674073795e+31,5.44301741390363e+26,9.95337090313084e+22,2.56863090932881e+29,49719510603783077888,3.97398107251149e+25
1.05266737817394e+24,2.23455369515321e+20,3.36517277097579e+29,1.19874971161334e+26,3.54935739314677e+27,8.55583246869982e+21,9.35424403292746e+24,4.10626162321978e+32,3.55456435304188e+35,4.12456009115688e+20,7.95719689409241e+29,1.55113382375498e+20,4.23741146012206e+36,1.15663622840501e+24,53945095760507101184,2.97655822284182e+27,1.01480560226334e+29,7695416720078391296,3.86718768501738e+28,1.47003697230836e+31,4.84756252490688e+25,3.67750815071683e+27,1.04912983259239e+24,7.8520477714749e+22,2.36488674073795e+31,5.44301741390363e+26,9.95337090313084e+22,2.56863090932881e+29,49719510603783077888,3.97398107251149e+25
1.05266737817394e+24,2.23455369515321e+20,3.36517277097579e+29,1.19874971161334e+26,3.54935739314677e+27,8.55583246869982e+21,9.35424403292746e+24,4.10626162321978e+32,3.55456435304188e+35,4.12456009115688e+20,7.95719689409241e+29,1.55113382375498e+20,4.23741146012206e+36,1.15663622840501e+24,53945095760507101184,2.97655822284182e+27,1.01480560226334e+29,7695416720078391296,3.86718768501738e+28,1.47003697230836e+31,4.84756252490688e+25,3.67750815071683e+27,1.04912983259239e+24,7.8520477714749e+22,2.36488674073795e+31,5.44301741390363e+26,9.95337090313084e+22,2.56863090932881e+29,49719510603783077888,3.97398107251149e+25
1.05266737817394e+24,2.23455369515321e+20,3.36517277097579e+29,1.19874971161334e+26,3.54935739314677e+27,8.55583246869982e+21,9.35424403292746e+24,4.10626162321978e+32,3.55456435304188e+35,4.12456009115688e+20,7.95719689409241e+29,1.55113382375498e+20,4.23741146012206e+36,1.15663622840501e+24,53945095760507101184,2.97655822284182e+27,1.01480560226334e+29,7695416720078391296,3.86718768501738e+28,1.47003697230836e+31,4.84756252490688e+25,3.67750815071683e+27,1.04912983259239e+24,7.8520477714749e+22,2.36488674073795e+31,5.44301741390363e+26,9.95337090313084e+22,2.56863090932881e+29,49719510603783077888,3.97398107251149e+25
9.42473393882981e+21,8.8043023741896e+19,7.89263674137618e+23,9.67461726637598e+24,3.98288203216283e+23,19221060738733256704,6.82974050248416e+21,2.15024062190891e+24,9.0816596177827e+23,4.12456009115688e+20,6.31409252719451e+24,1.55113382375498e+20,1.14898237926888e+27,1.6839223204321e+23,660028855059896064,6.06419726793375e+22,1.12076351143548e+24,5892546908260779008,1.8283662226196e+22,2.84533367301981e+25,1.47661227973225e+20,2.55734665973133e+24,2.56127449948649e+20,3.614349468103e+22,1.56315447951421e+22,3.36564292845301e+23,3.06386908521215e+21,1.09484877352122e+23,37448293919539281920,3.91421072992206e+21
2202918205413452288,41248096471977040,46556561004726845440,1.88364328298961e+20,16689022797892057088,9025541002259726,583694584703811200,8.63287896087148e+20,4.40192124675119e+23,208154182207117824,7549885899348105216,95066089207035008,1.74664928591746e+21,54456010103630462976,1190900730440274,20773264877649477632,3.14753762882057e+20,66457862726205.1,4684586393164770304,1.56967163864335e+24,275620743281310912,15658627414783137792,61162898212650864,378278820839125568,1.56315447951421e+22,7184701236456030208,46269043774172000,2.0205573574362e+19,393000158876939,177523847957655680
2432788472230329,14336081327251,36574377569399.7,396948536527194,72707936715468,239031108295.224,22302284207073.3,272619373161711936,48603863967141.1,134024652555390,740413901665182,753919293205313,15512071676516.7,22075147201932480,13661636617194.8,8503125725457.9,330064156710665,2936599960801.85,7314839515889.89,42673090324730.5,2375512027970.2,107696753739373,2870726030470.35,934971366728964,6711316050774726656,1771402186307650,17631737200676.4,1033298901961.48,2660586350399.53,5696720824838.53
2990227472652.6,166622678035.571,134450915346.611,195974353620.596,117390947472.885,130608208549.065,211999956758.387,3986245005978592,338569566301.418,102867063260.766,598103311346.57,364169320798.62,417881491490.429,702598977984.08,110999970127.994,101477463716.367,215620901328.697,114335036146.572,123820293328.409,154952254681.613,96033089876.5247,109833731187.932,99627268362.5722,96479429360.2865,18395353471744224,381383560602.081,160756450577.439,159585019786.785,78559224221.4706,132135874540.057
29290308999.4533,37685634015.5596,22591076142.9382,26992561704.3807,26100799094.2096,17569707955.65,106220691520.363,3698158911712679,47159813026.945,30973833014.4784,44986835986.1,67060581678.2334,71921104276.0746,30900105198.6064,30319941387.9055,43535707367.2134,57142504537.8938,14392694867.171,37444748048.0696,81307866752.5687,25614805810.1073,15564904037.7945,18277941554.9682,47918525514.4536,13408384092234966,21161803564.9729,65666240731.0454,71379859347.2698,10016177773.8158,62070016805.8303
2092769856.52446,3305229177.39185,902459511.300109,1235227204.59946,956046144.367916,449237796.724236,20094869599.0044,1102457675101296,2019077229.78216,3785767969.12292,2005271621.42488,6508161775.28229,13637427543.9916,618773839.512365,1345293994.98927,2794137319.45762,10212645025.4885,548913488.95246,1231396782.27026,13230358683.1158,2892677672.9937,247185330.830868,2347161085.62711,13386310324.1276,799662679050.128,13039774470.8047,6824615653.89549,16485356840.39,90999987.5205088,5753176958.1421
152589538.349359,106992978.995305,66664309.3743087,136907730.620719,72220964.7167969,38338065.3495656,234638570.532102,4391475202.61532,107351079.013917,182825260.7937,51879023.1787162,855410744.130305,98504667.7813284,59666426.8432787,107463739.639612,846259312.064339,166171254.746862,121684537.443128,95082233.0999134,887270394.417719,436795027.382116,63049498.5906658,146935644.161974,1786476408.11953,919845339.45479,12041660678.5081,388120507.575981,82829967.6195277,14803315.8513668,267532158.683004
10105340.3452468,13902431.188181,17251925.2481589,19530946.5821202,1973750.18339608,4783648.7623427,72526548.1606141,22377068.7010784,12470350.9830108,31578189.0356924,11369919.1247867,65898350.2780744,16496618.8428245,6947700.18234719,12630068.4836499,11686966.6185071,65631779.9517381,20731447.7680046,21380567.5880208,8824005.3814892,4993870.40972835,2251160.76288261,7436909.44724625,133057209.592243,40607629.7696821,8701757738.74117,15742758.3556709,5409313.78112566,402759.502287985,33939540.7326672
924584.880040687,3810169.31947679,205754.236891851,1659.29189340064,1414551.18758484,1209620.4602314,37456373.6391518,352605.962670546,11702.1993237375,3677326.86209836,2506.01628477414,8300558.65351726,10570556.0065219,1223.87311508831,232019.989100759,64.3024667858519,1703640.30700285,108.335777032088,759.979084494881,25185.3761833901,4510.69933651896,28774.39824378,915587.852034087,19601438.7986533,318528.703777076,655414.985689637,277498.084882154,575.278224750791,18945.1488844256,6781516.56881294
150570.523751814,2281703.82439583,0.000237000580682434,0.000437099933606078,420365.653548953,0.78094239747179,10392860.6175538,1.73806370185048e-06,0.0169252671755658,3727.01555639666,38.2029589004962,324198.348306302,2279018.64221412,0.00105783769981826,37.1653742973019,0.00851494182370516,1766.81631799163,4.59906520394134,0.0259199672200339,76.7166856283011,0.0245112248387613,6477.65218582779,3098.67196465453,3056121.68593685,0.00550773924624082,6749.49579289233,2542.78385399394,0.000247176697939722,0.000521223146279226,4016299.12249581
