275304.181143885,102048.530932994,383457.648212063,153125.047920852,211195.821862266,331874.614253876,556147.217144286,331446.687979029,393559.754214846,50115.9044680131,412574.605211036,250399.441001029,401117.426072366,288666.370613625,240033.276399695,189299.425148324,302538.339889235,769502.026050364,274786.344971259,339519.726287654,247085.332330943,624909.053683294,305520.997944334,272517.742388378,278209.600851875,131827.914414669,216683.034224188,465440.098529635,212582.192666211,543234.92984983
275304.181143885,102048.530932994,383457.648212063,153125.047920852,211195.821862266,331874.614253876,556147.217144286,331446.687979029,393559.754214846,50115.9044680131,412574.605211036,250399.441001029,401117.426072366,288666.370613625,240033.276399695,189299.425148324,302538.339889235,769502.026050364,274786.344971259,339519.726287654,247085.332330943,624909.053683294,305520.997944334,272517.742388378,278209.600851875,131827.914414669,216683.034224188,465440.098529635,212582.192666211,543234.92984983
275304.181143885,102048.530932994,383457.648212063,153125.047920852,211195.821862266,331874.614253876,556147.217144286,331446.687979029,393559.754214846,50115.9044680131,412574.605211036,250399.441001029,401117.426072366,288666.370613625,240033.276399695,189299.425148324,302538.339889235,769502.026050364,274786.344971259,339519.726287654,247085.332330943,624909.053683294,305520.997944334,272517.742388378,278209.600851875,131827.914414669,216683.034224188,465440.098529635,212582.192666211,543234.92984983
275304.181143885,102048.530932994,383457.648212063,153125.047920852,211195.821862266,331874.614253876,556147.217144286,331446.687979029,393559.754214846,50115.9044680131,412574.605211036,250399.441001029,401117.426072366,288666.370613625,240033.276399695,189299.425148324,302538.339889235,769502.026050364,274786.344971259,339519.726287654,247085.332330943,624909.053683294,305520.997944334,272517.742388378,278209.600851875,131827.914414669,216683.034224188,465440.098529635,212582.192666211,543234.92984983
275304.181143885,102048.530932994,383457.648212063,153125.047920852,211195.821862266,331874.614253876,556147.217144286,331446.687979029,393559.754214846,50115.9044680131,412574.605211036,250399.441001029,401117.426072366,288666.370613625,240033.276399695,189299.425148324,302538.339889235,769502.026050364,274786.344971259,339519.726287654,247085.332330943,624909.053683294,305520.997944334,272517.742388378,278209.600851875,131827.914414669,216683.034224188,465440.098529635,212582.192666211,543234.92984983
275304.181143885,102048.530932994,383457.648212063,153125.047920852,211195.821862266,331874.614253876,556147.217144286,331446.687979029,393559.754214846,50115.9044680131,412574.605211036,250399.441001029,401117.426072366,288666.370613625,240033.276399695,189299.425148324,302538.339889235,769502.026050364,274786.344971259,339519.726287654,247085.332330943,624909.053683294,305520.997944334,272517.742388378,278209.600851875,131827.914414669,216683.034224188,465440.098529635,212582.192666211,543234.92984983
275304.181143885,102048.530932994,383457.648212063,153125.047920852,211195.821862266,331874.614253876,556147.217144286,331446.687979029,393559.754214846,50115.9044680131,412574.605211036,250399.441001029,401117.426072366,288666.370613625,240033.276399695,189299.425148324,302538.339889235,769502.026050364,274786.344971259,339519.726287654,247085.332330943,624909.053683294,305520.997944334,272517.742388378,278209.600851875,131827.914414669,216683.034224188,465440.098529635,212582.192666211,543234.92984983
129205.679841945,38261.601686244,141850.316344122,48724.4800492274,78317.5132893593,79803.7110078883,122599.102758178,107913.835172429,139032.492057261,32300.0554953684,53540.8389514461,53396.822299816,103790.855886886,86812.7150329263,94152.8508813019,74390.7441037164,123219.640564246,163743.758714528,135686.735127834,99756.1912124083,111011.110280925,224264.062475032,119669.560530406,51633.615084893,123057.058734661,46307.1266658537,95295.4338093455,123580.770080479,83331.8692961537,207102.304100009
52015.8903054914,11318.1305655304,41582.2104543315,14428.8806455297,39313.3874165014,35236.8749194928,53909.6036497226,45033.0141316495,42081.7967908632,15757.0210848981,22359.7665651623,14217.4141578966,28921.7190647622,29210.4127378553,32637.3215804636,15511.3903914839,43786.1992673299,70130.7027897928,59188.7065422885,33287.6374558399,35950.8883044588,70256.6622972309,36678.4517519567,35810.3772042112,39540.595862823,20207.1104234973,48155.2161810659,42745.1390343887,24672.0755468628,81814.4496398239
7737.80025892122,2275.66985824901,5670.99749687459,4340.40004872114,7029.11586306343,8090.14583482364,6782.34328742673,7691.45249183849,5819.06916831079,2919.91588559826,5156.75716769742,3463.02831836294,6803.29734260324,4453.29898223605,6209.4428636295,2800.33437032318,12211.9179403243,15522.29915521,6796.52871825993,6507.07882662947,5716.55530603083,8239.57708944582,5278.14629330101,5730.04703595396,8122.47135740103,4646.99632421457,8146.82075428798,7570.4648687069,3373.26439930913,6446.94765264469
1095.6386609825,720.662384772857,974.27976273594,1129.11907839678,1573.09097883943,1056.50670148715,1195.70670987081,1407.17614014599,960.201116397405,602.792159423848,726.351685620898,846.376829336151,1190.77064113996,1078.06780645154,1036.59982121051,573.730517588565,1184.7164995647,1432.02936449896,855.729482976659,1251.38740893013,1225.4375423883,1224.09933928359,798.583531976838,1562.73280599366,1519.76789775978,951.836151425381,926.98217389319,1407.68170333673,717.30012445049,1506.55166166409
149.659827547275,177.894136431131,130.282730673641,222.135961434532,180.151502385556,164.770585705531,208.48242178727,168.994831361932,183.600397716563,179.36366194741,153.920725338079,127.537136581468,203.019474583676,184.629565939772,182.279055281609,143.179128133413,149.324660901725,187.320472969106,146.100831927788,191.227578095804,186.235472973012,195.742153313654,138.576696425259,150.644309968175,163.454803114976,174.478056682848,146.146862186123,267.779742478043,141.713249030236,183.625542944621
0.14428520755996,0.113948689522658,0.0903837793400726,0.322548994752992,0.126789005158003,0.0980527039599792,0.181729576785983,0.148049628599892,0.125693566352652,0.136243987823832,0.103582071414849,0.0869399905001274,0.19446277231134,0.162966164667637,0.139464264536059,0.12517090135384,0.132967733737928,0.240391034236268,0.116915464806766,0.134356085566651,0.126624591566383,0.20407725125699,0.135750928119933,0.107622849486688,0.154442716533936,0.161788303387084,0.0874863877164671,0.513592847510495,0.119506297012208,0.133615815786584
0.00290529807409712,0.00299399253981392,0.00258706673241704,0.00362009006403241,0.00370413104838008,0.00330734879344163,0.00260148750066946,0.00386638065492662,0.00351384970849722,0.00288483024189645,0.00325054062625441,0.00339229234964478,0.00407930244887211,0.00412149540682094,0.00324231498382233,0.00380302366295382,0.00396341039663639,0.00328172188687859,0.00313904762731454,0.00289376735497626,0.00377392898246853,0.00407974837423808,0.0029995736250612,0.00338261407534901,0.0034196190779312,0.00396499547844087,0.00294486236975899,0.00430968696616674,0.00379486347731017,0.00360519579498941
7.24890918490928e-05,2.47916402713599e-05,4.70663555915962e-05,5.49127172462249e-05,4.17711910358776e-05,4.91316654915863e-05,6.37364511248961e-05,4.36041373177432e-05,7.69997794805022e-05,6.11254334899058e-05,5.91588884617522e-05,7.00306840144549e-05,8.18966663018728e-05,5.90895003824699e-05,3.31356829974538e-05,4.65906081217327e-05,6.60098322669e-05,6.26707139872451e-05,5.95830115344143e-05,6.51161354880969e-05,6.59065749459842e-05,7.12436484491263e-05,4.34227017649391e-05,4.59291776451209e-05,3.44904375424449e-05,0.000122329658665876,4.87955564949516e-05,5.39038459237418e-05,5.86186577038461e-05,5.42508033731792e-05
1.47078981171944e-06,1.39700978252222e-06,1.28888621020451e-06,2.58835632394039e-06,1.42609496833757e-06,1.45419608088559e-06,2.41051952798443e-06,1.61586478952813e-06,1.65929475315352e-06,2.49129129770154e-06,1.81327686732402e-06,1.16761464141746e-06,1.12936822915799e-06,1.04082710095099e-06,2.12935378840484e-06,1.81434643309331e-06,1.43679517350392e-06,2.29642478188907e-06,1.93474227216939e-06,1.90966522950475e-06,1.1550542922123e-06,1.36461903821328e-06,1.3333906281332e-06,2.67039581558493e-06,1.67236441939167e-06,1.83714132617752e-06,2.60200829416135e-06,1.92253571640322e-06,1.50186531300278e-06,1.12004295260704e-06
