1291.48430149916,2115.52674677885,1690.40694700317,1171.23745365791,937.194385518354,3331.85414383569,1725.98177965818,2469.05794826381,2002.3322492187,840.336488702768,2114.42374459228,1985.98000822695,984.893712369736,950.455297414005,1708.4758948281,1704.12301647244,1981.48141533191,2170.32112941905,2336.5001848377,1579.21523056231,1228.31165994247,1110.58327756367,1588.46943383641,1711.71603150694,1776.07967649146,1468.63373646113,1840.96689237878,1051.44312629278,1457.02534348044,1248.77311608123
172.428016495119,298.603116996968,274.505352590266,201.416507032315,167.400683682788,386.137390087477,291.746948121203,362.959068244035,333.960574744063,177.447538565703,460.610001814462,341.947119733427,265.31840746046,137.855004272453,334.973284496129,243.121374433147,320.941889732779,407.901552398328,361.210868698957,234.550631758474,241.429734491329,161.102965639886,250.897783261878,254.311587686947,258.647963965665,197.331462564781,285.846905293824,198.823833884054,245.245495762188,179.50590504373
92.3205339268741,142.892314453196,114.932253604426,102.307189284818,99.5624819594979,101.981483342023,82.241169904773,127.354630270624,138.188536274856,111.476357512413,130.647636821288,143.571893846189,183.707721638817,75.2024369318108,104.926773548927,103.580536690303,103.119399450985,74.3066617820931,132.351995707971,141.801366183481,128.444248677589,84.1760690506322,123.760512265588,125.984870448595,95.3194907501776,115.801196053033,115.187254769816,89.9026405136199,116.173536597052,89.9737171674701
1.91767697221633,10.8539779465017,6.97370370337921,4.06805256525627,5.40388715221536,4.78419050329217,1.6071323392672,6.73943714358882,10.0250179288505,5.1039583476753,12.2204216124803,10.915057840888,36.2752027943875,0.0951003650950497,7.3385080071713,4.97801459915911,3.82379181824979,1.58361298018247,18.2586720717245,14.8026753015395,11.3556171893462,0.182845799654501,5.26332844773503,16.7727176208099,3.20689405752842,7.25125100347248,12.3502577847405,3.59072684428486,3.27484644472395,3.21139729775484
0.0101706356500699,0.0127540466274922,0.0164441264790867,0.0124307214230157,0.0127605601491041,0.010915290506432,0.00688481989163847,0.0113575084351396,0.0157302748215216,0.0117516510492806,0.0155395138297081,0.0142483299482592,0.0177427020289542,0.00630580819972693,0.0094805244006011,0.013431187072797,0.0116789882471267,0.00975139203330855,0.0145929655768668,0.0115259837173198,0.0123235382974372,0.0073034621568695,0.013208207823368,0.0175250778182772,0.00895024348847073,0.00991587327405341,0.0141815881604543,0.00864686029410677,0.00908860734659811,0.00906775514522451
0.000178647644588636,0.000201048280473515,0.000396862373008844,0.000423298920168236,0.000229452867984037,0.000274346248716029,0.000173418489907817,0.000441728886130477,0.00024118019132402,0.000307583692460867,0.000257215450801596,0.000276702624660174,0.000412532487302997,9.65393712704099e-05,0.000388868858522073,0.000146718347309616,0.000277987188496809,9.25084996197256e-05,0.000180929625003046,0.000176131237367372,0.000380284020593535,0.000133579318003285,0.000273021111070193,0.000230875852821555,0.000167208368679894,0.000111926270278673,0.000332893897279973,0.000321711085462084,0.000289701861902358,0.000204164365186443
9.4892893685028e-06,9.09474215404771e-06,1.79044460537625e-05,1.5663494536966e-05,1.72504205693258e-05,1.17955730729591e-05,7.4685782465167e-06,1.08320236904547e-05,2.13883661217551e-05,6.89488024363527e-06,2.34766273479181e-05,1.70669834460568e-05,2.64687088247229e-05,1.45185379096802e-05,1.0202671433035e-05,1.83186450612993e-05,1.39841588406853e-05,1.04494400829935e-05,1.91127641073763e-05,1.62375769150458e-05,1.74295365695798e-05,1.44467582003927e-05,1.31662624198725e-05,1.77702007704283e-05,9.19234162211069e-06,1.39024066356797e-05,2.36105762496663e-05,3.15033153128752e-05,1.06964686210631e-05,1.56542121203529e-05
6.70210738462629e-07,7.70001292949019e-07,9.15759869712929e-07,1.28837825741357e-06,9.98530822471366e-07,9.14824454412155e-07,1.11067777197604e-06,9.90638568509894e-07,1.60928425430029e-06,8.36936010273348e-07,1.31848855744465e-06,1.12504983462713e-06,1.17013860290172e-06,1.53733890329022e-06,6.49681396680535e-07,7.59309045861301e-07,1.42081682952266e-06,1.15087777885492e-06,9.70585801951529e-07,9.57192810346896e-07,6.54633481644851e-07,6.32693172519794e-07,1.47100513459009e-06,8.52593871059071e-07,1.68184556059714e-06,8.91757053977926e-07,9.38671291805804e-07,1.18400862447743e-06,4.15089061789331e-07,6.96416350365325e-07
6.70210738462629e-07,7.44765884519438e-07,8.53901383379707e-07,6.60616251479951e-07,7.85304678174725e-07,9.14824454412155e-07,1.11067777197604e-06,9.90638568509894e-07,9.39887740969425e-07,8.36936010273348e-07,9.51226638790104e-07,4.11060000260477e-07,8.68365759743028e-07,6.09946823715291e-07,6.49681396680535e-07,7.21936430636561e-07,1.42081682952266e-06,5.99689201408182e-07,9.70585801951529e-07,9.57192810346896e-07,6.54633481644851e-07,6.32693172519794e-07,1.47100513459009e-06,8.52593871059071e-07,3.8913367461646e-07,8.11667518973991e-07,9.38671291805804e-07,1.18400862447743e-06,3.08871335619187e-07,6.96416350365325e-07
6.70210738462629e-07,7.44765884519438e-07,8.53901383379707e-07,6.60616251479951e-07,7.85304678174725e-07,9.14824454412155e-07,1.11067777197604e-06,9.90638568509894e-07,9.39887740969425e-07,8.36936010273348e-07,9.51226638790104e-07,4.11060000260477e-07,8.68365759743028e-07,6.09946823715291e-07,6.49681396680535e-07,7.21936430636561e-07,1.42081682952266e-06,5.99689201408182e-07,9.70585801951529e-07,9.57192810346896e-07,6.54633481644851e-07,6.32693172519794e-07,1.47100513459009e-06,8.52593871059071e-07,3.8913367461646e-07,8.11667518973991e-07,9.38671291805804e-07,1.18400862447743e-06,3.08871335619187e-07,6.96416350365325e-07
1.39481016958598e-07,4.64839558844687e-07,6.25829329692351e-07,4.38526853940857e-07,2.67094037553761e-07,9.14824454412155e-07,6.39918312117516e-07,4.54144469586026e-07,7.04664671502542e-07,2.05640390049666e-07,5.86705709793023e-07,3.52125880453968e-07,4.9320692596666e-07,3.49702418134257e-07,3.74607907360769e-07,6.22912921244279e-07,7.28335066924046e-07,3.54609255737159e-07,2.50370248977561e-07,1.98543261831219e-07,5.74908426642651e-07,6.32693172519794e-07,4.37586436419224e-07,4.28906560046016e-07,3.8913367461646e-07,7.81401809035742e-07,7.90914441495261e-07,7.47791546018561e-07,2.94822143587226e-07,6.44350279799255e-07
1.39481016958598e-07,4.64839558844687e-07,6.25829329692351e-07,4.38526853940857e-07,2.67094037553761e-07,5.52682422494399e-07,6.39918312117516e-07,4.54144469586026e-07,7.04664671502542e-07,2.05640390049666e-07,5.86705709793023e-07,3.52125880453968e-07,4.9320692596666e-07,3.49702418134257e-07,3.74607907360769e-07,6.22912921244279e-07,7.28335066924046e-07,3.54609255737159e-07,2.50370248977561e-07,1.98543261831219e-07,5.74908426642651e-07,6.32693172519794e-07,4.37586436419224e-07,4.28906560046016e-07,3.8913367461646e-07,7.81401809035742e-07,6.62905563331151e-07,5.91053890275361e-07,2.94822143587226e-07,5.73706529394258e-07
1.39481016958598e-07,4.61875629298447e-07,4.82880409435893e-07,3.68956193597114e-07,2.46723516283964e-07,4.69420797344355e-07,6.39918312117516e-07,2.85492774310114e-07,5.35658273292938e-07,2.05640390049666e-07,2.30454816119163e-07,3.52125880453968e-07,2.47643129114294e-07,3.49702418134257e-07,3.74607907360769e-07,5.03483306601993e-07,3.27679003930825e-07,3.54609255737159e-07,2.50370248977561e-07,1.98543261831219e-07,4.52560925623402e-07,2.62304070020036e-07,4.37586436419224e-07,4.17180217482382e-07,2.56668954534689e-07,2.8716556244035e-07,4.44375359620608e-07,4.41873226009193e-07,2.94822143587226e-07,2.82487917502294e-07
1.39481016958598e-07,2.05830247068661e-07,2.3009522465145e-07,2.65534708887571e-07,2.40268832385482e-07,2.49929371420876e-07,3.09257188746415e-07,2.31973103836935e-07,2.21912614506437e-07,2.05640390049666e-07,2.30454816119163e-07,3.11112103190681e-07,2.47643129114294e-07,2.55573581853241e-07,2.11558813134616e-07,3.08420794681297e-07,2.26407223635761e-07,2.63725269178394e-07,2.08434016712999e-07,1.98543261831219e-07,3.29698877976625e-07,1.85233375304961e-07,3.62322680302896e-07,3.4193612918898e-07,2.56668954534689e-07,2.81619009001588e-07,2.71267708740197e-07,2.9637374154845e-07,2.54884639616648e-07,1.9476840407151e-07
