1349.83011243699,1120.93890217755,563.396821153309,883.622997561732,2301.07156565047,4988.3323946805,3755.11576955952,2316.18935186532,632.074298258857,409.599010847985,463.080715782473,1221.25810795242,3493.06587949389,464.347449575054,849.896016306415,2814.94875764574,2940.35223532366,1081.39440361142,2205.69272876863,5376.38424932982,2300.1203479077,436.145693414192,520.108091181789,794.44004628941,404.180251278346,548.032052118672,4088.61989117125,2694.95882513524,4956.61419109524,5796.80675431849
335.754332393978,225.270957227529,242.412248166071,343.614082063607,309.293636728437,526.178823525076,309.149758695594,357.894592445642,192.976741589791,228.15192397893,226.665381026551,341.395573654446,463.983423552871,230.245829363511,284.611865287209,399.598265089262,397.024300691889,293.520253743063,315.797125051032,377.320774582834,359.001106381164,180.190140638232,257.892348766774,217.036583013345,225.688464770918,351.278876357119,549.50092999751,317.210131600689,298.469282338066,412.160289635363
221.585285226802,111.968582422628,134.897604350425,276.490905505,197.45004030096,200.03622301556,187.675887669509,186.271014492839,123.544254414587,208.279271887997,109.78863085911,272.771814716534,305.545915013588,176.230121383526,212.13507187163,262.543822644945,215.28444603624,163.440899163911,169.195048594199,199.314753864218,214.517413292693,154.868877841516,190.199426613706,123.020769708031,121.990278747616,305.25928970935,330.157534686287,136.165500714553,151.603838266237,328.099501468484
122.315460492525,97.5528497380261,96.4246760484186,158.398415667387,82.6604728913439,74.774590060231,50.179901200424,48.6375666811412,99.5448962143372,174.220483229508,93.5345639539205,153.256365606075,198.414821129942,148.309938538024,138.514774984342,103.654617566379,72.7879905574005,102.5370579556,101.925263561187,87.7743301698888,107.246293558087,118.094087360753,143.494188158879,96.9070565757154,98.0973272810943,246.39131950936,144.873406167929,49.2017240174846,74.2578073778141,229.58614992164
46.6977264729142,44.6891427556764,93.3396229039768,88.7504551933024,44.4572715085237,45.0440592323447,45.0803090417917,47.5339524765494,98.6203976029115,151.192225031992,90.8261117699794,96.2814011271654,82.3836375975493,95.934437002426,47.4061342705626,47.4668458184786,47.1179220545648,100.883268234895,48.3417632469841,47.4070634267132,45.3857124224136,93.4742735314378,93.584712594542,94.1759055545008,94.4013009189861,144.133525869272,49.1866963712937,48.7856216796143,45.724264563676,145.702501057737
44.3489664333341,43.4515450514418,19.6031141930225,49.4944393925003,43.4551880326097,43.4708377070259,43.449695820404,44.2051616595689,37.4694242141587,144.718032982917,19.8634125912607,88.3100941914848,43.5661510993615,86.2875098519359,44.4889800077176,45.2108641256212,44.710617170457,44.8712007924175,45.9403311010954,44.7610657924617,43.4889550314886,89.27387564022,82.5170473409802,88.5069429298409,21.9253579976656,25.8330107789508,49.1755480385591,45.7372585061299,43.499310630317,138.693758330033
43.449238040835,43.447332179004,16.1232171154361,49.1298617547407,43.4473365904931,43.4473521508183,43.4473320198106,43.4474657604259,26.2136646801156,117.082481067942,16.0064937698944,15.2373243078376,43.4473749254689,17.0029231693653,43.4489953424838,43.468097999405,43.4573534988025,43.4498838747064,43.4975340061349,43.4538491961442,43.447343872356,29.7732790388535,15.2491294298101,85.1677041027857,18.452909140657,16.5440742088255,49.1582377488788,43.4595126252283,43.4473482713894,2.27448042554056
43.4473318042986,43.4473315424232,12.2278762501793,49.1272754259868,43.4473315837682,43.4473316700245,43.4473315407607,43.4473315957547,21.7354773428029,82.4490247931537,12.0627693672226,11.8342737899969,43.4473316564515,13.1137544289559,43.4473320102412,43.4473369634335,43.4473357470724,43.447332145624,43.4473431433656,43.447333314484,43.4473316080442,12.2968092460659,11.2958229827544,82.6297655379718,14.4091179833098,12.5580640766317,49.1273266196899,43.4473330695292,43.4473316239722,0.690194476895272
43.4473315412172,43.4473315370938,8.24608642185797,49.1272754259868,43.4473315398038,43.4473315507242,43.4473315407607,43.4473315367916,17.5452755796283,78.5718743417343,8.01296650682536,8.11149002876732,43.4473315400542,9.15223086139792,43.4473315435857,43.4473315953095,43.4473315749776,43.4473315917021,43.4473315833458,43.4473315525358,43.4473315367748,8.66010796453111,7.48324973589513,81.9171019028528,10.4034072720849,8.66035761407034,49.1272754299021,43.4473315499089,43.4473315361902,0.019700250660776
43.4473315412172,28.0276561641729,4.54765441174243,47.0098649222092,43.4473315377243,43.4473315507242,43.4473315407607,43.4473315367916,13.2286269911417,74.8067786282567,4.21371013543398,4.44883479702344,43.4473315394191,5.27236609915917,43.4473315383515,43.4473315450638,43.4473315749776,43.4473315917021,43.4473315363437,43.4473315436461,43.4473315367748,4.71441716449226,3.67205082464011,81.8351094075956,6.33605809742517,4.80474999222974,44.5519989288929,43.4473315402349,43.4473315361902,4.99085217597894e-11
43.4473315412172,23.6391205546565,0.877083183925151,43.5057488709299,43.4473315377243,43.4473315507242,14.6178721732003,33.2976850365926,8.99495586502144,72.76954281493,0.735337732336006,0.801776062667955,43.4473315394191,1.47727484236839,43.4473315383515,43.4473315450638,43.4473315749776,43.4473315917021,43.4473315363437,43.4473315436461,43.4473315367748,1.10151878001022,0.537624109462058,81.8346193374983,2.36906113009468,1.06607191714772,43.4478111114171,43.4473315402349,43.4473315361902,4.99085217597894e-11
43.4473315370464,19.244067207601,0.000355428472971653,43.4473316473543,43.4473315366184,43.447331536541,10.8092041781133,20.962294597026,4.83624925661798,68.5761113209517,3.46750244943905e-05,0.00013181195663492,43.4473315369735,0.00934215805239091,43.4473315383515,43.4473315450638,43.4473315361328,5.12831449277485,43.4473315363437,43.4473315371037,43.4473315367748,0.00238162516359353,6.12392682342033e-07,44.726239056759,0.0713950110731503,0.00155233871964811,43.4473315374073,14.9831624999696,43.4473315361902,4.99085217597894e-11
43.4473315370464,14.6835098237564,1.24032339954283e-10,43.4473315357188,43.4473315366184,43.447331536541,6.66632213877517,16.3099811854572,3.98665969393653,32.4186507848232,1.04591890703887e-11,3.61524143954739e-11,43.4473315369735,3.78577169612981e-11,43.4473315361773,43.4473315450638,43.4473315361328,3.98672815787847,43.4473315363437,43.4473315371037,43.4473315367748,9.2086338554509e-12,1.22554411063902e-10,43.4473320717057,8.81072992342524e-11,3.38786776410416e-11,43.4473315374073,8.72639549437235,43.4473315361902,4.99085217597894e-11
43.4473315363998,10.2921376656183,1.24032339954283e-10,43.4473315357188,43.4473315359237,43.4473315357001,2.25651235495525,11.5873141008755,3.98662385466889,0.221737179639717,1.04591890703887e-11,3.61524143954739e-11,43.4473315368075,3.78577169612981e-11,43.4473315361773,43.447331535727,43.4473315361328,3.98662385430248,43.4473315358503,43.4473315371037,43.4473315367748,9.2086338554509e-12,1.22554411063902e-10,43.4473315364074,8.81072992342524e-11,3.38786776410416e-11,43.4473315374073,4.14686056213191,43.4473315361902,4.99085217597894e-11
