21.13565490986,21.1909882173755,21.1658072097587,21.1411018934699,21.2132545836701,21.1226733295557,21.1002639381803,21.1160268698167,21.0545758975336,21.1993864158619,21.1589780768065,21.068935859417,20.9865653907888,21.1267248921608,21.2048354315945,21.1586143933006,21.092467593169,21.1698661309896,21.2069906044758,21.133395901878,21.216609503409,21.1591303604563,21.1483653357091,21.2286814030858,21.1335326650888,21.1387975597066,21.143309465416,21.1077672231977,21.2255399844407,21.1717008719684
21.0494908879862,21.1576970896366,21.1215149969601,21.1411018934699,21.1221406976676,21.1169327088627,21.1002639381803,21.1160268698167,21.0545758975336,21.0937179810738,21.1585638085385,21.068935859417,20.9865653907888,21.110679791678,21.0700519410221,21.0645512435846,21.092467593169,21.1698661309896,21.1193819097382,21.0807692969944,21.1472805521465,21.1591303604563,21.1424334096696,21.2286814030858,21.1335326650888,21.082977066975,21.143309465416,21.1077672231977,21.0783990430745,21.1506505896384
21.0477215365056,21.1137920628553,21.1215149969601,21.1411018934699,21.1221406976676,21.1169327088627,21.1002639381803,21.1160268698167,21.0545758975336,21.0937179810738,21.1585638085385,21.068935859417,20.9865653907888,21.0758254898865,21.0108272837042,21.0645512435846,21.0661853635567,21.1213786986729,21.0575831636373,21.0807692969944,21.1119271556577,21.1591303604563,21.1424334096696,21.1749010138582,21.1335326650888,21.082977066975,21.143309465416,21.1077672231977,21.0783990430745,21.1506505896384
21.0477215365056,21.0045779517404,21.0880861193336,21.113321001224,20.8068305447393,21.1169327088627,21.1002639381803,20.9904747928733,21.050349302436,21.0937179810738,21.0765916673088,21.068935859417,20.9865653907888,21.0298474224008,21.0108272837042,21.0645512435846,21.0270903057695,21.1213786986729,21.0575831636373,21.0807692969944,20.998143719384,21.1542527105173,21.0236291253267,21.1155257082279,21.1335326650888,21.082977066975,21.1252804616662,21.1077672231977,21.0783990430745,21.0723057964566
21.0313335164544,21.0045779517404,21.0880861193336,21.0353903132567,20.8068305447393,21.0828728054173,21.1002639381803,20.9904747928733,21.050349302436,21.0937179810738,21.0604398305238,21.068935859417,20.9865653907888,21.0298474224008,21.0108272837042,21.0255837416612,21.0270903057695,21.0819376670347,21.0575831636373,21.0720995112143,20.998143719384,21.1264478393169,21.0236291253267,21.1155257082279,20.9874833238304,21.082977066975,21.0919173841654,21.0727512404038,21.0783990430745,21.0723057964566
21.0027280539376,21.0045779517404,21.0540333279893,21.0330095778631,20.8068305447393,21.0828728054173,20.8854401374988,20.9904747928733,21.050349302436,21.0937179810738,20.7959358233786,20.94791518579,20.9865653907888,21.0298474224008,21.0108272837042,20.9641298524133,21.0270903057695,20.9963230816917,21.0245113899933,21.0720995112143,20.998143719384,21.0675434442405,21.0236291253267,20.9893296100344,20.9874833238304,21.0477727612734,20.9883616933545,21.0727512404038,21.0783990430745,20.9867700282422
20.9626817244231,21.0045779517404,21.0540333279893,21.0330095778631,20.8068305447393,21.0420997860588,20.8854401374988,20.9904747928733,20.8722761893359,21.0423134284964,20.7959358233786,20.94791518579,20.9075558979031,21.0298474224008,21.0108272837042,20.9641298524133,20.8419941403904,20.9963230816917,21.0245113899933,21.0088228353654,20.998143719384,21.0675434442405,20.9812840392169,20.9893296100344,20.9874833238304,21.0477727612734,20.9883616933545,21.0675596095455,21.0517783357695,20.9867700282422
20.9626817244231,20.9838212625746,20.8648558243572,21.0330095778631,20.8068305447393,21.0054892010367,20.8854401374988,20.9874211174351,20.8722761893359,21.0423134284964,20.7959358233786,20.94791518579,20.9075558979031,20.9475990057663,21.0108272837042,20.8571320200109,20.8419941403904,20.9963230816917,21.0245113899933,21.0088228353654,20.998143719384,21.0675434442405,20.9812840392169,20.9893296100344,20.9858724038986,20.9778237683495,20.9883616933545,20.9819552276975,21.0517783357695,20.9867700282422
20.9626817244231,20.9838212625746,20.8648558243572,20.9880156709013,20.8068305447393,20.9955497446837,20.8854401374988,20.9874211174351,20.8722761893359,21.0423134284964,20.7959358233786,20.94791518579,20.9075558979031,20.9475990057663,21.0108272837042,20.8571320200109,20.8419941403904,20.927231250539,21.0245113899933,21.0088228353654,20.998143719384,21.0675434442405,20.9812840392169,20.9893296100344,20.9821011597053,20.9778237683495,20.9401810892692,20.9819552276975,21.0517783357695,20.9867700282422
20.9626817244231,20.9838212625746,20.8648558243572,20.9880156709013,20.8068305447393,20.9955497446837,20.8854401374988,20.9874211174351,20.8722761893359,21.0423134284964,20.7959358233786,20.94791518579,20.9075558979031,20.9475990057663,21.0108272837042,20.8571320200109,20.8419941403904,20.927231250539,21.0245113899933,21.0088228353654,20.9979430140489,20.9745943073972,20.9812840392169,20.864393389563,20.9821011597053,20.9778237683495,20.9401810892692,20.9819552276975,21.0517783357695,20.9867700282422
20.9626817244231,20.9838212625746,20.8648558243572,20.9880156709013,20.8068305447393,20.9955497446837,20.8854401374988,20.860295976153,20.8722761893359,21.0423134284964,20.7959358233786,20.94791518579,20.9075558979031,20.9475990057663,21.0108272837042,20.8571320200109,20.8419941403904,20.927231250539,21.0159304541885,20.9423465741678,20.9829585701599,20.956251357904,20.9812840392169,20.864393389563,20.9821011597053,20.9778237683495,20.9401810892692,20.9819552276975,21.049063956848,20.9867700282422
20.9626817244231,20.9838212625746,20.8648558243572,20.9880156709013,20.8068305447393,20.9955497446837,20.8854401374988,20.860295976153,20.8722761893359,21.0423134284964,20.7959358233786,20.94791518579,20.9075558979031,20.9475990057663,21.0108272837042,20.8571320200109,20.8419941403904,20.927231250539,21.0159304541885,20.9423465741678,20.9829585701599,20.956251357904,20.9812840392169,20.864393389563,20.9821011597053,20.9778237683495,20.9401810892692,20.9819552276975,21.049063956848,20.9867700282422
20.9626817244231,20.9838212625746,20.8648558243572,20.9798294215716,20.8068305447393,20.9955497446837,20.8854401374988,20.860295976153,20.8722761893359,21.0330190836326,20.7959358233786,20.94791518579,20.9075558979031,20.9475990057663,21.0108272837042,20.8571320200109,20.8419941403904,20.927231250539,21.0159304541885,20.9423465741678,20.9829585701599,20.956251357904,20.9812840392169,20.864393389563,20.9821011597053,20.9448434845644,20.9401810892692,20.9198580424608,20.9754060540517,20.9867700282422
20.9626817244231,20.9838212625746,20.8648558243572,20.9798294215716,20.8068305447393,20.9546439382156,20.8854401374988,20.860295976153,20.8722761893359,20.9362440091223,20.7959358233786,20.94791518579,20.9075558979031,20.9475990057663,20.880782159557,20.8571320200109,20.8419941403904,20.927231250539,20.9894392680599,20.9423465741678,20.9829585701599,20.8304332340681,20.9485117475166,20.864393389563,20.9821011597053,20.9448434845644,20.9401810892692,20.9198580424608,20.9754060540517,20.9867700282422
