1250.82651608553,5654.13305004272,1037.13875209221,3867.75537700533,1397.61282975116,1546.05584908828,1014.2037745364,2146.62274736786,834.370345399332,1245.71324733329,1658.30402517269,1125.59294409026,2566.84108384692,1210.52921509852,2683.08852656253,839.757106713217,2486.09927294729,1410.36497991984,3876.11642035932,2510.54301044413,1958.61489570307,1697.04008444259,1408.90939801962,6270.40319789545,7423.93848299522,4506.67544949516,5091.65520278891,656.051461202638,1032.19799567315,955.912800207406
1250.82651608553,1512.60104576695,576.427371781895,1328.3736878135,855.506740147393,1546.05584908828,820.143295948369,618.925635911011,784.943592123297,1245.71324733329,1658.30402517269,1108.98496838874,532.99212639724,917.807639635838,1688.72331990565,772.127482840838,946.200212572158,1410.36497991984,2878.19239662813,1729.20742169542,1344.57516884739,1337.90100353012,765.902420535617,1493.34305851174,3375.72666330471,1979.73567141635,1451.98097600595,620.92024402527,1032.19799567315,770.39120955448
770.315957072203,844.633195575759,576.427371781895,1197.08723857208,650.866843676196,689.790330457643,393.422478790008,618.925635911011,626.676396877523,924.148017230168,565.270081815805,789.580585781264,532.99212639724,591.449540726775,1412.57858444079,772.127482840838,700.335564197667,811.204596870393,1770.089519147,890.556912332485,783.663761367577,907.233945766094,648.655557105038,929.364218528784,1478.90080235839,992.924477473744,1303.73567306923,492.568123941803,1032.19799567315,510.056861496498
622.790174527336,754.822636530512,293.976879494442,850.566983703458,538.614209850975,689.790330457643,393.422478790008,618.925635911011,450.227626609713,713.677672456106,522.180711148703,789.580585781264,532.99212639724,544.44911820623,858.13633997497,529.378704478789,514.216912161212,700.411009619701,1320.81416353556,861.080016037717,783.663761367577,696.515488611156,648.655557105038,691.810853819834,1062.77057101884,847.966818971886,530.190470443089,417.856268296963,936.724700406194,510.056861496498
611.735571708515,534.196534271296,293.976879494442,552.5319052389,538.614209850975,689.790330457643,393.422478790008,526.160173831393,273.840691463965,667.957698075268,522.180711148703,789.580585781264,437.270971708732,544.44911820623,592.460268721206,358.347505781416,514.216912161212,628.420915911579,529.576788920644,521.770626400425,489.683320449485,630.149973348844,521.543641412392,532.11369606373,459.120306462904,577.504551581944,506.335328972728,417.856268296963,785.288313240594,475.095582007416
242.892440204807,534.196534271296,290.243909762704,552.5319052389,179.732224212614,689.790330457643,393.422478790008,236.211054789957,273.840691463965,667.957698075268,459.72503885957,496.25067392586,284.536450213141,482.920112170913,500.987745750035,358.347505781416,514.216912161212,375.534642032639,409.234224710945,500.185699672705,489.683320449485,215.991679117256,482.182729012659,532.11369606373,459.120306462904,438.943111606409,506.335328972728,282.012045017033,421.823508464334,475.095582007416
241.810344909113,371.637862737777,281.8845539526,538.525186807058,179.732224212614,410.929367220521,393.422478790008,236.211054789957,195.371166574961,586.887860336647,458.168374953899,206.277582513132,284.536450213141,370.01534251048,483.054021818493,358.347505781416,357.526550903643,375.534642032639,258.637803354689,166.411058286748,489.683320449485,31.7060981548254,360.787532445553,532.11369606373,459.120306462904,314.189045388273,322.070933666577,282.012045017033,396.762827150528,379.278387514228
241.810344909113,292.806877379785,281.8845539526,487.914627478046,179.732224212614,321.439072093885,213.008783755026,229.785921617215,195.371166574961,356.999568735471,328.951400790235,206.277582513132,284.536450213141,125.357271709427,367.961418712148,324.439020886652,339.516967610296,375.534642032639,248.883899593442,166.411058286748,390.189935312704,31.7060981548254,218.765978684456,409.574074670454,348.97023975994,314.189045388273,322.070933666577,282.012045017033,343.081238684361,379.278387514228
241.810344909113,292.806877379785,281.8845539526,311.736310894345,95.3805814227795,309.142795002442,125.30946481482,229.785921617215,195.371166574961,184.097318705542,328.951400790235,206.277582513132,241.529742337503,125.357271709427,345.667629869355,322.030148830826,339.516967610296,375.534642032639,248.883899593442,166.411058286748,390.189935312704,31.7060981548254,218.765978684456,337.432057638483,189.133420858333,232.818353150217,322.070933666577,282.012045017033,163.811094641725,292.29710628846
241.810344909113,291.571922929457,281.8845539526,311.736310894345,95.3805814227795,257.981164146637,125.30946481482,167.269746410073,195.371166574961,70.403293739512,286.275019782277,206.277582513132,241.529742337503,125.357271709427,297.964421391639,178.341369076488,339.516967610296,206.524924065467,248.883899593442,166.411058286748,314.736778027917,31.7060981548254,152.430844084901,291.82840422365,189.133420858333,232.818353150217,269.937373074531,282.012045017033,163.811094641725,241.972363489315
241.810344909113,273.277113290887,243.727641760594,311.736310894345,95.3805814227795,125.504155764678,116.044534572989,167.269746410073,171.319609616308,70.403293739512,286.275019782277,119.249882834832,241.529742337503,125.357271709427,297.411722027157,56.3057259049159,212.115204150595,206.524924065467,248.883899593442,166.411058286748,238.638619212001,31.7060981548254,152.430844084901,167.250584810966,189.133420858333,232.818353150217,269.937373074531,208.918241605189,163.811094641725,241.972363489315
240.211004541443,134.423225616386,174.570010256857,208.002967276107,69.1769482488839,125.504155764678,116.044534572989,134.626713674128,171.319609616308,70.403293739512,286.275019782277,47.6598056042924,113.468485256429,125.357271709427,154.280151014682,56.3057259049159,212.115204150595,206.524924065467,248.883899593442,166.411058286748,230.694433483407,31.7060981548254,152.430844084901,167.250584810966,158.84591322591,170.019226000549,269.937373074531,172.460042163373,45.5883285343205,94.4293410230382
160.836018116732,134.423225616386,105.710764904896,208.002967276107,69.1769482488839,103.884862446515,116.044534572989,104.170709377518,171.319609616308,70.403293739512,119.632372177092,47.6598056042924,113.468485256429,125.357271709427,119.253044984359,56.3057259049159,210.979720521311,119.124021007066,200.197293076599,151.980900075662,165.346896979857,31.7060981548254,152.430844084901,167.250584810966,94.6390540307991,170.019226000549,165.664924227527,172.460042163373,45.5883285343205,94.4293410230382
133.290923993311,134.423225616386,105.710764904896,92.186656402171,69.1769482488839,103.884862446515,116.044534572989,74.8107766467071,53.4824360122675,70.403293739512,82.5764891386356,47.6598056042924,113.468485256429,125.357271709427,119.253044984359,56.3057259049159,202.842960524837,119.124021007066,79.6833177873974,151.980900075662,125.208837139942,31.7060981548254,152.430844084901,167.250584810966,94.6390540307991,71.5085670297562,139.025729555171,165.846873553846,45.5883285343205,94.4293410230382
76.9159799328313,40.2498792804416,105.710764904896,92.186656402171,69.1769482488839,103.884862446515,116.044534572989,65.5065773619639,53.4824360122675,70.403293739512,77.6313356380864,47.6598056042924,100.440197947374,103.315520599696,102.597499770437,56.3057259049159,117.975881516712,69.8973798841404,65.2891616813413,76.8821144775695,125.208837139942,31.7060981548254,119.461314110725,135.887407912815,75.5331980608542,71.5085670297562,92.8099681746347,59.2156369051764,45.5883285343205,55.5362550619029
19.0531993262863,28.4896979440624,69.6303098816866,65.9679371850228,45.5697279346495,11.7855777313818,16.4977563178451,60.3881335861229,53.4824360122675,47.4952764674075,63.3143871902511,47.6598056042924,50.6698374057514,12.5293243978885,53.8098593712062,53.0493342887997,117.975881516712,35.2154826292392,65.2891616813413,17.5570608514066,38.572194313964,31.7060981548254,69.7045419082878,86.6344477686316,22.0656265569596,41.2041455720993,57.4685349169045,21.0524743276233,45.5883285343205,55.5331789059271
