61003093979.7971,86912108321.8465,89337366644.231,74434420577.261,61870591916.3596,68975910253.9024,82418715319.3695,49115763698.4688,60950083661.7251,64210490137.9618,59112206795.2287,109315551601.046,73072453822.4688,128573468759.749,83818777944.1262,67919090459.7118,44540419128.3169,81317896781.6305,67228352707.9051,90803440331.3885,83932860847.2194,64216769692.1423,89652534832.4144,87970072859.3165,88446720097.6974,78844492340.6429,68682549948.5801,69136578696.9292,72552479690.7909,65834850381.5397
61003093979.7971,86912108321.8465,89337366644.231,74434420577.261,61870591916.3596,68975910253.9024,82418715319.3695,49115763698.4688,60950083661.7251,64210490137.9618,59112206795.2287,109315551601.046,73072453822.4688,128573468759.749,83818777944.1262,67919090459.7118,44540419128.3169,81317896781.6305,67228352707.9051,90803440331.3885,83932860847.2194,64216769692.1423,89652534832.4144,87970072859.3165,88446720097.6974,78844492340.6429,68682549948.5801,69136578696.9292,72552479690.7909,65834850381.5397
61003093979.7971,86912108321.8465,89337366644.231,74434420577.261,61870591916.3596,68975910253.9024,82418715319.3695,49115763698.4688,60950083661.7251,64210490137.9618,59112206795.2287,109315551601.046,73072453822.4688,128573468759.749,83818777944.1262,67919090459.7118,44540419128.3169,81317896781.6305,67228352707.9051,90803440331.3885,83932860847.2194,64216769692.1423,89652534832.4144,87970072859.3165,88446720097.6974,78844492340.6429,68682549948.5801,69136578696.9292,72552479690.7909,65834850381.5397
61003093979.7971,86912108321.8465,89337366644.231,74434420577.261,61870591916.3596,68975910253.9024,82418715319.3695,49115763698.4688,60950083661.7251,64210490137.9618,59112206795.2287,109315551601.046,73072453822.4688,128573468759.749,83818777944.1262,67919090459.7118,44540419128.3169,81317896781.6305,67228352707.9051,90803440331.3885,83932860847.2194,64216769692.1423,89652534832.4144,87970072859.3165,88446720097.6974,78844492340.6429,68682549948.5801,69136578696.9292,72552479690.7909,65834850381.5397
59643210932.235,85517912805.4983,87713874246.4967,73214254183.0295,61008476196.261,67909112483.8228,81312393078.9269,48964679017.2504,59362886600.1641,63543325785.4572,57080905538.0655,108174084847.002,71913656591.9054,127615063221.618,83204107965.8837,66823729192.2895,43939107028.8289,79413758939.8013,65009055751.7437,89258867292.2509,82322985798.1984,63352144624.3684,88327877549.7502,85798036565.6091,86692526020.3854,78093450574.1584,67770667030.6177,68169055325.2174,71111497850.6422,65611600445.2919
58528042125.9726,79595953647.2282,85558189282.7018,68835308743.3585,59133499203.3047,66423577301.6328,79368627406.5887,47218574041.6309,55245338178.999,62217345511.0407,55433254700.0704,106182911427.134,69532952321.0804,122973391235.47,77863341719.3331,62874245787.8622,42250934341.8141,76261800910.534,59656393826.681,83961542252.8037,79619669509.4598,61470461314.7284,81762063348.5888,77944623457.4215,84510676588.4708,76366767569.4182,63424399194.4165,65242794523.2061,69207502378.0277,63519613723.7741
44471189998.3842,63797236892.9732,70950886717.5272,51173791399.2841,45687695760.9408,54531615945.4583,64196330488.4837,37184530633.9203,44254111050.6161,48582693373.8521,40715913963.711,87284274231.0837,50019752217.1927,110510766865.886,64634641297.4804,52167082221.1121,34589766692.5351,51594491167.316,41071298927.1795,71315517757.7893,56862766831.8605,40319822075.2964,70280532788.1866,60195628283.1423,66035137851.4169,59915077559.6042,55135878710.1557,58314089214.5084,51234766262.7706,55314458462.5721
25309911792.3208,31093024476.4599,33503613236.3678,33028321420.4019,25627251004.7219,33983283056.8589,36067197430.13,16789696429.9746,21552194576.226,22771092407.8718,15419812808.2853,48316350112.0022,18345421733.1461,35035964971.6931,29626349678.5958,24138360226.3629,12490016186.7622,24430169950.8364,16609925863.6833,27368305496.1289,24884728687.0584,17325099023.9268,21099897519.4504,27630011487.5732,23276721036.6856,28179738466.6901,17278665203.0866,27432857300.3144,27200713239.7879,29988303024.5392
14814349887.899,15635072487.9566,22785300548.177,21466396493.3542,25627251004.7219,24016789174.3201,22740482881.6878,12070061525.4831,21552194576.226,21131438327.212,13385703399.2215,18688131302.3478,15277674686.0219,30098767430.2035,26727979126.2713,15147730170.4643,12490016186.7622,16346628371.1667,12146223409.2844,18961910859.6364,24884728687.0584,14540332337.1333,21099897519.4504,16870068724.6128,20737677875.2608,17736798107.5524,13700810090.1414,20781523361.9627,19426769214.3357,15209599694.2758
1426903678.58038,2500889794.20257,1462749087.34633,1769834570.5183,1952974425.60369,3665487202.64277,2436393696.01081,1977619250.3024,1553991769.70672,1513278538.61747,893074331.613376,1309563392.95317,813182738.612579,2910879005.47424,1882299953.43396,1206330199.53934,1002751961.30605,2218843848.01195,1281489918.98663,2150975356.07614,2088137934.87402,970402651.914718,4397193473.87054,2497918811.68228,2333108159.6162,1456954666.85323,2236603418.23275,2202545459.67961,1017938104.85209,1429004534.6676
14356871.574618,24273254.0680036,9608306.54433711,28109041.838283,22368220.9360559,47631271.8076802,19489738.2457021,20806999.4621289,9586697.61530981,11019394.8058262,10123644.6835751,10995209.7114318,7773716.7383877,21623047.0485653,18269938.3696955,11394984.1881271,6320423.17380043,13621726.8137293,12753306.8458609,14915651.096295,15517300.4693802,16437234.816574,44175076.4229851,35515245.1555572,25921442.4718739,18069544.6422816,14576126.6171476,22297905.3230704,6351745.20865039,15958669.3015789
2720.90631329984,13601.2619887783,2370.31984964849,4103.25847811651,11067.0574873692,3064.29465665226,1073.90775870806,2568.14559433856,2655.99307276729,2247.74037731395,2198.35268789001,2468.35310854864,1295.96629037053,9409.73109478712,7279.39342427028,3355.87518546518,2148.94992760457,4026.20367188632,2406.43511314652,4462.44130430047,961.682838809897,3223.94500344795,8441.16389473295,12492.7512017673,3691.21940796687,4403.20281662534,3735.2582285577,2913.84103290061,922.10907185275,1784.27667617477
664.596588739693,11.363347436741,1465.57595878519,63.9173799241498,3595.99791973851,188.092428934703,462.412955354457,1175.18993340032,341.356506191805,71.3662329207418,615.378897828072,40.2423092677156,423.0377043474,3345.69722880202,1386.36473093398,123.104479668951,2.3236981770678,2720.89504649588,70.2443093204615,1075.3385152435,117.125925511843,686.036955526955,1797.10930903544,2185.99643249695,295.90341385299,1027.43632076372,127.990703740454,794.719920215571,25.1115200113801,858.03303934827
2.3705351281933e-07,2.82959703667984e-07,2.46727765329524e-07,2.7829592852413e-07,2.40849090005213e-07,6.70353230702858e-07,2.88685185978466e-07,6.60410549357948e-07,2.74183705073483e-07,1.57084443230815e-07,2.68778748591103e-07,6.37364379940664e-07,2.27670355457121e-07,2.59182755257825e-07,2.39179485106433e-07,1.83883358317871e-07,2.33220987411187e-07,2.74758860996371e-07,2.20833982211843e-07,7.63469714115672e-07,2.33004826100114e-07,7.29417266143173e-07,2.5449908491737e-07,2.79907609979091e-07,9.2273106133689e-07,8.59164089206388e-07,2.21329514715762e-07,1.78418503082867e-07,2.96996844895148e-07,1.33817374603495e-06
1.36301352426926e-07,1.87980148780298e-07,2.46727765329524e-07,2.75956423934076e-07,2.16083734017047e-07,2.06421461257378e-07,2.88685185978466e-07,2.21162395064312e-07,2.63461629401718e-07,1.57084443230815e-07,2.50588911399063e-07,2.5274117376739e-07,2.27670355457121e-07,2.59182755257825e-07,2.39179485106433e-07,1.83883358317871e-07,1.80065526933504e-07,2.74758860996371e-07,2.20833982211843e-07,2.12453898029707e-07,2.33004826100114e-07,1.59282492973034e-07,1.84425829274915e-07,2.79907609979091e-07,1.88340266049636e-07,4.2155964763424e-07,1.62727729957624e-07,1.78418503082867e-07,2.59429725701921e-07,7.90169437436816e-07
7.11617360593664e-08,9.28764904983836e-08,1.36508532477819e-07,7.69613563988969e-08,9.43216349469367e-08,1.34702389686936e-07,1.0932058103208e-07,9.92309310277051e-08,1.12378913286193e-07,6.93876529567206e-08,1.1026089907773e-07,1.33817110281598e-07,1.19638670526001e-07,9.66407327496199e-08,1.04539253698022e-07,1.26483413964706e-07,1.0982356002387e-07,1.25784652027505e-07,1.05982024933837e-07,8.13589906556444e-08,1.23259411566323e-07,1.17418423428717e-07,1.29156191519542e-07,1.07967082385585e-07,1.26765570485077e-07,1.23225930792614e-07,5.18629263979165e-08,5.37659161636839e-08,1.4974916950905e-07,1.62100405987076e-07
