1327674.78729948,15937205.0881712,2876276884.61008,18425996.3446991,21051472.7539412,17592595.7154931,809329440.750963,3443002.12252249,61600816.8787859,34169249.8347084,6432396.54053586,604242.140066674,277979.019440031,310350345.069329,29937668.081157,1211959.97243374,92902817.4569807,105784540.761844,1039440.82499563,1679509.42248489,15943318.2563875,47610255.3089804,2202704658.29574,1489066132.45518,23357357.5028458,405162178.987162,1034364098.29383,1141195417.81687,1841749299.62783,4798627.13702901
512671.774618599,2388851.76856135,5980243.44199679,4268244.05399591,11466359.2270652,1598977.26533297,911069.429539835,490252.981608772,252167.004429854,12116352.3847526,379385.282644662,115737.771974262,136712.838982397,540964.655132527,1325849.71676819,1211959.97243374,5344282.58909615,3933787.81869983,1039440.82499563,87905.7986835042,2047486.55850469,3033390.43767,10528810.5300294,8142016.73715539,311195.26032436,429671.330439408,3326498.54406172,1087926.23523155,7084117.45434555,92615.068234968
370266.779781277,1099080.60114076,1151176.84838203,1674316.9822405,316461.648359433,232592.877937577,911069.429539835,490252.981608772,252167.004429854,112067.327855976,353831.886706554,46231.3008226981,77337.1004879491,540964.655132527,408537.805931044,1211959.97243374,3964673.55488976,3314586.77161395,652088.394428995,87905.7986835042,14688.321902899,2527853.64431652,8724158.14837476,1388641.70841372,311195.26032436,429671.330439408,1170491.46481545,1087926.23523155,7084117.45434555,92615.068234968
348510.9572907,743200.070282782,725516.199046514,152993.340531676,130909.092692488,52916.5928182881,269757.615970967,472165.186556136,162809.479748198,112067.327855976,55515.9237373975,25624.7299016249,43171.3511330337,137071.09334676,25846.8780367354,258303.40015686,564085.176044785,370164.513427856,47171.8592858537,87905.7986835042,14688.321902899,44595.9629196256,119874.704330178,83126.214702293,120660.483129925,429671.330439408,492753.213536296,357834.76577804,293263.758106724,92615.068234968
6948.42813040033,3214.57210327355,6382.60003723158,4433.77504261638,2542.61134437588,5573.54136600453,3742.17372163726,8589.80280988247,9624.40820680649,3559.97784522246,6152.63458649411,11952.0004138847,2659.57732319505,1744.69615253283,3241.93015549393,2919.36475138561,11035.7112514246,2056.09668761749,3990.26487538708,7215.14444306735,4505.72523535002,1967.08288433136,5060.53650092732,1864.04098216404,11040.1927884303,6594.62148986721,17373.8802796173,4250.47199880615,21865.4358667508,6526.89593800837
519.195024226907,282.975684935514,729.054673250078,417.874758675074,159.203328736482,67.6958851999239,633.269713495219,530.488732282004,526.871649436162,323.892547427069,392.343491946618,623.904025246466,728.983722678962,498.741562187662,265.436102941671,450.6601363784,69.3493968049872,495.716434354128,503.826090130507,65.5581320469678,161.929981178602,500.029341469914,364.873836390012,266.041124714772,361.50989262464,386.373874819588,596.093950542901,665.525708995929,396.046692636699,665.249129322931
483.201673350337,246.585368876532,721.960656091284,387.62368117372,131.581102837351,32.5036361081495,600.895851656702,502.699608223965,455.40198691839,263.99363172875,370.766930363467,575.372682553353,702.533633091307,467.715413204872,264.489343735233,439.462340101385,15.364262173151,475.984306724703,460.590888330889,34.2447748405582,27.3005614733538,475.655628379232,11.1682314202696,233.20616945446,248.150814354055,356.55162550282,590.655714483533,655.337414938143,360.32273828888,647.797173160127
483.201485772071,246.561589549811,721.960640314692,387.62303744339,131.580910033806,32.5036134585771,600.89508861125,502.656445352541,455.401854174674,263.968868125291,370.761460470781,575.372175096134,702.521587197923,467.681057661507,264.489326185711,439.462272042485,15.3609293681677,475.984301044676,460.508230954404,34.2447322756659,27.3003418737401,475.640617519156,11.1526623631828,233.205680087902,248.150262615457,356.551007376322,590.655670818917,655.337402508803,360.322695577005,647.796478348597
483.201485772071,246.56153709082,721.960640314692,387.62303744339,131.580910033806,32.5036134585771,600.89508861125,502.656276063942,455.401854174674,263.968868125291,370.761456368915,575.372175096134,702.521582506737,467.681039832691,264.489326185711,439.462272042485,15.3609293681677,475.984301044676,460.508192472567,34.2447322756659,27.3003418737401,475.640617519156,11.1526623631828,233.205680087902,248.150262615457,356.551007376322,590.655670818917,655.337402508803,360.322695577005,647.796478348597
483.201485772071,246.56153709082,721.960640314692,387.62303744339,131.580910033806,32.5036134570696,600.895088569307,502.656276063942,455.401854174674,263.968868125291,370.761456368915,575.372175023351,702.521582506737,467.681039832691,264.489326185711,439.462272020232,15.3609292662341,475.984301044676,460.508192472567,34.2447322613864,27.3003418737401,475.640617519156,11.1526623454463,233.205680087902,248.150262615457,356.551007376322,590.655670818917,655.337402493147,360.322695577005,647.796478345535
483.201485772071,246.561536438981,721.960640303018,387.62303744339,131.580910033806,32.5036134570696,600.895088569307,502.65627320235,455.401854174302,263.968868125291,370.761456368915,575.372175023351,702.521582506737,467.681039832691,264.489326185711,439.462272020232,15.3609292662341,475.984301036804,460.508190324811,34.2447322613864,27.3003418714122,475.640617519156,11.1526623454463,233.205680071404,248.150262591042,356.551007376322,590.655670818917,655.337402493147,360.322695574162,647.796478345535
483.201485772071,246.561536438981,721.960640298634,387.62303744339,131.580910033806,32.5036134570696,600.895088569307,502.65627320235,455.401854168126,263.968868122132,370.761456368915,575.372175023351,702.521582506737,467.681039832691,264.489326185711,439.462272019827,15.360929261908,475.984301036804,460.508190324811,34.2447322613864,27.3003418655796,475.640617519156,11.1526623454463,233.205680071404,248.150262591042,356.551007376084,590.655670818917,655.337402493147,360.322695574162,647.796478344323
483.201485772071,246.561536438981,721.960640291823,387.62303743769,131.580910032043,32.5036134545335,600.895088554246,502.65627320235,455.401854164445,263.968868106101,370.761456368915,575.372175011228,702.521582506737,467.681039832691,264.489326185711,439.462272013899,15.360929261908,475.984301036804,460.508190324811,34.2447322452347,27.3003418655796,475.640617519156,11.1526623411607,233.205680066741,248.150262583365,356.551007363008,590.655670810939,655.337402493147,360.322695569161,647.796478341161
483.201485770942,246.561536438981,721.960640291823,387.623037430336,131.580910031609,32.5036134526626,600.895088553862,502.65627320235,455.401854164294,263.968868105933,370.761456368915,575.372175011155,702.521582506737,467.681039832691,264.489326167332,439.462272013823,15.3609292597805,475.984301034435,460.508190324811,34.2447322450446,27.300341861896,475.640617519156,11.1526623407067,233.205680066096,248.150262583316,356.55100736299,590.655670810777,655.337402487913,360.322695568836,647.796478341001
