563138362.401762,386578849.272546,7807238137.7433,3506422094.59206,6787459335.62258,2233374883.31395,4885865644.92338,772533044.035583,5371553323.26184,1727950086.38839,330636455.379203,273228636.698295,14178378.6655879,3614884147.12464,2713041625.08043,4889653761.18961,3206064200.54044,1363598783.50273,3830459476.50347,9522164.46516569,1881379038.7134,3912988986.59264,11121437608.5601,5658584708.56203,1703305383.02051,5829094512.55875,9499198156.8752,9515181078.19302,13933636412.7593,526142836.989155
471743707.03355,269515448.985028,7807238137.7433,3506422094.59206,6456706155.56428,2107929353.19903,4628142894.17214,692663275.156759,5232630217.03894,1630604010.02136,239996625.217786,220688364.67609,2393338.84960326,3496824411.10333,2487630460.37976,4641839415.77002,3067727346.87474,1363598783.50273,3574687952.74732,5392591.55397804,1695085398.86722,3838383927.95931,10570182013.9799,5502221965.21932,1525079094.4716,5597019326.88986,9217826889.50232,9232670949.92181,13526606168.9417,389222580.838026
471743707.03355,269515448.985028,7567637894.66665,3348235911.83353,6456706155.56428,2107929353.19903,4628142894.17214,692663275.156759,5232630217.03894,1630604010.02136,239996625.217786,220688364.67609,2393338.84960326,3496824411.10333,2487630460.37976,4641839415.77002,3067727346.87474,1252263311.75308,3574687952.74732,5392591.55397804,1695085398.86722,3838383927.95931,10570182013.9799,5502221965.21932,1525079094.4716,5597019326.88986,9217826889.50232,9232670949.92181,13526606168.9417,389222580.838026
334726725.771733,142638419.173364,7095307741.84065,2804733143.12133,5630490642.35766,1783890454.87436,4253103251.44378,493749368.773272,4580830809.53305,1357078424.10176,181507846.97491,119191089.368212,1041212.5797496,3318160104.97481,2284559388.02652,4029611197.67041,2560053294.39084,1126463545.93121,3143899041.75569,3472059.38935517,1489509083.71834,3359228297.05007,10293092221.9739,5235116267.40086,1334879250.2537,5259769632.12362,8547996399.33726,8198850909.69789,12692685899.4005,285194070.118054
84482135.680283,31362842.746913,6454198510.92379,2401053236.45359,1897147381.00108,739433017.82555,2994861819.03342,6486808.65009982,2606647522.8385,317551433.255619,20475931.86326,3445344.87433741,791306.142575918,2380438754.7236,1398097314.61665,2036087866.63629,1405479202.60761,833913570.190798,1306824352.04143,2700546.47001259,632455152.602839,2059687539.82997,7693385225.53561,3813524939.44626,651580345.228236,3390695728.96108,4982136943.31365,5512975794.74613,9825674027.23605,7799854.95185019
1327674.78729948,15937205.0881712,2876276884.61008,18425996.3446991,21051472.7539412,17592595.7154931,809329440.750963,3443002.12252249,61600816.8787859,34169249.8347084,6432396.54053586,604242.140066674,277979.019440031,310350345.069329,29937668.081157,1211959.97243374,92902817.4569807,105784540.761844,1039440.82499563,1679509.42248489,15943318.2563875,47610255.3089804,2202704658.29574,1489066132.45518,23357357.5028458,405162178.987162,1034364098.29383,1141195417.81687,1841749299.62783,4798627.13702901
512671.774618599,8135516.96353816,5980243.44199679,4268244.05399591,11466359.2270652,1598977.26533297,911069.429539835,1970506.23329335,3049205.67494869,26319657.2321356,379385.282644662,384553.689489558,277979.019440031,540964.655132527,1583597.91829608,1211959.97243374,5344282.58909615,31184241.9771818,1039440.82499563,450690.807140974,2047486.55850469,3033390.43767,10528810.5300294,8142016.73715539,3622654.4541521,4187286.81089028,4264812.65633025,5933729.79773502,9666532.37321411,1860818.92189541
370266.779781277,2125370.94593759,5351610.43614626,1674316.9822405,953973.341794301,232592.877937577,911069.429539835,490252.981608772,252167.004429854,1980041.28608731,379385.282644662,71915.3867013334,100841.542603024,540964.655132527,1213328.7896479,1211959.97243374,3964673.55488976,3933787.81869983,652088.394428995,87905.7986835042,14688.321902899,3033390.43767,10528810.5300294,8142016.73715539,311195.26032436,429671.330439408,1170491.46481545,1087926.23523155,7084117.45434555,92615.068234968
370266.779781277,889906.558279587,1151176.84838203,253361.545538785,316461.648359433,52916.5928182881,269757.615970967,472165.186556136,252167.004429854,112067.327855976,55515.9237373975,41484.8710390366,62635.302541882,335101.31529168,408537.805931044,495268.115040236,564085.176044785,983110.903034192,652088.394428995,87905.7986835042,14688.321902899,2527853.64431652,119874.704330178,827945.696881587,158605.174268105,429671.330439408,1170491.46481545,357834.76577804,1712855.19055105,92615.068234968
82272.2806785492,382093.050585021,131209.325310702,104198.266247554,23365.3297084247,52916.5928182881,55799.2969292577,419968.210430197,117775.097461934,9248.25672639004,39477.3312568045,15335.8858232418,5375.88915820812,3730.33082840844,20578.0695948637,71197.3129702532,144286.733913751,54751.9523685981,13425.7888183646,45988.5394515196,14688.321902899,28821.5108630226,15135.8274790954,77369.6399554698,72632.108604118,71345.9172983633,149508.942176059,121166.743872843,100448.620704527,92615.068234968
6948.42813040033,3214.57210327355,6382.60003723158,4433.77504261638,2542.61134437588,5573.54136600453,3742.17372163726,8589.80280988247,9624.40820680649,3559.97784522246,6152.63458649411,11952.0004138847,2659.57732319505,1744.69615253283,3241.93015549393,2919.36475138561,11035.7112514246,2056.09668761749,3990.26487538708,7215.14444306735,4505.72523535002,1967.08288433136,5060.53650092732,1864.04098216404,11040.1927884303,6594.62148986721,17373.8802796173,4250.47199880615,21865.4358667508,6526.89593800837
932.476163726476,599.326852464737,1089.9139631458,596.61533079103,875.459241107941,1993.06532708837,867.651641106419,1039.51473543417,1718.18980869338,1144.51692585586,589.120072620726,2535.65696006207,896.175920496405,539.370612496877,302.42988567466,532.255184388616,803.588739398728,607.650209469376,577.307280103983,1248.1972076651,1534.0824796269,676.182247240664,921.353739238531,333.636340413707,1855.76533378271,706.248651384496,774.523137255148,719.935620974838,1246.35626650963,856.083319410367
483.596615189618,248.828182572717,721.980704505528,388.013883445649,132.13402708467,32.5829212428146,602.914975069327,504.495933666023,455.591489713172,267.647698938164,370.938114433397,576.291418155745,703.16089505502,479.912163749883,264.496624596952,439.670645542084,17.9818725338862,476.043141740634,471.259014946908,34.3556559518565,28.6730197068857,476.47310855176,16.6385140926943,233.803823124833,250.358960956702,357.595833048417,590.887870755926,655.354103027538,360.399817658673,648.933973137607
483.201485772071,246.561589549811,721.960640314692,387.62303744339,131.580910033806,32.5036134585771,600.89508861125,502.656445352541,455.401854174674,263.968868125291,370.761460470781,575.372175096134,702.521587197923,467.681057661507,264.489326185711,439.462272042485,15.3609293681677,475.984301044676,460.508238704717,34.2447322756659,27.3003418737401,475.640617519156,11.1526623631828,233.205680087902,248.150262615457,356.551007376322,590.655670818917,655.337402508803,360.322695577005,647.796478348597
483.201485772071,246.56153709082,721.960640314692,387.62303744339,131.580910033806,32.5036134570696,600.895088569307,502.656276063942,455.401854174674,263.968868125291,370.761456368915,575.372175023351,702.521582506737,467.681039832691,264.489326185711,439.462272020232,15.3609292662341,475.984301044676,460.508190324811,34.2447322613864,27.3003418737401,475.640617519156,11.1526623454463,233.205680087902,248.150262615457,356.551007376322,590.655670818917,655.337402493147,360.322695577005,647.796478345535
483.201485770942,246.561536438981,721.960640291823,387.623037430336,131.580910031609,32.5036134526626,600.895088553862,502.65627320235,455.401854164294,263.968868105933,370.761456368915,575.372175011155,702.521582506737,467.681039832691,264.489326167332,439.462272013823,15.3609292597805,475.984301034435,460.508190324811,34.2447322450446,27.300341861896,475.640617519156,11.1526623407067,233.205680066096,248.150262583316,356.55100736299,590.655670810777,655.337402487913,360.322695568836,647.796478341001
