47375.6241365044,40527.9776124719,77482.4088596361,59688.6482458556,41063.6671213801,64467.7442040986,99963.8575581525,58540.4326703153,33643.64568147,43876.3487040605,149322.073930982,55028.2882213564,36528.3339675245,39029.2870203311,76241.651966936,120067.838492163,49948.313388677,71983.727790887,36989.8203047107,60215.2844471327,98432.0755229759,61695.2904921424,180346.066586899,96953.9576168551,75110.6897878269,28669.6437503336,56311.6373206559,37886.7754241853,119042.809886394,73700.0105280395
22592.6428859719,26666.3292606182,58965.747930665,41557.1228385129,28400.4199351868,48618.2893347164,45852.587444243,36537.9011953965,27570.6594020843,30089.634300131,111334.410877029,43648.2339911625,32272.3654655299,29781.8524755392,46362.8143270286,41233.816541696,36821.2338857756,50819.6149464235,32370.2600981571,49094.4583521583,71269.1854479821,33694.4999470389,58884.5526605698,51527.0666906246,46413.4581864784,20410.4712030313,26941.9543336915,27306.3641089268,30973.0076763411,56066.8138543835
18945.2414093656,15562.569324153,37057.6257439075,26497.5135409088,22765.6876080192,27493.1319409394,36078.6650277228,27132.8683985858,25344.9151543453,24424.005050706,68687.5984711102,29194.2591026169,22047.8160504562,17620.9457743511,37567.6737069726,28033.5467941564,25472.2021821144,32934.1643715378,19765.1848158616,30725.5869661337,46178.6404618032,19289.0509525489,32008.6306063311,36139.6876603061,33745.8448936676,14433.5492582613,19448.5119094972,15734.6059575198,25914.6863820773,26397.8370976715
4087.0076493068,5050.31396662063,10645.5554752366,8930.99490525468,5981.14885609675,16238.1118159393,5814.4110433382,6582.02864358034,19589.6555598074,14111.4590668297,20866.3654810862,11321.9467458199,12134.6809337651,5956.68842348529,8101.66551245964,19614.3961984931,6624.47202476633,11714.8761503522,5542.81845949142,9865.9588956551,12972.5295773039,8406.51406582409,14581.6758291375,8802.17113848199,4608.45920861626,3668.94680632085,8907.68678604917,5044.56819626595,7014.04697805432,12878.7803889486
864.861273829869,1169.91188595201,828.101605766707,1016.30533157209,668.531986710128,1178.22803579362,1455.34353189282,919.071631929876,1741.43031163518,1311.95069486989,1110.73112488527,975.152111078378,966.684542569284,788.924498929587,729.281523549043,1385.01993975631,1187.42336759246,1080.19448722589,735.646096015258,989.302460997319,1768.80783517988,1234.83780941571,1325.62792217774,1040.18688803638,855.24118301792,865.316841307245,997.225630517337,776.798422811469,810.160490015975,1391.49665919295
181.821949849814,161.835608122191,223.454725048686,135.891244066896,166.690929007814,154.208802821037,152.676466356587,156.909165104979,153.500842070629,119.812813583853,135.263906850039,180.766305116895,116.619823450575,163.303574788109,246.931352232494,165.619909259149,176.821426310664,136.918599581516,163.85170827535,162.118406376357,104.74049212459,209.013780260791,112.940807138455,95.672177679284,201.944397305999,71.3785055258811,132.706307846691,123.251276304928,154.59530648866,117.555895126335
180.460396715848,131.718436471991,197.537065797586,133.800786583784,162.484862523921,151.882240108247,129.733077667448,138.510896237194,134.329651974489,115.813879038587,126.691323620598,173.441810436168,113.259071773637,158.571674994784,240.093101397858,154.622759699418,125.919706115668,107.857543761043,162.479069653144,143.748042497078,93.9125335581809,179.453544714533,104.790507973878,91.36241703931,193.486315136471,66.9778227200322,126.681405252388,104.326868995992,139.918380413149,113.808231149522
180.441855110116,131.632927241283,197.356090649042,133.679430225125,162.476241996085,151.588449241654,129.642949956379,136.664112915731,132.684641693861,115.770381239451,126.657698152662,173.420463404626,112.785631660903,157.558426885754,240.081974060824,154.516711226978,125.663273946122,107.810762647611,162.475906047811,143.628909566174,91.8918822381565,179.446838630246,104.76914328868,90.8966204785645,193.375917142356,66.9607886156361,126.658099649005,103.830686216383,139.648856208093,113.780132530981
180.441854902716,131.632811811045,197.356077578626,133.679429804714,162.476218226608,151.588447741127,129.642893688414,136.664061656398,132.684536558565,115.770379323125,126.657669290178,173.420451315256,112.7856240683,157.558412463547,240.0819515793,154.516636819597,125.663082710629,107.810757335388,162.475891383442,143.628908580212,91.8915900283041,179.446819360423,104.769129619232,90.8966158122141,193.375916524393,66.9607762212991,126.658082322791,103.830675787414,139.648852266836,113.780129698865
180.441854902716,131.632811797259,197.356077578626,133.679429804714,162.476218225674,151.588447741127,129.642893683058,136.664061656392,132.684536558506,115.770379323125,126.657669289483,173.420451315092,112.7856240683,157.558412463547,240.081951578895,154.51663681445,125.663082689294,107.810757335388,162.475891383,143.628908580212,91.8915900282193,179.446819360423,104.769129618857,90.8966158122141,193.375916524393,66.9607762209328,126.65808232269,103.830675787414,139.648852266836,113.780129698865
28.1986769465034,131.632811797259,28.3811259597671,37.47929702698,40.9065736621487,28.4837219267988,88.9860789230931,45.7976005337614,42.2247008670006,48.7975086142289,48.0038257037311,43.6273794949586,44.0818469319659,36.4844733164514,49.5060679219039,51.6026059896635,104.159720777179,36.0121606567045,41.1340829571013,26.4710302603655,41.275414070916,43.132925102097,82.2902061397594,35.8044579603024,27.2073374996794,44.3123395239045,38.8066501540782,39.1391942713476,73.2512323663964,45.3838871818157
26.2273380565382,25.952002715705,26.2256605519806,31.5593027138389,35.2399892758847,23.2799141150106,25.7983901046828,38.161746180195,38.1661187643299,47.1188574438172,39.173435780526,28.5611615562379,33.1380991830017,33.1555547130586,29.2487396943582,39.5243243326011,24.519692197654,34.1847101444687,23.3187483312174,24.2379562628118,37.1796767172455,41.14918061514,34.1942731323804,32.2094559676568,25.2306906445974,27.4029516378248,31.1459302785015,25.247423299485,72.9320177751051,44.1338927836423
26.2245144316958,25.2295575279481,26.22451442845,30.2043531142535,35.1791359427853,23.2396374315344,25.2295562500876,36.1741350023499,38.1640180753593,47.1185890421286,39.1589670967585,26.2261467886615,33.1323100764455,33.1323129472009,27.2199405820147,39.1589675915739,24.2345966452806,34.1841768068819,23.239637361462,24.2345963197979,37.1690489655964,41.14888013069,32.1942927410205,32.1942637532702,25.2295553731301,25.2300176018734,29.209440272776,25.2295554133502,72.9305509952408,44.1337573016658
26.2245144251199,25.2295553680399,26.2245144250542,30.2043506534853,35.1791358632456,23.2396372537958,25.2295553679721,36.1740949203565,38.1640180723361,47.118589041577,39.1589670539126,26.2245144260169,33.1323097489174,33.1323097489214,27.219468444559,39.1589670539017,24.234596310866,34.184176806169,23.2396372537573,24.2345963108489,37.1690489396185,41.1488801301584,32.1942586920686,32.1942637297816,25.2295553679526,25.2295553682411,29.2093915963512,25.2295553679432,72.9305509431047,44.1337573014828
