2397804805.31032,1307928527.0968,8039945188.15264,4010105707.49627,3096445521.5371,6399288641.45032,12960740973.4027,2695793813.62508,1995627962.34494,7197564941.38694,9101953194.92949,12861198585.9831,15178654794.0414,1786438470.79394,409052224.229198,10302439950.0686,10677008132.1002,17837300071.8033,3828576410.64741,1423155434.09435,6435147901.25167,3678110901.80952,8449498798.96019,7695068735.49116,19556511361.3963,3279480601.45237,7909361272.04757,10679401228.6153,4599610870.86318,6055477257.98306
2397804805.31032,1307928527.0968,8039945188.15264,4010105707.49627,3096445521.5371,6399288641.45032,12960740973.4027,2695793813.62508,1995627962.34494,7197564941.38694,9101953194.92949,12861198585.9831,15178654794.0414,1786438470.79394,409052224.229198,10302439950.0686,10677008132.1002,17837300071.8033,3828576410.64741,1423155434.09435,6435147901.25167,3678110901.80952,8449498798.96019,7695068735.49116,19556511361.3963,3279480601.45237,7909361272.04757,10679401228.6153,4599610870.86318,6055477257.98306
2397804805.31032,1307928527.0968,8039945188.15264,4010105707.49627,3096445521.5371,6399288641.45032,12960740973.4027,2695793813.62508,1995627962.34494,7197564941.38694,9101953194.92949,12861198585.9831,15178654794.0414,1786438470.79394,409052224.229198,10302439950.0686,10677008132.1002,17837300071.8033,3828576410.64741,1423155434.09435,6435147901.25167,3678110901.80952,8449498798.96019,7695068735.49116,19556511361.3963,3279480601.45237,7909361272.04757,10679401228.6153,4599610870.86318,6055477257.98306
2397804805.31032,1307928527.0968,8039945188.15264,4010105707.49627,3096445521.5371,6399288641.45032,12960740973.4027,2695793813.62508,1995627962.34494,7197564941.38694,9101953194.92949,12861198585.9831,15178654794.0414,1786438470.79394,409052224.229198,10302439950.0686,10677008132.1002,17837300071.8033,3828576410.64741,1423155434.09435,6435147901.25167,3678110901.80952,8449498798.96019,7695068735.49116,19556511361.3963,3279480601.45237,7909361272.04757,10679401228.6153,4599610870.86318,6055477257.98306
2397804805.31032,1307928527.0968,8039945188.15264,4010105707.49627,3096445521.5371,6399288641.45032,12960740973.4027,2695793813.62508,1995627962.34494,7197564941.38694,9101953194.92949,12861198585.9831,15178654794.0414,1786438470.79394,409052224.229198,10302439950.0686,10677008132.1002,17837300071.8033,3828576410.64741,1423155434.09435,6435147901.25167,3678110901.80952,8449498798.96019,7695068735.49116,19556511361.3963,3279480601.45237,7909361272.04757,10679401228.6153,4599610870.86318,6055477257.98306
2397804805.31032,1307928527.0968,8039945188.15264,4010105707.49627,3096445521.5371,6399288641.45032,12960740973.4027,2695793813.62508,1995627962.34494,7197564941.38694,9101953194.92949,12861198585.9831,15178654794.0414,1786438470.79394,409052224.229198,10302439950.0686,10677008132.1002,17837300071.8033,3828576410.64741,1423155434.09435,6435147901.25167,3678110901.80952,8449498798.96019,7695068735.49116,19556511361.3963,3279480601.45237,7909361272.04757,10679401228.6153,4599610870.86318,6055477257.98306
2397804805.31032,1307928527.0968,8039945188.15264,4010105707.49627,3096445521.5371,6399288641.45032,12960740973.4027,2695793813.62508,1995627962.34494,7197564941.38694,9101953194.92949,12861198585.9831,15178654794.0414,1786438470.79394,409052224.229198,10302439950.0686,10677008132.1002,17837300071.8033,3828576410.64741,1423155434.09435,6435147901.25167,3678110901.80952,8449498798.96019,7695068735.49116,19556511361.3963,3279480601.45237,7909361272.04757,10679401228.6153,4599610870.86318,6055477257.98306
1987520138.96479,1155515604.19432,7206627045.02481,2541759130.30375,2788255563.51515,5816556404.58681,12960740973.4027,2390477850.56815,1754653237.24861,6982238382.98009,7610150840.40641,12077136903.0258,13603874456.3503,1375486247.88382,388508478.413945,10302439950.0686,10349225449.8147,5692761313.20802,2965385956.10765,1423155434.09435,5234560046.96711,3636411449.45297,8403569142.2334,7672349527.8564,19505287065.4659,3279480601.45237,7909361272.04757,9119558607.13674,4599610870.86318,5791089012.08418
1199417146.29117,644111400.801927,6012250443.09304,2286964195.06646,1983838233.87573,4012537740.25752,12061475921.652,2027374432.35734,1458154744.10469,5080103548.39862,5930838274.38303,9103374034.81107,12267466714.0447,1279621179.75914,190253991.813845,8430612427.47975,7059090234.51559,5338283016.20347,2909638093.17292,794903898.667711,2551781985.91336,3236946730.43767,6360462704.97562,5673402601.30092,14090044251.7553,1792064113.03153,3918758183.96351,8111941328.2961,3985354382.09574,5646983279.4131
860543268.818592,471100754.642122,3621778802.41426,2106709030.36104,1634887927.29375,2640280833.52872,9956652444.08058,1411979315.39278,1065362492.68341,3792946259.75289,4140943326.62234,8336632425.69668,7483612488.83702,955762594.518316,134633411.425972,6080769104.63608,7049265378.77463,4281104439.16856,2041408997.80383,386113403.646375,2529439416.72104,2350581510.54822,5314271029.93135,3013469549.65263,9149520246.77097,1792064113.03153,2110273380.0366,4471194133.22151,2157452618.60071,1394018536.17723
171779102.289181,59325258.7726799,49168736.6547946,52765343.5536215,100752892.033967,83852072.2740759,155046210.183141,100461420.033432,381571211.914083,98705299.9812872,91680996.9588006,90972432.6237925,106934791.009611,245686447.163799,14576271.9258899,53666139.5262946,40936748.8036422,104366390.248589,139643030.435757,63554415.5542586,56119132.2193162,209030271.66491,64252298.9362324,97864417.6090949,161732508.491795,119937308.259959,62028638.8062412,55884331.8376284,97278245.462321,111707711.820756
20583382.4455347,27915565.4934913,30605539.4144537,14699780.3500283,10981090.0522526,18370358.3269579,28599786.2899184,35604484.6549484,37447279.531863,16070607.9336814,35731281.8239882,45594310.7480402,41346031.012416,17719179.6997851,6888564.4965558,31525482.5137172,21379810.342691,25286458.8246598,17956321.5655407,28141258.0929855,26524054.4005172,35206131.3301731,10239473.0674105,23215191.2215436,15683430.9015154,34068180.9500797,16066517.327409,22104609.6508776,11468464.4811348,24456367.8701606
3621201.11419518,8592377.32065907,8213266.67590177,5663633.31816779,1752191.98682029,4606841.92802689,8620872.26766637,5704209.53778457,8302771.50087944,1925379.37878464,5598765.66328053,6642562.81356313,6552605.23958039,2441796.2204326,1607356.75092294,10686464.0068053,6434857.36906781,6153251.82406222,5407765.12603919,4989008.91541761,5568813.28851343,5487102.3390197,3020662.71299577,5362011.84997765,1816385.04126028,5046304.77018491,5845597.8841026,9640409.9943827,4414190.78685332,2678793.91340757
173995.431612646,417309.40992,96341.6325644741,430802.771956927,68933.3631348009,253532.414750559,213052.864939373,154757.047791568,377784.847983222,159693.804093205,156661.7079417,338306.417292253,278326.357990376,117194.83506883,70432.7660458947,212682.368979761,323760.759229972,253178.943326119,238684.839560601,187196.07588697,324389.146510309,470546.482146757,91080.8589088453,127169.954610123,118613.999322141,225769.338884368,317921.550252986,262252.614579488,111158.295736603,192821.771415307
526.44742318001,582.129273150837,605.748943216605,795.577307741219,717.193261834061,806.824448632266,682.528193890995,533.135684830548,596.38140433341,806.310698116613,633.158000911997,524.883910919693,599.265818544646,599.912990349023,515.881222904528,571.953666720696,663.648414589027,621.821239271928,629.048305194261,744.241547330514,750.71306156474,568.982178419834,610.342523200005,651.402434762947,532.94729877604,614.20354311634,550.10462578083,561.592259510365,446.715191132608,649.808943365018
292.614225522481,317.490704683348,388.131690406057,391.116667182589,438.868689151065,413.002220580021,297.587700871343,254.808445958388,301.570964972501,424.942031613693,339.379308008903,332.413470485069,355.297544053403,426.933741023181,387.134484458453,307.540303201493,395.09584259889,357.288502020517,332.414368329166,326.444673415981,385.145985579464,335.396338265162,460.760829130427,332.41491233632,344.353199640044,425.938505699361,324.454227779784,341.368853738764,308.535627273093,393.105914139783
