1214.00163506269,1442.71601779078,1244.39086630425,1155.22797468242,1237.24529968567,1177.13025338643,1443.17403742749,1466.53202811731,1428.72873347503,1193.23282595746,1582.78173288333,890.891735135498,1212.41577208,1078.34969353422,1132.66182702232,977.752187453573,1344.15571268036,954.921940996414,820.871204724134,1179.31678076445,989.029799927126,1554.75891545699,1006.38386875886,1456.32157540594,1081.81269790999,1323.90880281,1310.20374920399,737.454815649345,1275.21661737395,1302.41315961403
838.581434238051,1379.66745653865,759.74629534104,822.155545148667,889.272780449174,885.291409379282,562.201894125985,1125.17059860235,933.932015277922,571.849351471109,870.629243280496,460.363722994493,1041.95858521356,536.957203937987,936.668334470691,537.272654984909,1026.46896362148,680.043720314953,323.840942983271,401.704867478113,904.534191769463,1014.86112120338,620.750343016056,913.1854395602,775.040972164521,1133.07570263402,795.368141411628,603.259151737613,991.212861624042,561.465390533109
838.581434238051,674.236561966556,412.441439105971,503.17772589324,584.71192907852,517.566686062695,328.244213271381,456.368966692265,728.121443662519,523.036095002544,507.50569468587,323.954260249422,565.961102296792,467.097396927626,713.429594256386,405.655378348853,889.32279103722,518.163707214526,323.840942983271,363.78461871342,783.161275113034,788.319026673762,397.478494700607,366.722976747834,729.853982920573,552.121058210337,748.866481664845,425.98398275825,939.760541084023,481.110616853533
624.463418728689,426.14815747833,249.882023179119,287.655498361728,470.689886566559,388.514118555039,268.611233364577,276.535051143199,303.065777376518,173.694845906493,433.555680175695,239.166104598194,379.354564635332,277.152734843596,446.676477544227,262.029956150455,570.962345389395,303.023826701619,185.496035587671,212.166696094637,483.386799521621,625.839737588502,281.984901774242,366.722976747834,406.284058307006,406.222841126466,370.956612689251,280.313649571245,847.518511656655,257.120819000344
326.222327639397,325.260565468461,49.0209861938138,174.248972926749,171.668922768988,349.209212287422,72.2394266007109,58.3966603547569,81.9923804862522,86.6245801194734,181.798428592434,67.1069211902877,198.76413734237,123.163926022377,207.346727802428,196.369034771249,284.252553985799,230.253519006553,104.453648268776,132.767068755368,251.524552621436,572.093888063408,247.277683733775,193.237263243516,360.428665394383,81.5477063081348,114.613529444923,211.684043556401,837.518876818276,103.864607532014
320.327438433509,323.68978714502,48.5310048784609,174.180469555868,170.8234412955,349.117141214597,70.7843617838212,55.6929464794453,80.4805366935545,86.5420051740123,179.485836157599,66.304977174389,196.879573634393,122.672937029626,204.759592771465,196.316848334862,281.443315040151,229.742358883523,103.91475044369,132.263685048591,250.279057997103,571.893131791079,247.244312486617,190.780020996081,360.347329519947,79.6883243224254,109.212869557988,211.250531669559,837.505463372335,103.519811788159
320.321486619483,323.687719255893,48.5309515606878,174.180444291496,170.823319590835,349.117114747969,70.7843117483924,55.6927730212437,80.4804656625831,86.5419306828035,179.485697604974,66.3049187405315,196.879389967427,122.67290851048,204.747998701102,196.316843299606,281.442556128666,229.742277314019,103.914690043583,132.263611160318,250.279003715008,207.501169128577,247.244288070491,190.779824467486,298.970885105381,79.6882554696247,109.204457730567,211.250444237739,125.642168137342,103.519671721548
111.248715160837,193.20674489756,48.5309515606878,164.96117250669,49.1320152047358,180.467559792344,70.7843117483924,55.6927730212437,46.8837205655836,86.5419306828035,179.485697604974,52.3337763719987,46.2346092670514,122.67290851048,45.6743858520329,156.298161745109,240.393086114508,64.7006297392502,103.914690043583,43.3198928562119,173.292920196481,29.0654347512768,172.714054161467,190.779824467486,177.798759259509,75.2357834914926,39.7416155973647,99.3814984292421,87.5240164823335,63.9071897029976
111.053597764276,193.199592252171,48.5309515606878,164.418347729781,43.2094777355369,179.690369636385,70.7843117483924,55.6927730212437,43.2518355653897,86.5419306828035,179.485697604974,51.6591368344714,45.7735719367508,122.67290851048,45.0096055456813,155.659031578404,240.386471728239,64.3344621208421,103.914690043583,39.5023612044931,172.667459203852,28.5364484054955,172.680540235642,190.779824467486,177.772475486901,75.1973128428124,38.1356715016132,98.8772636826368,87.5196198776393,63.8478095974006
45.1471663230654,193.199592252171,28.3276732642146,164.418346800353,43.2083983355337,179.690368916778,46.5069165383788,36.0469470497658,43.2518032467406,38.661125215508,46.9387414785811,51.6591357915779,45.7735719367508,28.4211468190488,45.0096055456813,84.4783758970825,163.933364254098,64.3344621208421,33.3864178799201,39.5023173985678,172.667458726923,28.5364484054955,143.318031438853,190.779824467486,159.369406185839,39.0889641587414,38.1356631699575,98.8772636826368,28.6379427607544,63.8478095974006
36.7356353131445,193.199592252171,26.4849787860348,164.418346800353,43.2083983355337,158.479696584829,45.6417747874204,26.9372682467504,43.2518032467406,37.8598112837806,40.3253414262795,51.6591357915779,45.7735719367508,23.170247466544,45.0096055456813,31.8494885357391,162.435708806903,64.3344621208421,26.621323679972,39.5023173985678,172.667458726923,28.5364484054955,140.992167571788,190.779824467486,158.023426913252,28.4427948807381,38.1356631699575,98.8772636826368,20.8752187680741,63.8478095974006
36.7228303933471,166.838069309359,26.3564159295347,164.418346800353,43.2083983355337,158.120802010897,45.448783363988,26.6833855154296,43.2518032467406,37.727820091827,40.2414981828501,51.6591357915779,45.7735719367508,22.9638742543516,45.0096055456813,31.4547270833868,162.244465126012,64.3344621208421,26.488543733951,39.5023173985678,172.667458726923,28.5364484054955,140.890544459405,190.779824467486,157.986149370812,28.1464951660676,38.1356631699575,98.8772636826368,20.6936176852885,63.8478095974006
36.7228303933471,23.2916888775876,26.2674526044825,164.418346800353,43.2083983355337,158.120796177688,45.448783363988,26.6635092807087,43.2518032467406,37.7183890503779,40.2414981828501,51.6591357915779,45.7735719367508,22.951384986751,45.0096055456813,31.4254751814954,29.3425112820732,46.3898733365952,26.488543733951,39.5023173985678,36.9369380132555,28.5364484054955,140.890544459405,147.830342638065,157.986149370812,28.1464899212035,29.6142494049593,27.4726595445429,20.6936075709527,38.7138590105421
36.7228303933471,21.1093606068503,26.2674526044825,164.418346800353,43.2083983355337,158.120796177688,45.448783363988,26.6635092807087,43.2518032467406,37.7183890503779,40.2414981828501,51.6591357915779,45.7735719367508,22.951384986751,45.0096055456813,31.4254751814954,21.9492276681237,41.3450564754651,26.488543733951,39.5023173985678,26.615810311157,28.5364484054955,140.890544459405,145.601477931299,157.986149370812,27.308148495342,27.4330112666789,22.3564548832883,20.6936075709527,32.5904659709333
