2622974580.76763,6922017822.64111,2849399940.09072,11676775939.5624,2014642028.51264,18795802680.6468,15377230687.3614,21802654098.6177,9717229004.86753,11851291948.3223,11776516330.72,1609001210.16241,3860791934.12528,10530735923.9793,5869516102.32219,17388356219.8549,1853265427.68298,4978557910.36513,18651177658.0472,16044212393.9184,4304870466.25762,1089140949.24222,8651773400.56307,3629953600.61658,13920029761.3003,73569957590.4018,5535198726.35645,29734907742.3088,261171646.91355,10549739668.4891
2622974580.76763,6922017822.64111,2849399940.09072,11676775939.5624,2014642028.51264,18795802680.6468,15377230687.3614,21802654098.6177,9717229004.86753,11851291948.3223,11776516330.72,1609001210.16241,3860791934.12528,10530735923.9793,5869516102.32219,17388356219.8549,1853265427.68298,4978557910.36513,18651177658.0472,16044212393.9184,4304870466.25762,1089140949.24222,8651773400.56307,3629953600.61658,13920029761.3003,73569957590.4018,5535198726.35645,29734907742.3088,261171646.91355,10549739668.4891
2622974580.76763,6922017822.64111,2849399940.09072,11676775939.5624,2014642028.51264,18795802680.6468,15377230687.3614,21802654098.6177,9717229004.86753,11851291948.3223,11776516330.72,1609001210.16241,3860791934.12528,10530735923.9793,5869516102.32219,17388356219.8549,1853265427.68298,4978557910.36513,18651177658.0472,16044212393.9184,4304870466.25762,1089140949.24222,8651773400.56307,3629953600.61658,13920029761.3003,73569957590.4018,5535198726.35645,29734907742.3088,261171646.91355,10549739668.4891
2622974580.76763,6922017822.64111,2849399940.09072,11676775939.5624,2014642028.51264,18795802680.6468,15377230687.3614,21802654098.6177,9717229004.86753,11851291948.3223,11776516330.72,1609001210.16241,3860791934.12528,10530735923.9793,5869516102.32219,17388356219.8549,1853265427.68298,4978557910.36513,18651177658.0472,16044212393.9184,4304870466.25762,1089140949.24222,8651773400.56307,3629953600.61658,13920029761.3003,73569957590.4018,5535198726.35645,29734907742.3088,261171646.91355,10549739668.4891
2622974580.76763,6922017822.64111,2849399940.09072,11676775939.5624,2014642028.51264,18795802680.6468,15377230687.3614,21802654098.6177,9717229004.86753,11851291948.3223,11776516330.72,1609001210.16241,3860791934.12528,10530735923.9793,5869516102.32219,17388356219.8549,1853265427.68298,4978557910.36513,18651177658.0472,16044212393.9184,4304870466.25762,1089140949.24222,8651773400.56307,3629953600.61658,13920029761.3003,73569957590.4018,5535198726.35645,29734907742.3088,261171646.91355,10549739668.4891
2622974580.76763,6922017822.64111,2849399940.09072,11676775939.5624,2014642028.51264,18795802680.6468,15377230687.3614,21802654098.6177,9717229004.86753,11851291948.3223,11776516330.72,1609001210.16241,3860791934.12528,10530735923.9793,5869516102.32219,17388356219.8549,1853265427.68298,4978557910.36513,18651177658.0472,16044212393.9184,4304870466.25762,1089140949.24222,8651773400.56307,3629953600.61658,13920029761.3003,73569957590.4018,5535198726.35645,29734907742.3088,261171646.91355,10549739668.4891
1791147958.60466,5138219820.53007,2536447629.40721,11676775939.5624,1841364648.77819,15593328170.273,12707608417.4747,20261280720.8754,7987465880.59613,10672058193.6224,10666589722.1857,1387845355.32226,3195523425.72681,7625404508.86018,4776244630.36931,16712083206.2687,1773945606.18762,3829300805.83204,18651177658.0472,14982917390.6865,4304870466.25762,804141002.345494,8651773400.56307,2438843482.05735,13920029761.3003,68470148176.8484,4971744735.39941,28553373304.8858,261171646.91355,9131547934.59421
1509230622.62488,2604044836.74927,1449805770.42915,10754602007.9581,1000679203.76587,8390810994.79126,10224261831.3434,17878277298.5029,5800331798.10183,6486701212.70376,9448870571.78597,1387845355.32226,2850392257.39153,3692787881.57275,2438296049.29212,13955350975.6452,1430107777.65978,2950575885.46552,14393047245.5726,14599837431.3149,3021783294.855,519809603.340862,7557024818.45988,1476538500.66278,13920029761.3003,60192327669.6571,4289330532.9706,25030697119.6412,153286719.919748,6630891970.70244
842106553.521985,1239508915.28015,763318213.162407,5399753338.15715,516825054.358741,2123625389.90487,3148704272.4699,9960396496.10531,1557348722.00493,2231457091.6775,2637329373.11408,1019610702.03165,1612894916.90665,327711451.126138,247149018.354,9904195350.39503,459829985.134464,851371283.350396,4049837103.76169,9194912292.80489,1482503615.10905,370768534.500616,3440554520.14615,328147925.040445,7451476870.56357,38700716026.4609,2265235928.35075,15777977804.8843,142855467.856301,3641995327.50095
190938072.945619,229172406.700467,526666936.953384,403679188.488206,130313150.692854,162768600.852402,591823727.530467,1552764329.42197,195995381.499925,288116256.480352,769340407.869499,546532587.91606,201543268.966711,86188395.9166498,118111814.292225,1060657160.18472,314562987.191756,107035458.181908,268227417.603176,1763007218.96104,99820704.3072908,154930690.207984,1422564491.06877,66949410.7084586,600653701.040428,1457294209.94375,153521191.958792,1846354961.56485,142855467.856301,113021018.37404
73547285.9929531,145612730.673425,114279579.663595,108601078.545921,32823086.1381508,14678584.7960262,92617250.0572727,82886940.4820653,32161957.459301,25144050.8388864,86183126.2762906,96960135.3566097,31167270.38773,30663703.7390695,67918119.9233657,41945872.9843028,38434038.9708292,45395636.9554969,45726444.51503,56653940.2177641,29888534.6013412,56130743.5631125,169493788.669088,21896188.014472,20655384.0374969,121278664.934123,12262458.4070113,100508987.072187,70851193.3826534,62623830.5298977
27512268.2649239,14832325.6270635,31609733.2354846,31689758.4725882,22264792.7042463,10389243.7478685,45759579.6571746,16880112.0561782,14435605.5033053,10298585.4969081,18199954.4484345,16145334.7427379,11120910.2659704,5463427.98720118,24915738.4226814,25382387.3263938,6878510.4144982,21345735.8505137,16781589.0125531,25838324.1534382,10238144.3083324,10910609.8861726,41859237.1411119,11540193.8166445,9083144.17947857,15550286.7285381,6871753.48648209,67175920.8745592,12799479.5616866,12896592.752927
2007364.5554267,794337.740606638,2369272.59726209,1782131.7830969,3786731.57972892,1069036.47559509,2240881.70084251,1115660.28878969,1517011.14193444,1391108.35590437,2136398.94389309,1485951.98020382,719277.683075172,601384.025142603,1651219.98806054,2537299.27756619,3076706.60797223,784425.005478992,2133119.30311757,3818155.90377354,1931264.96132282,727669.283472325,4334961.81825783,1015646.48770061,417702.648713846,1803120.69757611,1471812.42184452,3277754.81017885,1174777.84131461,4068750.01581036
82126.9604348965,55763.6078948699,73780.8386435978,57283.1549895331,44235.1533167011,50208.2480876626,70781.1686286613,100732.642408223,72758.0327328131,78165.3688032029,49796.3027502523,80429.0462107694,121741.075041972,70348.1484285397,98473.8293363148,80170.6477198495,127703.583193124,112720.380097472,45040.2583148311,149289.18392529,83620.3765450823,93710.579694232,65708.0107179724,99030.8820558075,69495.2501294385,71440.2502260822,67288.8039028641,97705.4543250639,66651.2702238821,52261.884940039
483.508855750578,488.226288829557,414.388969552268,506.581316566366,962.895996783784,364.634659537811,328.989723896481,518.532244242119,688.151474966495,561.102001961376,488.811967825225,357.313119273394,437.835613695516,686.135551513249,667.87223282113,399.116155369939,472.913003756752,469.000894204063,649.006614249617,590.424318369891,535.558991526482,436.220340931263,210.483195544804,575.338127229866,436.096522016548,356.234953057841,471.22060656337,441.565139299779,321.860426665809,947.915384177677
253.376661177348,395.881266035372,299.24054871993,282.1760514194,336.611291578164,249.333810498008,197.979246938831,281.087208515891,344.837643676322,236.205220712134,394.801570972645,250.476243542514,294.644783139256,309.500284095843,450.676252699142,306.11192113791,199.062072940034,244.78124032612,423.488328997159,433.898275212325,396.216219988647,145.734305665856,174.000256070447,413.844976399999,184.777229756005,313.489257677099,410.476205226596,277.379894624266,277.860059580039,479.929197732175
