190938072.945619,229172406.700467,526666936.953384,403679188.488206,85923301.7125465,162768600.852402,591823727.530467,1468462006.46235,195995381.499925,238968598.090242,387183024.602223,423012914.46432,162226401.282938,86188395.9166498,104216876.053943,1060657160.18472,296392369.004991,107035458.181908,268227417.603176,685409167.146426,69765331.845534,119095017.429082,781209621.848002,49057215.7886988,232251514.712405,836489364.699423,153521191.958792,1068830761.8638,142855467.856301,87697541.4326642
73547285.9929531,145612730.673425,114279579.663595,108601078.545921,32823086.1381508,14678584.7960262,92617250.0572727,82886940.4820653,32161957.459301,25144050.8388864,86183126.2762906,96960135.3566097,31167270.38773,30663703.7390695,67918119.9233657,41945872.9843028,38434038.9708292,45395636.9554969,45726444.51503,56653940.2177641,29888534.6013412,56130743.5631125,169493788.669088,21896188.014472,20655384.0374969,121278664.934123,12262458.4070113,100508987.072187,70851193.3826534,62623830.5298977
46581529.9125654,51982371.5118016,56728525.7808979,71309695.4406359,22419974.0750318,14678584.7960262,92617250.0572727,29073093.8592821,28711099.9561771,23824250.3975014,51641273.9463274,46464192.1141736,24512598.983828,23385755.7407145,28982835.3932838,41945872.9843028,20772433.8702305,45395636.9554969,33048484.3956282,38762540.4788306,19840252.4274551,28442788.9835543,80003494.9498787,18788340.9663402,17321249.600439,37361349.1707866,7458841.99012962,67175920.8745592,37283585.2166551,27451193.2276954
16463652.2234202,14832325.6270635,28806801.7129264,12930660.5281231,15805239.029615,7010534.04528368,31689352.7661749,14677217.7728469,14435605.5033053,10298585.4969081,8052104.57279864,11402405.8252258,9874173.05825215,3283105.95744225,11426568.1641473,24019681.8572381,6878510.4144982,9606851.87109596,13582027.6267659,21970714.1161681,9067269.17171183,4142363.06982492,37190080.0192569,4647918.47188554,9083144.17947857,11006217.5155801,5101076.18146124,52675758.784635,7311405.00303664,12896592.752927
1199714.39400332,615459.847339276,2369272.59726209,1782131.7830969,2863750.49043113,591756.016316206,1782136.03127534,606785.313104801,1517011.14193444,1391108.35590437,1557279.5787337,1324550.79885089,649416.592213774,460453.203121379,1538288.84945927,2028253.45827885,2405489.78747152,784425.005478992,2133119.30311757,3117604.87426746,1635470.92671151,702799.298197299,3384734.94460865,943349.981732084,392389.565695256,1276574.22044517,1420132.85764413,3277754.81017885,1037217.13590714,2964703.19345242
91802.8731595462,67700.0909443827,83806.4574303406,66292.2061853471,44270.8521507337,53416.8266611366,90759.8382713529,104534.5162262,90584.1436800248,83449.3806819051,53341.684528081,85086.046872181,136861.693806563,76389.4089828748,109632.816707171,86906.379354466,162733.404965209,123855.505782179,49399.5340962589,149289.18392529,90910.5093136242,99397.9985584785,67110.5371920465,107705.689574719,74505.0179229734,78362.9665698926,77127.39481458,121561.527775838,67899.2485310952,57981.117179479
7586.42918617369,6023.75937020121,10087.289318185,10268.9864896237,10216.3933870763,4985.85557228543,15569.8858886433,14552.9211748452,7617.79104801835,7051.57424571864,6269.32964521733,8425.08899806569,17057.5595599028,9151.75669387326,13189.5602018037,15743.4959255532,8876.15615038506,12202.7199671729,4455.31394788834,22939.6067284797,11683.9616395245,4347.05330636519,9859.98003046894,10877.605301089,7112.94092832527,7739.72198115771,6593.12600538378,9105.95353196505,10694.5522182645,9693.27713666984
579.587375784683,572.438696421528,532.349737955798,658.711333219926,1079.04131293773,430.453846190125,540.225382397081,657.638746702174,779.70489295368,645.250905919201,570.975047337781,520.761409962267,754.127286319537,862.137741306042,846.657190432869,501.253532607388,536.45068234764,598.782550784067,726.332253459153,781.129784522467,690.440647669999,548.722412082518,347.783128763075,687.646639031531,573.172231554481,410.465879846975,545.158902190652,642.249673844523,467.703204675335,1113.72031424033
379.793130668584,395.881266035372,299.24054871993,344.187280643805,662.997427600031,249.333810498008,236.032224584559,281.087208515891,595.197794068105,429.27282814,413.404836532273,269.743995269458,365.268910891578,490.901514862613,536.0847241722,340.141633510349,395.603996185695,270.916460684709,526.41809127437,491.777714998326,474.294322055867,321.293727034358,177.217300599363,414.185895714767,224.023218490263,313.489257677099,410.476205226596,360.977289562575,278.473285004773,545.546843740838
379.793130668584,395.881266035372,299.24054871993,344.187280643805,662.997427600031,249.333810498008,197.979246938831,281.087208515891,595.197794068105,429.27282814,394.801570972645,250.476243542514,349.228301750507,431.738670890502,508.414114323927,340.141633510349,395.603996185695,244.78124032612,526.41809127437,433.898275212325,396.216219988647,321.293727034358,174.000256070447,414.185895714767,184.777229756005,313.489257677099,410.476205226596,332.993159289794,277.860059580039,545.546843740838
379.793130668584,395.881266035372,299.24054871993,344.187280643805,662.997427600031,249.333810498008,197.979246938831,281.087208515891,595.197794068105,429.27282814,394.801570972645,250.476243542514,349.228301750507,431.738670890502,508.414114323927,340.141633510349,395.603996185695,244.78124032612,526.41809127437,433.898275212325,396.216219988647,321.293727034358,174.000256070447,414.185895714767,184.777229756005,313.489257677099,410.476205226596,332.993159289794,277.860059580039,545.546843740838
253.376661177348,395.881266035372,299.24054871993,282.1760514194,388.30230929757,249.333810498008,197.979246938831,281.087208515891,344.837643676322,236.205220712134,394.801570972645,250.476243542514,349.228301750507,316.270399598091,450.676252699142,340.141633510349,338.275545940528,244.78124032612,423.488328997159,433.898275212325,396.216219988647,164.00312163927,174.000256070447,413.844976399999,184.777229756005,313.489257677099,410.476205226596,332.993159289794,277.860059580039,479.929197732175
253.376661177348,395.881266035372,299.24054871993,282.1760514194,388.30230929757,249.333810498008,197.979246938831,281.087208515891,344.837643676322,236.205220712134,394.801570972645,250.476243542514,349.228301750507,309.500284095843,450.676252699142,340.141633510349,338.275545940528,244.78124032612,423.488328997159,433.898275212325,396.216219988647,145.734305665856,174.000256070447,413.844976399999,184.777229756005,313.489257677099,410.476205226596,332.993159289794,277.860059580039,479.929197732175
253.376661177348,395.881266035372,299.24054871993,282.1760514194,336.611291578164,249.333810498008,197.979246938831,281.087208515891,344.837643676322,236.205220712134,394.801570972645,250.476243542514,294.644783139256,309.500284095843,450.676252699142,306.11192113791,199.062072940034,244.78124032612,423.488328997159,433.898275212325,396.216219988647,145.734305665856,174.000256070447,413.844976399999,184.777229756005,313.489257677099,410.476205226596,277.379894624266,277.860059580039,479.929197732175
