2012.35139192727,1725.75450191152,2100.44180130195,2269.2795144779,1557.98275176812,3034.25173356523,1861.96319258684,2175.29585455057,2179.28002481919,2100.44143937101,1303.63072143899,1949.75024106995,1882.62093474496,1949.79898513241,1635.4494395169,1538.59579929572,2025.95803697751,1563.56072563449,2139.99880956407,1835.35258318128,1238.16655622234,1609.32887329197,1917.86098351219,2021.24194631956,1986.01848466478,1922.99373039397,1782.1864090504,1799.72874458005,2073.40930119669,1706.34849336128
2012.35139192727,1725.75450191152,2100.44180130195,2269.2795144779,1557.98275176812,3034.25173356523,1861.96319258684,2175.29585455057,2179.28002481919,2100.44143937101,1303.63072143899,1949.75024106995,1882.62093474496,1949.79898513241,1635.4494395169,1538.59579929572,2025.95803697751,1563.56072563449,2139.99880956407,1835.35258318128,1238.16655622234,1609.32887329197,1917.86098351219,2021.24194631956,1986.01848466478,1922.99373039397,1782.1864090504,1799.72874458005,2073.40930119669,1706.34849336128
2012.35139192727,1725.75450191152,2100.44180130195,2269.2795144779,1557.98275176812,3034.25173356523,1861.96319258684,2175.29585455057,2179.28002481919,2100.44143937101,1303.63072143899,1949.75024106995,1882.62093474496,1949.79898513241,1635.4494395169,1538.59579929572,2025.95803697751,1563.56072563449,2139.99880956407,1835.35258318128,1238.16655622234,1609.32887329197,1917.86098351219,2021.24194631956,1986.01848466478,1922.99373039397,1782.1864090504,1799.72874458005,2073.40930119669,1706.34849336128
2012.35139192727,1725.75450191152,2100.44180130195,2269.2795144779,1557.98275176812,3034.25173356523,1861.96319258684,2175.29585455057,2179.28002481919,2100.44143937101,1303.63072143899,1949.75024106995,1882.62093474496,1949.79898513241,1635.4494395169,1538.59579929572,2025.95803697751,1563.56072563449,2139.99880956407,1835.35258318128,1238.16655622234,1609.32887329197,1917.86098351219,2021.24194631956,1986.01848466478,1922.99373039397,1782.1864090504,1799.72874458005,2073.40930119669,1706.34849336128
2012.35139192727,1725.75450191152,1996.65270885576,1722.87645905286,1557.98275176812,2469.57538940054,1861.96319258684,2114.08860536339,2106.02205566803,2060.42442094224,1303.63072143899,1665.36765109496,1720.80820009684,1919.79971534226,1424.65866112893,1538.59579929572,2025.95803697751,1480.38184475911,2139.99880956407,1484.75868887264,1238.16655622234,1517.83617022037,1917.86098351219,2014.52658892943,1986.01848466478,1828.18186925421,1355.12883307647,1527.99205328188,1885.74837893441,1630.03012978679
1745.74025141231,1725.75450191152,1996.65270885576,1722.87645905286,1557.98275176812,2343.42034773743,1861.96319258684,2057.85085005941,2106.02205566803,2001.25325656327,1303.63072143899,1484.06307302842,1661.05631567566,1840.64186820028,1424.20509638444,1538.59579929572,1927.32302160092,1457.7844656893,1813.58970063136,1484.75868887264,1238.16655622234,1517.83617022037,1811.97539417836,1965.99695773784,1986.01848466478,1757.10717740386,1355.12883307647,1468.18648009363,1885.74837893441,1630.03012978679
1515.13873749646,1725.75450191152,1669.38984587579,1705.44140503372,1557.98275176812,1993.11192554936,1861.96319258684,1844.29388717523,2106.02205566803,1856.01802143078,1186.04420594646,1484.06307302842,1451.12788600598,1828.28214551319,1375.12761540901,1538.59579929572,1446.40630263838,1330.71838234979,1716.1324539968,1484.75868887264,1238.16655622234,1517.83617022037,1586.6210270407,1915.67196659578,1809.5129287779,1757.10717740386,1042.07131373181,1277.47626103675,1482.53031549017,1488.41535779165
1439.35408745431,1403.49068414749,1669.38984587579,1603.03952435463,1436.58480278331,1864.64894331993,1622.90236047891,1677.52250870505,1630.0658358152,1555.1416283159,1186.04420594646,1234.01228480885,1213.96090372633,1600.17393413946,1375.12761540901,1538.59579929572,1284.57251724315,1110.02881845785,1592.95824977087,1221.76500978562,1238.16655622234,1351.40843666194,1541.37120878058,1618.00415745616,1809.5129287779,1507.90368963275,961.997828671503,1277.47626103675,1383.11280191,1101.18119632212
1389.22073147655,1196.4107013209,1410.96752262346,1603.03952435463,1196.22943353031,1181.71775307118,1412.05214275922,1663.3991351363,1630.0658358152,1555.1416283159,1186.04420594646,1234.01228480885,1065.57292483587,1547.34822039234,1375.12761540901,1220.68502831268,935.018529836146,919.480866137185,1474.68385123152,1116.71496939683,1073.51375062919,1351.40843666194,1502.6876717029,1491.22954593585,1697.14115157863,1486.76105925768,961.997828671503,1142.44800831565,1018.00462372857,1101.18119632212
857.43772416397,1032.49344636156,1196.66653023742,1364.45873199512,812.787618957354,1043.10278827353,896.279291750271,1063.46985553696,1315.87181694844,1329.54103072651,842.31363744157,730.541600540306,832.939450839859,1410.49754641448,984.749159018548,1011.70047531092,935.018529836146,910.345466366037,954.815866482251,749.080015699689,790.307233028821,1246.55689547276,1110.75328966472,1046.43886551696,1244.66023064006,852.701438192697,738.881084715302,824.099248511364,791.573233545442,728.336912393121
768.691466167259,717.50118117011,641.35884488817,966.761178660481,617.616818479845,857.320008114943,615.509069714104,730.477339741843,1142.71723003395,955.318503565797,718.696996760349,388.157973064472,481.49583865675,1154.60333034179,621.883094848112,853.31175610701,908.647468852506,830.82678756798,553.005678287031,633.211844683512,462.40095539686,1056.33167728881,696.8185666477,778.914731324811,425.199751857203,519.243657913255,525.463770158664,680.103402403778,791.573233545442,527.635230397455
321.653979976813,560.457929273544,252.862357713059,499.210120955783,485.793094113535,406.489419312785,326.292505575186,458.188186945517,952.380819831393,643.618869371359,637.651409900055,227.243279053914,277.929802648137,658.233323877933,345.837346900634,806.492928617837,493.304124854003,556.047289281244,219.700966133586,511.615125640468,407.050742000494,1004.72414053391,504.128837388187,613.42380345843,241.000240572503,344.630987394026,407.628575195226,560.738753267574,414.839990580909,315.28302941867
194.458711157491,554.994224162974,48.8477906692956,428.287965176546,293.294715877967,209.163124242114,177.959860479333,179.03887415018,949.553757635013,375.798956415576,632.603245612102,196.683938104187,233.374784788931,479.86405081498,294.376703829791,805.183961369028,414.444630106175,530.021748002007,57.2028495380023,503.778965015774,404.482710022858,1003.16266421347,436.557002207733,597.383927763957,203.602890922783,309.261560031076,204.052869359871,551.853073398161,175.661126292075,299.659455417901
193.739775812004,554.865025171129,42.9661410836966,428.127096087293,291.681717228632,208.664007670844,176.316657631543,175.123640656547,683.606278820469,374.618507534253,503.729741489982,196.1787532667,232.774899477842,479.15390033993,294.212726161051,804.456341786568,414.146415474616,529.708828326932,56.6744302378115,503.670642531238,391.325090019367,866.414749497595,436.366006390817,597.311602747433,203.308432656003,306.858423272386,202.120138202595,551.686383034943,173.324283030977,299.561751975693
158.029286245417,222.089011123174,42.9607123248234,156.403892964669,291.678133521243,148.953038567561,176.302822492692,175.122058286629,138.543648226662,270.474414129978,181.151951996152,164.391282584171,163.637462942794,396.403394865576,161.678528963652,598.786325462122,387.151794287571,160.196969449085,56.6735385633792,503.67024347022,29.5254805944771,187.044273390885,150.405903484039,278.374622293679,168.895240212626,207.44865111924,202.118577971105,276.751041279489,164.287328735052,277.254964612764
157.983507914676,148.750712598117,42.9607123248234,156.403892964669,138.797229307323,144.347322170355,176.302822492692,139.405216478661,138.543648226662,176.878562296974,20.4376593818024,145.985813368878,144.448381053766,94.6728070287122,144.352158995567,277.142163386521,167.36861307761,160.196969449085,56.6735385633792,276.417391504699,29.5254805944771,150.575582625442,20.3226248156438,26.7936530262321,168.895240212626,150.677612767323,202.118577971105,139.206476675748,20.5174669628591,144.425935503863
