2555.93550396398,2789.27122002798,2713.81225888772,3009.36419091319,2546.21849295066,2734.21896808388,2984.3044076698,2096.01641723974,2914.63986142947,2374.99622224538,2938.23959271822,3253.69967748362,3081.53250516704,2500.48384381049,3167.44447449314,3208.19561690263,3017.49972310166,2644.57391989265,2476.09577505301,2496.4265062372,2328.70308850782,2083.52956328101,2812.59286969151,2571.47286677835,2842.01121616951,2886.96672850176,2655.5836447676,2932.46273548888,2768.61456117489,2757.04466658038
2263.71813743486,2156.97409056181,2090.13224972438,2964.54053039803,2232.05898337884,2537.45062921637,2551.4092170741,1793.38100361806,2546.70304182388,2156.06130171888,2859.40145011924,2998.67262359507,2654.57493555315,1945.10022454457,2496.01630085569,2268.99462317538,2559.96282039257,2326.7927446947,2162.79345664744,2362.81890689081,2245.32418239777,2083.52956328101,2014.27719761546,2380.20385519244,2506.33378735697,2677.70390770336,2276.20218276645,2504.00981857858,2364.7883135711,2532.35613168772
2263.71813743486,2031.16696973041,1941.2977274077,2256.19419849415,2100.67694747605,2464.28333739482,2198.98276726264,1607.88141449368,1857.65961662609,1853.35372877909,2504.80912229353,2366.37551471132,2239.480419317,1861.91960349883,2496.01630085569,1996.93189732477,2140.98207526643,2321.84124352813,1557.2742790015,2083.90103883383,2137.13105764876,2083.52956328101,1906.56767453608,2308.14760971713,2489.00099648674,1773.40001451378,2130.77665492339,1933.49846538428,2022.12986389129,2317.06281831929
1514.67274640586,1982.68873407442,1700.56712899548,2125.13793464444,1727.36032817504,1403.51436024221,1880.4027301386,1160.24095955027,1622.2852754291,1604.06533715882,2187.2843490598,2059.55340349778,1728.53490828829,1782.31043311309,1701.00426308956,1804.76225545907,1623.52358085199,2164.26877974554,1224.16807391276,1680.83108260941,1202.40775486029,1912.97089077652,1231.0443945845,1887.90402363415,2065.27158756192,1773.40001451378,1401.14609078312,1807.84839561947,1327.62264135927,2058.03392183756
869.650280881372,949.969125766946,817.220661234917,1101.58178062062,987.054512346742,1119.30603047314,1636.50938770206,738.101923200107,1229.80811363288,1044.4735097132,1115.41973808505,1086.95049031317,948.761320552195,1273.54047812666,846.045770252419,466.032232771418,792.332577041243,832.060246901776,491.488048137302,667.734282502038,655.187389588337,1026.45338583901,664.949190436807,1304.25904236358,1131.07735609726,948.383134690102,759.853620423988,653.919600643479,831.100153090223,991.793175016614
249.664596047967,279.777013377624,692.927585297154,464.554075673594,888.863690738791,694.502512790662,95.8048714525025,196.907099070127,305.231962216561,203.469261495145,885.151395333756,356.067210329064,927.883550502896,98.313240832998,347.053851544517,189.641674159611,569.800054442489,382.649312188068,444.232588328726,564.715764699948,537.491514243336,133.295753389581,654.766343242428,299.049643161806,353.166348707121,127.632805922826,513.831041919635,188.879555074729,345.715700132796,390.843644423544
237.863071619935,267.798981012992,689.864356668015,460.514414243119,886.907226311692,690.791286468903,59.9094133785147,195.537516920528,302.997900155756,187.832947941818,883.80106081684,354.416748546807,926.628627920439,78.8247746419647,323.583067500283,186.258578298326,569.386374349514,368.753428724627,443.845885904698,564.161967255216,536.393692441238,80.7950870142608,653.161677249427,263.866836993078,347.177992148945,109.955713078565,512.536879698095,149.221498391988,339.076981280173,386.919884838007
237.742210365416,267.606228882184,689.807905973975,460.464606278023,884.825985080136,690.748628889039,59.3745877869442,195.531561074632,302.902371774719,187.646575931583,883.751170276648,354.373912860598,926.534097469148,78.5778717132634,323.220677130695,186.227674181591,569.363851130471,368.072431487779,443.840835053718,564.095777240212,536.382597834786,80.693828789661,653.160294085637,263.276574821845,347.045653472911,109.621481922676,512.508696013701,148.276086184947,338.815071636438,386.8637063497
237.727777605328,267.585543243231,689.685200539126,460.456775138364,884.82456350487,690.743354128797,59.3498482257378,195.53119619168,302.901534664184,187.594243975741,883.746179518192,354.36846733382,926.532683107032,78.5617031519309,323.197831739495,186.219599815358,569.359813947687,368.013416208307,443.840749761943,564.091635123676,536.382304493547,80.6851583750768,653.160254955947,263.223069524152,347.033595084931,109.568617519036,512.500399318287,148.234477006267,338.790227772995,386.859169803043
237.726470455826,267.582823032443,689.618244472115,460.454492160971,884.824496366503,690.74144548701,59.335221682355,195.531172753201,302.901493853867,187.593647752904,883.743854749359,354.365966055264,926.532669351113,78.5528523496541,323.194623853391,186.216957546585,569.35819218656,368.010092788342,443.840746736762,564.09141969335,536.382302339099,80.6829272806417,653.160254498561,263.217853328892,347.031873568086,109.565056814562,512.498515814516,148.229528063992,338.783307255271,386.856413085502
237.726470455826,267.582823032443,689.618244472115,253.712841453001,605.050971967699,477.738315104714,59.3329592600289,195.531172753201,302.901493853867,187.593647752904,580.012883521164,354.365966055264,334.565414798035,78.5519147736386,323.194623853391,186.216957546585,462.406593697537,145.383404624975,275.430859320883,321.845941665733,339.352589710249,80.6829272806417,192.388785657585,263.217853328892,339.430070775,109.565056814562,346.016017130828,148.229528063992,277.074697417674,376.583133667364
102.629081235878,102.570351424888,305.526364418047,236.856844690956,497.466004237188,323.009028093501,59.3329592600289,90.3860060801685,89.6189912833452,55.4286841007047,419.099447114197,66.7684655698522,188.424920253182,78.5519147736386,230.985647249323,186.216957546585,47.2155380134059,88.6512348089,243.945979022821,313.110600856056,180.523675536014,80.6829272806417,50.5631490208261,263.217853328892,219.619196716604,109.565056814562,297.852916622802,148.229528063992,250.591503800013,314.058197875385
99.34656963921,96.7291510735995,166.678923917857,236.457871182205,495.82717404818,320.294744273019,59.3329592600289,88.1037293181416,36.4481117709563,47.0105653500445,417.56995040917,60.5404780371223,183.171348427858,78.5519147736386,229.902766701173,186.216957546585,44.374747317609,87.9276004729604,243.366556813784,312.830400381982,178.041597091131,66.0343691453031,46.731182237922,165.279289215263,217.014592077456,109.565056814562,296.513231303539,148.229528063992,250.090574527827,312.242207380363
99.2422819857229,96.5102837511399,164.121432500667,236.439817721246,495.813545702691,320.220720953494,59.3329592600289,88.0294021339123,35.069652586571,46.7657751467409,417.554466994279,60.2911081210909,182.767984735856,78.5519147736386,229.859156684366,186.216957546585,44.3269733172469,87.8949282011213,243.33374722175,312.811621176118,177.990092918508,65.1840805210445,46.5842852964352,160.982377738045,216.957377994268,109.565056814562,296.47411843511,148.229528063992,250.067515931128,312.178378704389
