5188.97760074275,4387.41559310053,4405.2656487065,2543.70738047997,2279.33431268469,3544.88527997921,4190.3299867516,3400.76278819887,2324.27168111975,3052.41605454904,5481.95602087902,4969.3253029599,4098.5781739469,3988.84392864964,6981.77042621145,5493.48127043919,6562.71030149692,5088.85925050111,3203.6440104386,4580.36043929645,2110.2295709948,2431.04844670361,4236.53399668163,2749.8695739358,4852.95998408583,3383.72835454252,8019.90366263814,5607.19605570286,3662.16648671333,3003.71039254609
5188.97760074275,4387.41559310053,4405.2656487065,2543.70738047997,2279.33431268469,3544.88527997921,4190.3299867516,3400.76278819887,2324.27168111975,3052.41605454904,5481.95602087902,4969.3253029599,4098.5781739469,3988.84392864964,6981.77042621145,5493.48127043919,6562.71030149692,5088.85925050111,3203.6440104386,4580.36043929645,2110.2295709948,2431.04844670361,4236.53399668163,2749.8695739358,4852.95998408583,3383.72835454252,8019.90366263814,5607.19605570286,3662.16648671333,3003.71039254609
5188.97760074275,4387.41559310053,4405.2656487065,2543.70738047997,2279.33431268469,3544.88527997921,4190.3299867516,3400.76278819887,2324.27168111975,3052.41605454904,5481.95602087902,4969.3253029599,4098.5781739469,3988.84392864964,6981.77042621145,5493.48127043919,6562.71030149692,5088.85925050111,3203.6440104386,4580.36043929645,2110.2295709948,2431.04844670361,4236.53399668163,2749.8695739358,4852.95998408583,3383.72835454252,8019.90366263814,5607.19605570286,3662.16648671333,3003.71039254609
5188.97760074275,4387.41559310053,4405.2656487065,2543.70738047997,2279.33431268469,3544.88527997921,4190.3299867516,3400.76278819887,2324.27168111975,3052.41605454904,5481.95602087902,4969.3253029599,4098.5781739469,3988.84392864964,6981.77042621145,5493.48127043919,6562.71030149692,5088.85925050111,3203.6440104386,4580.36043929645,2110.2295709948,2431.04844670361,4236.53399668163,2749.8695739358,4852.95998408583,3383.72835454252,8019.90366263814,5607.19605570286,3662.16648671333,3003.71039254609
5188.97760074275,4387.41559310053,4405.2656487065,2543.70738047997,2279.33431268469,3544.88527997921,4190.3299867516,3400.76278819887,2324.27168111975,3052.41605454904,5481.95602087902,4969.3253029599,4098.5781739469,3988.84392864964,6981.77042621145,5493.48127043919,6562.71030149692,5088.85925050111,3203.6440104386,4580.36043929645,2110.2295709948,2431.04844670361,4236.53399668163,2749.8695739358,4852.95998408583,3383.72835454252,8019.90366263814,5607.19605570286,3662.16648671333,3003.71039254609
5059.05108905087,4289.93275104363,4039.17692002608,2543.70738047997,2158.80070227807,3448.76636687543,4028.24123014827,3400.76278819887,2225.32449055977,2781.16775476807,5022.19607809354,4717.95544031331,3968.23870031669,3689.49812117303,6629.69532814034,5365.17533888165,6370.93390801614,4780.17811708625,3021.547368141,4580.36043929645,1970.21007729319,2216.66201943964,4139.92958811854,2695.7047633002,4606.2251677892,3268.49643401422,7873.5609098243,5287.73883174189,3566.95488321098,2671.1311584281
3844.82021957897,3862.40185276973,3233.2113465997,2353.30155153036,1738.34098040615,3206.37584817266,3569.4054845344,2915.11806788513,2013.04902428017,2067.91330942802,4156.10131022358,4038.7186420023,3355.32356377134,2888.65516523804,5364.03893504437,5056.84275560513,6001.72504839656,3770.83040963712,2404.16005947583,3919.1455293404,1840.63281393458,1977.95484618657,3383.26216430902,2566.16940005078,4454.99448735154,2795.63270787072,7424.47880210475,4413.18036108147,3054.02264100365,2419.68076918902
3185.66680428952,2896.36498266641,2642.63123327251,2027.48642733356,1531.75098955094,2470.61703599976,3052.94329901589,2016.85647829404,1584.5709999586,1416.22702629369,3132.50514589555,2824.28873403211,2337.88642346168,2202.0094321155,3481.64097059768,4188.29469825865,4569.42842997965,2385.11314038038,2145.95505085586,3374.26077745437,1682.33671187796,1477.67991575841,2821.56614856548,2112.24066771755,3488.66620505107,2045.35593001305,6031.20079382102,3416.18997601999,2065.75247045112,2087.4747813515
1990.88379826696,2068.96466568503,1410.61226216475,1662.52232797325,1108.01338945388,1670.36302447094,1839.1684974112,1631.72535222421,1315.14629050085,1194.93095739316,1254.95547258294,1421.53024297918,1687.52297686114,1483.24827906271,2000.33815519901,3160.68207142522,2538.33947592417,2102.07820405294,1664.04663714491,2261.69266960894,1618.18274544309,1215.41695519721,1589.86983347483,1722.70807612776,1665.58835408242,1339.74021784447,3477.52212345457,2268.78450438931,1372.60439692412,1379.61994485661
887.471710132754,912.550973863536,897.52337425962,983.370212409074,874.157284207193,861.152025382495,1166.02716363145,1044.95609551,756.864465121268,986.828936086014,1076.84877381919,872.339165584384,1004.36160227978,1036.0563882953,976.056302024995,1027.36139802842,802.988620034697,961.924046320709,968.302367945942,1151.42164749483,1052.57704164485,848.239318255979,856.711917667033,947.639027980767,976.820365489744,809.205640994919,870.412423957589,858.979457689674,894.44720567489,767.648471825345
678.055837862467,655.534306272874,730.356227555656,708.502648021376,656.120166077141,690.08419010851,756.461104335275,703.445568255098,680.673390529695,706.085603220887,236.749720819888,691.355533881934,714.42037004097,746.43403116172,681.795934142055,682.972376077352,672.145567073477,712.355635142878,686.593651776532,726.004381864268,752.783905255879,673.855767268404,651.559188734859,704.057822245683,704.131278396514,670.749954483114,662.00137076303,695.693390366076,728.841744027185,687.634820476337
604.177966901789,567.751317485754,616.886369608666,611.203594795977,604.453762554235,583.680396862724,585.811172936938,591.01262337774,570.05217666883,580.493621843926,203.922476225192,561.13119160939,606.090792177395,598.591916568175,583.91186501555,599.67834650133,594.599752619341,620.752367846183,599.935733991977,596.527585197203,621.043054333674,587.677429739233,580.21556220054,600.514468383657,583.678505417034,594.833054380569,595.311096731559,598.476981155844,606.484377798724,606.913164974291
422.366254459001,421.2186826999,425.91198164753,421.755635213015,419.45376302927,419.004687220307,426.232565625714,428.427388353055,424.81705219688,419.660988881114,200.000528281513,420.746343352332,424.085336473393,420.820005664336,424.451353066416,349.491998961428,413.427118776109,425.634653999338,425.528024766036,431.170220234661,423.968884556601,419.148344489036,422.878770813849,425.555173812244,424.609295158647,412.640507156019,428.271972443586,420.099184902918,425.481405496656,411.723864927603
422.350666117856,421.159154932456,425.838402800178,421.744141517217,419.27667288449,417.859508144845,424.95997622741,428.369030082399,424.816602144002,419.657880441033,200.000000100612,420.743198444111,424.011720838635,420.806929187182,424.449517127284,348.473734962921,413.408222260281,422.662095445312,425.511055316989,431.168769954788,423.728196946941,419.120184196752,422.875424029425,425.547497280173,424.569073028737,412.587051847727,428.259356336165,420.08999438115,425.462322102831,411.693767537942
422.350666117856,418.222114427343,415.739549186474,413.17766807747,415.243900654757,417.859508144845,422.523154150911,417.976804843211,417.653191798698,408.561725559105,200.000000100612,411.006447727393,415.33014650067,417.549224533041,418.868572797782,348.473734962921,413.408222260281,419.031075836629,415.872504428169,420.126706793719,410.473971999824,419.120184196752,419.315175090335,422.28326046961,416.874032211497,412.587051847727,420.574222552079,418.216931484152,421.246248720695,411.693767537942
411.750359038447,409.603595626913,407.216385135233,407.511746932619,406.945838233561,409.491362690675,413.607817083736,408.790298425214,415.313857990392,408.561725559105,200.000000100612,411.006447727393,415.33014650067,409.108761498516,412.632244017811,348.473734962921,406.532307229092,413.317024447673,408.243712304613,406.532307200806,410.473971999824,413.210156237257,408.243712302254,410.55357260445,200.000000119288,412.587051847727,412.115224556384,415.872510311452,408.243712309658,411.693767537942
