18685.3454165811,15256.6456867594,19074.9720170776,15192.1242798875,18580.0880658518,19255.5372314222,22440.1499967435,15860.6448047385,19583.3129199921,24223.8886371081,17185.8633108371,9450.23016022282,20960.4626454888,16535.8697570181,12956.5461747046,14628.7125895996,17997.0205971918,13780.3138517361,18817.8711952209,17205.1152301641,25830.6042920381,19548.7979914173,14813.3548192732,14624.0923459719,19408.9145100495,25919.4130452965,15239.490476993,20358.5855484909,12039.5283752929,12690.8272480997
16601.9424035958,15256.6456867594,18042.6718553245,15168.7501690462,17737.7686138862,12270.8415912881,21654.6719529471,13086.7298642371,18485.6941861291,23846.1254801697,16183.3567227297,7488.2965177752,15297.4924124749,11646.1674042543,12529.4246246213,14628.7125895996,17558.765571805,10752.4010101136,17772.927975384,16813.2689591122,24734.3413640893,18912.7199523931,11484.1684291871,11240.1881429605,12786.3184886007,25237.3494148044,13710.3025944609,20147.5844927982,11812.2665736138,12480.8155777134
16601.9424035958,14879.6247614786,17915.436551622,14777.7129929148,17662.0894144294,8190.85670027469,19634.5195906083,9223.93241853081,18485.6941861291,23846.1254801697,16170.8579017879,7488.2965177752,11236.2288312167,10149.7214346607,9983.35471431044,14628.7125895996,16263.9428291607,10752.4010101136,17772.927975384,16350.4832272795,23454.6505387327,18440.4533660194,8795.29610422837,7137.30145824113,10054.5818902801,23613.7087055679,13710.3025944609,18808.6356165068,10774.6125199673,12480.8155777134
14309.793680131,12569.881361391,17832.4603514473,11607.8950942558,17318.503395118,5519.60993822278,18398.4584635876,5603.07417559444,15595.3976967112,21470.2577634596,15346.7049717758,4972.35673840064,6553.01811012228,6188.47602331768,6381.24386126761,14628.7125895996,15670.1122245136,6733.62613606053,16945.4188490826,16350.4832272795,22739.1124319535,18440.4533660194,5968.02288172349,4457.48659622658,5146.49272045479,23613.7087055679,13193.9242674171,18497.1843475012,10774.6125199673,11030.033271887
10523.5049111959,8430.98633525129,12553.3839263538,8777.17640382262,9748.35087956352,4620.17002949719,11292.3443095607,4255.7449691188,10251.5584166864,13478.6690603617,9793.00315767647,3525.89589431885,3592.57419019195,3263.17983596804,3355.2363762699,9408.57929291828,10247.0512579627,3571.38267205906,12312.9125407708,10593.841342328,11600.7685070273,11740.5588052482,3843.55243559257,4457.48659622658,3123.08713608913,14091.8664768812,9052.51096494892,10884.2849954434,8639.97620269693,8093.46276007889
4899.23785611793,4071.6543629395,6192.32514862991,5393.39364141278,5749.6672275653,2235.42011784219,5397.58587189653,2406.21147297415,4741.65194181994,5975.46306008619,5713.63696139462,1934.93572821482,1931.16981359254,1830.89621753897,1993.99076896061,4969.5443040046,5430.37360580693,1869.5113995495,4501.0934931429,4798.57935926314,5111.66317310467,5021.47869498155,1964.88736177945,2621.05365658751,1907.09504078177,5584.66675162666,5077.86934909257,5369.62842290964,4556.46729027479,5084.83598462088
4899.23785611793,3605.57990505191,4974.82491335184,4721.7161990592,4112.50565290219,1766.1555713094,5397.58587189653,1704.23876322232,4741.65194181994,5975.46306008619,4621.25918201629,1605.42686992296,1657.96928357685,1620.54298697514,1643.96252701999,4969.5443040046,5430.37360580693,1587.0246231092,4501.0934931429,4798.57935926314,5111.66317310467,5021.47869498155,1649.96293595935,1782.98659458608,1618.42905612547,5584.66675162666,3715.94646282787,5369.62842290964,3823.72877745467,4715.35877950818
4899.23785611793,3605.57990505191,4974.82491335184,4721.7161990592,4112.50565290219,1506.33358209831,4494.68914285494,1499.60099362193,4741.65194181994,3893.78681499035,4621.25918201629,1005.4316393966,1177.69146919074,1205.27371336709,1114.98841463246,4932.98200541588,5430.37360580693,1134.55119261075,4450.0904424317,4798.57935926314,5111.66317310467,3977.70761854707,1124.19384329738,1598.11044140784,1452.44740552121,5584.66675162666,3715.94646282787,5314.60442254428,3823.72877745467,4715.35877950818
4762.29262456903,3605.57990505191,4816.86352087617,4721.7161990592,4112.50565290219,1069.06015456527,4494.68914285494,992.240023126125,4741.65194181994,3893.78681499035,4621.25918201629,838.41747547472,829.630523783479,805.763618774673,844.648817727933,4932.98200541588,4896.75371797407,857.676460204635,4450.0904424317,4798.57935926314,5111.66317310467,3977.70761854707,799.455263125313,1116.25688088881,809.610811822038,5584.66675162666,3715.94646282787,5314.60442254428,3823.72877745467,4715.35877950818
4326.14042770325,3605.57990505191,4816.86352087617,4587.05494744131,4112.50565290219,810.894862529688,4494.68914285494,809.150373541369,4350.93174040266,3893.78681499035,4621.25918201629,837.832182060174,827.84662692076,802.149388404066,843.21484241396,4357.03161055203,4550.53834726043,855.568502215988,4450.0904424317,4431.71886808695,4408.94406719037,3612.42819619869,797.009326164495,808.111948664996,796.722959172198,4097.08417300569,3715.94646282787,4515.61974714028,3823.72877745467,4715.35877950818
4326.14042770325,3605.57990505191,4816.86352087617,4587.05494744131,4112.50565290219,808.044169075557,4494.68914285494,807.465861960975,4350.93174040266,3893.78681499035,4257.49156348226,837.830526250635,827.843103771798,802.135406434639,843.208847369071,4357.03161055203,4417.47439370664,855.563531689757,4450.0904424317,4286.08713302702,4408.94406719037,3612.42819619869,797.002745399644,805.522167840334,796.696706052923,4043.76193328914,3715.94646282787,4515.61974714028,3823.72877745467,4555.52379524324
4326.14042770325,3605.57990505191,4662.19220054914,4375.20511907768,3769.78783444686,808.034719431106,4494.68914285494,807.459868242723,4082.28641422377,3893.78681499035,4257.49156348226,837.830522434108,827.843094267187,802.135387643767,843.208837366089,4125.09657718659,3793.24636941037,855.563522786256,4102.67900125038,4256.93256137619,3909.8403541522,3612.42819619869,797.002738534155,805.508587911409,796.696671682289,4043.76193328914,3715.94646282787,4290.0618027175,3823.72877745467,3946.24673929828
2893.50818168207,3460.702985327,3255.64309237881,3388.95192058699,3175.11838737803,808.03466838542,4085.30195293274,807.459846730684,3882.70667321339,3550.66168194942,3578.33135048588,837.830522434108,827.843094267187,802.135387643767,843.208837366089,3983.78349446713,3793.24636941037,855.563522786256,3181.6642972677,3625.42236949591,3259.81890239698,3347.2849719897,797.002738534155,805.50852910514,796.696671676125,3709.57324752788,3402.96413755588,3915.50392010589,3823.72877745467,3946.24673929828
2893.50818168207,3103.14032871214,3255.64309237881,3230.59119226894,3175.11838737803,808.03466838542,3642.82565417556,807.459846730684,3528.85507591425,3550.66168194942,3236.83469552659,837.830522434108,827.843094267187,802.135387643767,843.208837366089,3469.32978440379,3329.97188934285,855.563522786256,2888.62040201971,3072.17902658423,3008.85217397345,2878.81645727819,797.002738534155,805.50852910514,796.696671676125,3350.99480266342,3055.98558744559,3584.79817436129,3327.59277322332,3117.41735674831
