5709.3389744231,6454.81102181674,4531.44003593926,5873.55202823211,5609.31846010887,4366.34287206342,3955.18266728171,4405.52086537424,5358.78008458681,5056.3675803742,5228.77919195555,4630.31162771124,2824.67318157076,2728.50170768259,3435.34510976104,6088.60963795549,5879.12471888225,2886.62976419462,5098.97827493553,3537.92794883831,4595.92240673875,6200.79914000571,3927.99936870262,5807.55879254006,4963.65800622161,5493.84907730322,6379.56681052041,5291.00331790406,6457.74063902822,4349.32998227853
2711.74041436949,3852.46554257363,2804.31765618439,2727.31217714084,2301.73933818535,2420.10709996359,2271.7949395189,3028.44739632866,2650.38327784322,2882.83047049347,3526.31102249257,2427.44568156067,2113.50406595396,2599.94367596606,2057.23608196379,2929.28670932374,2400.36736085536,2300.4216926951,2522.68076864195,2120.17064088992,3195.01657435268,2735.830411597,3730.44057315265,3459.13726341761,2217.30930422508,1996.53117817461,2976.80794885011,2198.22862003757,2651.27185338868,2929.99191909934
1918.52499564127,2516.41853840007,2638.20834071396,2036.02746660407,2141.62799395151,1554.63539739947,1922.99501420034,1919.1388466086,2021.00437907194,1997.66044579415,1822.96417091339,1754.84584220812,1597.38428464025,1693.53279732504,2007.3295507868,1964.90576717923,1864.27653893122,1834.20337098761,1683.97029787573,1442.25411052518,1950.41639790119,2035.68559715044,2370.73220969645,2313.73427224251,1830.21570501568,1619.69611553876,1853.71392512893,1606.41639212108,2230.95984300051,2579.8235042278
1193.43606856979,1633.90814047036,1386.73520657698,1125.18215330608,1013.49814597149,1046.95023272373,1137.10161955717,1299.16857945863,1219.75076135744,1119.86540417555,1366.35519698925,1192.81682394242,1291.76844199583,1110.78753357282,1069.48110330408,1161.66163351493,1137.6943152878,1143.36954342392,1115.55908962729,983.312903397778,1220.97513037705,1102.29906375509,1294.55475500715,1417.58772596874,1177.73242339302,1127.74231232311,1170.07681359738,1085.87020090356,1529.76271240715,1262.78664244962
653.743835999073,797.561075000582,749.694759601427,625.698390220899,688.110185328618,637.595700519053,679.50324477003,686.142949632781,662.046542137487,664.901563575475,712.203554780522,655.975392476743,655.669055808057,645.735760169895,694.786325902633,644.993327972562,672.721866839867,728.147551651653,708.148933636524,609.205541829331,651.211967836443,668.124078883351,700.110532355616,751.994992011022,691.550284004996,693.070942247562,622.31459224041,636.76604475285,750.893554723884,740.19404982449
550.864195446615,547.937657659621,531.829547177756,526.876089252518,551.265353109483,536.095154733902,541.218335414625,530.644205894656,539.634736884514,539.380867208066,539.159728316503,541.375710726337,540.960967302366,529.246912142523,529.856521802844,537.706745482546,525.528468070831,547.740587515276,549.481497560431,534.736938652167,538.002524476276,546.339073642424,547.187555315752,536.078098309302,540.387103566702,535.929803701483,530.634489767724,534.515484042854,540.781920822179,531.400114629826
550.361707613099,543.808437917667,529.748804187788,522.173874669646,550.493006826168,535.72341394561,539.871810162027,528.958449405111,539.22329141816,537.992606649505,538.0315773195,540.756723088586,538.433936117408,526.683194495255,528.650797257647,536.939762774555,524.918587449384,546.741423354405,548.757529233305,534.546290227032,537.475938075055,544.653947022511,545.662724693589,535.569953528974,540.109111682867,535.561711435483,530.442899988673,530.828210485895,539.563813695264,525.666514034166
550.359222558146,543.802807381493,529.747790354356,522.131529547131,550.481260685844,535.722004031771,539.86461925148,528.944679715607,539.21765810159,537.949338232599,538.024426539431,540.749077249819,538.423193516028,526.675665673603,528.644554220533,536.897466607949,524.91659061005,546.722035306149,548.753636991686,534.539935889916,537.297490182521,544.613254780214,545.660909041945,535.568847964921,540.101736486785,535.557793257543,530.439738998043,530.477888357167,539.556087463995,525.652667923341
550.359132530747,543.802790445428,529.747786403758,522.130586457662,550.480907332585,535.721974354711,539.863805174527,528.943966043305,539.217416659518,537.942903324385,538.024371860123,540.748380066732,538.423180301624,526.675489378839,528.644368487249,536.895876805263,524.916528532311,546.721362304982,548.753521463825,534.538475101742,537.295583376667,544.612139689224,545.660890668512,535.568834071203,540.101592954185,535.557698553952,530.439695911879,530.476206307942,539.555948523133,525.652206998808
550.359131536864,543.802790391733,529.747786403758,522.130511939347,550.480899622538,535.721973369902,539.863764958023,528.94395007402,539.217016563586,537.942843432836,538.024370445287,540.748347291071,538.423180264082,526.67548827214,528.644363592149,536.895765248375,524.916527923872,546.721254066792,548.753517146368,534.53840195354,537.295553590503,544.612084562105,545.66089054991,535.568833767964,540.101589509939,535.557692747805,530.43969522866,530.476181212081,539.555944228716,525.652192570263
550.359131536864,541.4147537728,517.299351332721,522.130511248961,550.480899594154,535.721973369902,539.863762878837,528.943949217717,539.217014750569,537.942840030225,538.024370445287,540.748345559337,538.423180264082,526.67548827214,528.644363592149,536.895756632882,524.916527923872,546.721250550791,548.753517146368,534.538396308552,537.295553010589,544.612080211923,545.66089054991,535.568833767964,540.101589501446,535.557692715656,530.43969522866,530.476180420365,539.555944210779,525.652192373466
518.833394617064,520.016843978866,507.825974113409,522.130511248961,537.961158586804,525.409810892654,539.863762878837,528.943949217717,539.217014750569,537.942840030225,520.110861683004,540.748345559337,509.761667831094,526.67548827214,496.657157822443,536.895756339516,520.066907552621,524.995475426815,521.8832382918,534.538396308552,537.295553010589,544.612080183815,530.983228555795,517.052438077327,527.932997523987,524.657104131877,528.754447309646,530.476180420365,519.861555637895,525.652192373466
517.198835488329,519.97939025026,507.6698257996,521.472188126653,533.990290982664,523.363695721343,525.527648278002,520.469840281468,517.36893279433,531.546056798974,520.028585141253,527.296714807637,509.65948785047,526.67548827214,496.087459045974,524.710376159066,519.8285226225,514.148396264339,520.107786966774,529.077865849759,513.48891307712,522.871141136886,530.819334759722,516.809196522111,524.470548097481,521.445079132212,528.670249525811,527.725706013352,509.589361553148,525.225373460142
517.181745395555,519.979319162245,507.667691093078,521.138646830704,533.965281673097,523.34313183837,525.415180089085,519.997891611605,517.155010991115,531.405451005818,520.02846643917,527.19983744872,509.659240278163,526.67548827214,496.078538555611,523.241265779636,519.821805330406,514.118745671602,520.106845508201,528.650991075868,513.366209413842,521.460184591176,530.815732598696,516.807419000627,524.437702880647,521.437089674226,528.669690049063,527.593420890366,509.569862834994,525.211497745519
