49039.543087284,101357.846193038,56258.930110615,67733.8779978052,48343.3032657656,28293.470782751,51988.5782131275,47137.5844178377,41039.3861310964,90076.2030282212,45943.9476618727,44344.6732382967,31081.4152513874,59523.8385716774,34682.7585929257,47587.8618252836,67994.066390878,49671.8272978697,23023.3075106445,73379.9570544475,54813.9083887493,21232.9732893576,52414.1030885623,45218.2955578879,69298.561638203,38410.34163691,27177.4040455177,48910.7770830994,25974.343639471,31509.8936041807
49039.543087284,101357.846193038,56258.930110615,67733.8779978052,48343.3032657656,28293.470782751,51988.5782131275,47137.5844178377,41039.3861310964,90076.2030282212,45943.9476618727,44344.6732382967,31081.4152513874,59523.8385716774,34682.7585929257,47587.8618252836,67994.066390878,49671.8272978697,23023.3075106445,73379.9570544475,54813.9083887493,21232.9732893576,52414.1030885623,45218.2955578879,69298.561638203,38410.34163691,27177.4040455177,48910.7770830994,25974.343639471,31509.8936041807
49039.543087284,101357.846193038,56258.930110615,67733.8779978052,48343.3032657656,28293.470782751,51988.5782131275,47137.5844178377,41039.3861310964,90076.2030282212,45943.9476618727,44344.6732382967,31081.4152513874,59523.8385716774,34682.7585929257,47587.8618252836,67994.066390878,49671.8272978697,23023.3075106445,73379.9570544475,54813.9083887493,21232.9732893576,52414.1030885623,45218.2955578879,69298.561638203,38410.34163691,27177.4040455177,48910.7770830994,25974.343639471,31509.8936041807
49039.543087284,101357.846193038,56258.930110615,67733.8779978052,48343.3032657656,28293.470782751,51988.5782131275,47137.5844178377,41039.3861310964,90076.2030282212,45943.9476618727,44344.6732382967,31081.4152513874,59523.8385716774,34682.7585929257,47587.8618252836,67994.066390878,49671.8272978697,23023.3075106445,73379.9570544475,54813.9083887493,21232.9732893576,52414.1030885623,45218.2955578879,69298.561638203,38410.34163691,27177.4040455177,48910.7770830994,25974.343639471,31509.8936041807
49039.543087284,101357.846193038,56258.930110615,67733.8779978052,48343.3032657656,28293.470782751,51988.5782131275,47137.5844178377,41039.3861310964,90076.2030282212,45943.9476618727,44344.6732382967,31081.4152513874,59523.8385716774,34682.7585929257,47587.8618252836,67994.066390878,49671.8272978697,23023.3075106445,73379.9570544475,54813.9083887493,21232.9732893576,52414.1030885623,45218.2955578879,69298.561638203,38410.34163691,27177.4040455177,48910.7770830994,25974.343639471,31509.8936041807
49039.543087284,101357.846193038,56258.930110615,67733.8779978052,48343.3032657656,28293.470782751,51988.5782131275,47137.5844178377,41039.3861310964,90076.2030282212,45943.9476618727,44344.6732382967,31081.4152513874,59523.8385716774,34682.7585929257,47587.8618252836,67994.066390878,49671.8272978697,23023.3075106445,73379.9570544475,54813.9083887493,21232.9732893576,52414.1030885623,45218.2955578879,69298.561638203,38410.34163691,27177.4040455177,48910.7770830994,25974.343639471,31509.8936041807
45660.9176801367,97675.9235812745,52674.875017801,60353.0082241853,40111.6963421898,27853.5788145449,43743.4725450864,44084.0797265081,35267.5536573096,74747.8614146545,41196.2377940243,40990.860969614,28393.1897194667,55126.0549581603,33003.4642576266,45528.2619098801,61355.8488568957,43184.1561082277,23023.3075106445,68724.3702958085,53431.8878918874,19987.8507454815,51812.3740167556,43900.2722656751,59944.0274686216,35962.3878116109,25236.712505204,44710.7900131373,23946.1082054457,29621.9401102113
34872.3804648717,75891.4563588612,43215.0102176974,54876.027715039,36421.6780706714,24351.6940033124,34641.2300998053,31325.0684441494,33591.4142307089,49849.2941167237,31685.2078254822,37797.1375720881,21596.1600303852,30646.5439395694,27119.3300839371,42010.8043174563,56584.5800990753,33272.8483406105,22783.3451936744,60454.3583042675,49825.2667546625,17179.6342809679,43184.4765826863,34351.5806201524,56339.2684523741,27099.4523384544,22509.4629123145,38426.6931612537,23946.1082054457,27021.0831160455
26418.650004826,58165.2446864507,29317.2587888154,28375.7589470854,18201.7697967288,16002.8534749352,22517.5835584441,25278.4605182062,27060.404024412,35033.0977393073,17678.7752980608,28652.0044312023,18163.0113317078,23039.0472904799,20351.2402809974,25763.9311800453,47611.2863357309,26447.9391682138,16134.4250557781,42080.399575847,33569.5235299381,16369.9015493177,34667.6084618548,19090.8412924202,48087.0298330169,21697.8530741784,19043.9559565932,23547.8442902241,19365.7314255551,19391.0126627391
13684.4090692384,15186.3847643056,13933.6983189536,11393.8958884318,10463.2385564193,8503.13476521153,10980.7481816805,10058.3320918224,9919.9667266049,13726.0734020869,8060.67258487877,10537.2632778673,6441.36269280472,6330.06406043737,7085.23829766305,13391.4231066879,19710.3287239897,10419.3539670148,8054.93687900721,14273.345415047,13775.2650058982,7675.78674892051,12955.3764960413,6571.73897428378,23421.3736988944,8923.94311623795,11162.5464051038,10713.9937856727,10472.3921235986,13543.117111238
6881.77809837881,4139.29658122117,4095.76285454478,5258.47312004398,3783.38873700382,4103.36742866787,4168.25573814513,3676.67061592669,3809.72408837154,4839.78309170655,5242.60224280198,6099.86254839073,3213.90570826543,4702.54272551037,4436.14143006203,4916.37713982504,4624.83632456053,4685.4205874848,3611.80056482493,3713.67896009081,3803.78543812062,4133.1793268707,5317.4632699648,3701.60974196208,5254.46068487955,4633.50231715256,3720.36371019883,2968.47182565537,5108.7975388427,5340.18134637216
1829.07732390787,1912.79060069317,1427.40325900171,1522.1424817711,1837.86307652828,1498.05231303417,1244.61504382496,1342.20634478128,1309.85361078668,1530.00617565129,1528.27917306476,1813.60553806235,927.145425177395,1618.14579926468,1375.81037867279,1895.12194898028,1385.83513154468,1586.93130683128,1367.12194504305,1139.38121513889,1533.94697784204,1426.82994315899,1713.17950488248,1250.93177862379,1552.21895017453,1084.72586054993,1128.88655083934,1283.97458589878,1958.08843582123,1606.26363665538
536.131823481171,561.000886838342,550.037225650931,514.098148871588,521.952799970674,531.901160642848,533.893099795893,565.540902963868,515.561139852923,548.852103846351,533.889572274109,577.200324441526,525.289493120094,553.993751245576,509.652309892742,538.737819443381,539.397268966477,555.902747303368,575.251454882835,543.327235218647,531.180182694215,550.606462702967,508.525278235128,503.177302862511,551.427721777306,534.49023999752,475.915819964322,555.907853036194,560.697059537768,532.988486741332
507.70607687221,507.699731451007,507.709435873742,462.200657601501,462.392271025065,462.373238330285,507.727394197026,507.721794799266,462.087611230745,507.722500047002,507.699394956906,462.184232175317,507.752106068074,507.720232290321,460.943973812592,462.362948735381,507.701372720368,507.756034901102,462.294648531492,507.70179199371,461.739261802722,507.708840775863,462.259830825255,461.330317051213,507.713766725174,507.702789290249,459.523833264109,507.707776757569,462.014832555065,462.250237730974
507.694693130331,507.694693066154,507.694693019441,458.84872274611,458.848722796169,458.848722778344,507.694693081437,507.694692937799,458.848722755146,507.694693009513,507.694692920238,458.848722776562,507.694693121347,507.694693042814,458.848722737301,458.84872294651,507.694692891406,507.694692971661,458.848722768104,507.694692931747,458.848722733657,507.694692933362,458.848722746925,458.848722743535,507.694693436107,507.694692900787,458.848722726719,507.694692955586,458.848722758297,458.848722777373
458.848722725733,458.848722725723,458.848722725889,458.848722725716,458.848722725751,458.84872272572,458.848722725714,458.848722726167,458.848722725735,458.848722726014,458.848722725718,458.84872272572,458.848722725751,458.848722725925,458.848722725725,458.848722725778,458.848722725824,458.848722725722,458.848722725742,458.848722725722,458.848722725711,507.694692846108,458.848722725721,458.848722725803,458.848722725738,458.848722725746,458.848722725721,458.848722725812,458.848722725719,458.848722725751
