190855089.489848,11407758.4081478,78996987.9847081,1368223.15730741,10610153.173396,4434556.48804396,26439020.8505028,11887002.0897036,4050330.31132629,91260555.8582693,4010566.19198654,50493384.4064275,984268292.533066,114058573.196831,66800542.8724243,302687.746660752,529978.947469835,1229612.35712256,1611204.87305859,107629565.36635,6922711.18332135,8281478.68814538,2970917.77350864,1221681510.45388,6052190488.07942,350518.205928299,3363279.01222781,398661.20335872,207514.359598978,82357375.9013336
190855089.489848,11407758.4081478,78996987.9847081,1368223.15730741,10610153.173396,4434556.48804396,26439020.8505028,11887002.0897036,4050330.31132629,91260555.8582693,4010566.19198654,50493384.4064275,984268292.533066,114058573.196831,66800542.8724243,302687.746660752,529978.947469835,1229612.35712256,1611204.87305859,107629565.36635,6922711.18332135,8281478.68814538,2970917.77350864,1221681510.45388,6052190488.07942,350518.205928299,3363279.01222781,398661.20335872,207514.359598978,82357375.9013336
190855089.489848,11407758.4081478,78996987.9847081,1368223.15730741,10610153.173396,4434556.48804396,26439020.8505028,11887002.0897036,4050330.31132629,91260555.8582693,4010566.19198654,50493384.4064275,984268292.533066,114058573.196831,66800542.8724243,302687.746660752,529978.947469835,1229612.35712256,1611204.87305859,107629565.36635,6922711.18332135,8281478.68814538,2970917.77350864,1221681510.45388,6052190488.07942,350518.205928299,3363279.01222781,398661.20335872,207514.359598978,82357375.9013336
190855089.489848,11407758.4081478,78996987.9847081,1368223.15730741,10610153.173396,4434556.48804396,26439020.8505028,11887002.0897036,4050330.31132629,91260555.8582693,4010566.19198654,50493384.4064275,984268292.533066,114058573.196831,66800542.8724243,302687.746660752,529978.947469835,1229612.35712256,1611204.87305859,107629565.36635,6922711.18332135,8281478.68814538,2970917.77350864,1221681510.45388,6052190488.07942,350518.205928299,3363279.01222781,398661.20335872,207514.359598978,82357375.9013336
102972514.217635,5336411.08256034,43391549.233435,1169423.7554859,5986125.1945242,2158051.78940924,17994317.8178266,4980469.59451676,1508509.64807559,46873346.7691366,2170169.08150343,30809193.1675298,530597704.600282,114058573.196831,31191906.9912136,191930.863035051,195282.098305507,405097.567797246,748061.596221034,37782003.3035776,1867398.57067657,4690356.67297785,581299.94177482,828772843.432039,3609004660.22086,127410.343499554,2454964.92883374,398661.20335872,204719.651016795,59656976.7872073
56110954.2274553,2293005.7383365,24071274.0447901,671973.56648061,2805523.38809502,989973.50199401,4865608.13551908,625819.476355458,1092842.84550449,9814506.31684794,2168271.83172562,11462678.1489527,214742332.473752,45088323.9381327,19503865.5037759,55451.5799162339,85875.1099642769,61558.2422040723,181391.272990321,10922506.7701913,694807.725295694,3133617.55366278,44929.8596022815,550067382.625534,2111307103.32877,56752.7456603361,798001.271242125,240865.367657914,147803.810352385,17768799.8941772
3961680.85933252,207141.384360647,2251564.07565068,33603.1520152946,8009.36759544766,151580.324546133,456640.260232303,24976.0656922386,138066.650524862,23556.8080803217,95967.3994442015,461666.333797215,1391403.60655756,3749840.59222438,382709.175092467,7191.17911482476,10572.8903881212,3544.83765714928,11417.0570580218,119850.929902232,6753.83620123844,11090.6388243677,5546.52757063113,50519354.40331,26488181.0773405,3925.12645871517,18700.7568920004,27926.0840549978,18964.5560751783,589113.997702259
16128.9134545342,6791.6788683871,3817.73871215364,4483.87217524538,3108.69307673454,5075.86051267513,4163.02831636751,2140.93811368585,3092.66687473603,3855.68237289294,4830.20158754902,3816.40838200544,3691.28897225815,7189.45573546215,11865.6402669673,3238.72648521279,4349.38233239105,2293.17541069963,3395.46990733382,3933.97138859779,3401.28484905814,5328.33402938429,3277.95006959414,61580.8131643488,10451.9761977772,2722.63012178515,3637.9057688171,3809.47732651636,3100.61837436857,5123.60063549938
2463.06341929025,3125.03877061876,3473.63382641,2760.76156261953,2249.28800491804,2340.35911375348,2854.33430145925,1779.02540961197,3092.66687473603,2088.07064982133,2420.28981335311,2089.14366258541,2439.6562475009,2984.40737325688,3699.53879504302,2769.04561536319,2485.33245946126,2003.15738832376,2748.68405024858,2490.13221282365,2456.5527881734,3388.58518209413,2564.40788939716,3858.62104657599,3423.25211878357,2109.46397831044,2676.04483969138,2644.40921074029,2854.66358852333,3670.51250670375
1812.8204622211,1740.10096532604,1954.59714191577,1939.45358524212,1728.46978249477,1827.80354568012,1791.23777043166,1435.53892827065,2171.47333668715,1679.51608376945,2101.26708324608,1652.29459406401,1928.92314796372,2432.69228460652,2197.7677610993,1512.9988433142,1532.04514377627,1798.88461139641,1920.50772568178,1648.2716237023,1948.43748943409,2016.03281381199,1813.9487611129,2053.10388410659,2191.65114270678,1596.55574463329,2157.8956958821,1541.24114681035,1813.46111179949,1763.08401672777
1050.59548381355,1024.4945168846,1065.40161273063,1147.03357677416,1022.41612723306,1342.0885150818,1211.63258130067,1019.78872624758,912.745328903282,874.55984613237,1130.34097285385,942.003746866732,1068.05812254983,1437.43529811089,1233.83285761303,913.610230183224,925.425012853443,1037.96067853405,1390.23123502398,1223.5002333926,906.452226394733,996.104553284752,1136.954121613,1504.09250595538,1451.44460370967,948.551383805341,1328.78097962846,1053.24936509959,1033.34530204792,1093.80289957639
575.534639945907,751.70508389396,818.188139525757,606.3983822072,607.323953468512,781.658880021565,730.37900664305,725.52691164182,628.520604679113,611.639169509969,766.818659653419,607.168530024028,910.08907854333,865.477129698927,643.98301220409,686.076454126658,713.734159053433,671.002987775553,658.57051770847,624.123350302975,623.072138819192,555.956299681478,632.870876731722,796.779922851187,782.222860033117,675.044683642635,670.961644585311,746.271632453055,737.403956769253,714.449059159745
433.001732077773,471.183339104797,501.868438095411,452.892028318613,499.662154371099,491.321109108128,511.106904346363,684.63467988498,447.184042343649,527.194023325234,552.956991410368,480.886143896884,500.830704216407,449.466724701562,502.814756666715,460.883282406887,445.463239350249,645.71821932284,457.359696319601,498.50302478048,464.095966476787,479.674332248801,478.205591285232,457.393319387851,448.555205468157,473.191182091527,471.990529404535,459.877868173547,457.478496376886,467.119313263319
427.64545776869,456.71739482235,484.489847756285,452.817334100215,489.692548569513,487.101996730892,510.592028860614,656.277911579683,441.308786898601,507.441219502745,526.294926276707,477.862829789915,488.548935223162,428.678752446026,499.842994123601,445.613652595432,442.062790594958,645.144118778469,454.300936810557,479.849743501278,460.646469470656,478.542809765055,476.245277858045,451.346668228264,447.074331670171,466.854496868084,468.724092087522,453.533014495614,439.448765411764,453.081407147431
412.223819428724,437.529712419518,411.404891290715,409.065369213063,424.667830431821,420.122480820348,408.640536744739,418.301062924839,421.786491553424,421.082922013354,431.588307855509,411.791557261206,427.90510854008,419.382710499233,414.835487125146,406.920849966848,418.570635560616,427.995960330025,431.620605630122,423.66662583804,424.005678903057,411.586036799974,415.534480589124,446.168292404283,404.403159069522,415.922294359196,416.918580361641,436.326825267712,407.343796675986,421.923806265409
393.421958231159,391.9871731707,397.127906925777,394.810699627836,409.098355329584,398.152103117932,406.8062335138,403.258722733736,393.22453775665,412.450927738158,396.393585089622,395.972106133669,317.914793834532,405.015672527521,404.135180251392,399.250769581017,406.292926971072,387.719966784342,400.642146686898,397.231553574456,403.187275444571,400.57856243384,390.002217263298,397.879579840452,395.635080290616,390.579466358759,405.847955907722,398.359393209557,397.556127184277,393.397338507792
