52538577103.0937,14634537035.7519,20248232170.5106,43279456792.6294,18491441757.8893,14171005280.1171,19782684275.1201,29029474268.0375,4861759204.18397,12065200420.405,20945144854.4453,11899397806.5326,42212313791.0846,15804839601.2586,24387447013.7492,21922087550.91,52974613837.1625,55840264503.1675,27631953990.924,23109692774.44,9204964354.47149,10884515724.1235,22469881817.3807,14912982829.5119,48320926708.9823,25603335675.0475,26966241713.3544,11609212239.0887,28035928660.9381,21881272914.9305
52538577103.0937,14634537035.7519,20248232170.5106,43279456792.6294,18491441757.8893,14171005280.1171,19782684275.1201,29029474268.0375,4861759204.18397,12065200420.405,20945144854.4453,11899397806.5326,42212313791.0846,15804839601.2586,24387447013.7492,21922087550.91,52974613837.1625,55840264503.1675,27631953990.924,23109692774.44,9204964354.47149,10884515724.1235,22469881817.3807,14912982829.5119,48320926708.9823,25603335675.0475,26966241713.3544,11609212239.0887,28035928660.9381,21881272914.9305
52538577103.0937,14634537035.7519,20248232170.5106,43279456792.6294,18491441757.8893,14171005280.1171,19782684275.1201,29029474268.0375,4861759204.18397,12065200420.405,20945144854.4453,11899397806.5326,42212313791.0846,15804839601.2586,24387447013.7492,21922087550.91,52974613837.1625,55840264503.1675,27631953990.924,23109692774.44,9204964354.47149,10884515724.1235,22469881817.3807,14912982829.5119,48320926708.9823,25603335675.0475,26966241713.3544,11609212239.0887,28035928660.9381,21881272914.9305
52538577103.0937,14634537035.7519,20248232170.5106,43279456792.6294,18491441757.8893,14171005280.1171,19782684275.1201,29029474268.0375,4861759204.18397,12065200420.405,20945144854.4453,11899397806.5326,42212313791.0846,15804839601.2586,24387447013.7492,21922087550.91,52974613837.1625,55840264503.1675,27631953990.924,23109692774.44,9204964354.47149,10884515724.1235,22469881817.3807,14912982829.5119,48320926708.9823,25603335675.0475,26966241713.3544,11609212239.0887,28035928660.9381,21881272914.9305
50724323626.7291,12089162491.1883,18194830232.2638,41526810195.8362,16392259473.6321,11560409741.7631,16645076532.6605,24577247205.5374,4000470061.65816,9653253915.93387,17313559815.1407,10132710306.7018,42212313791.0846,14666721032.6345,20856174370.3252,21764735400.1518,45747916947.9007,54211295582.7457,24472456212.6007,18797850822.9224,8110596200.42809,9717095476.68471,20174544609.2671,12138077635.1329,42274100799.4063,20439039306.5078,23327783050.8147,10592515517.6584,28035928660.9381,20121950596.3448
43495241192.4258,9368302944.13368,14289174729.1885,34073703897.257,10895027736.593,8916847771.07434,16645076532.6605,19553138517.1549,2127879295.42573,6390471816.43314,15192534996.4925,8713367988.18064,39336712757.0193,13714557084.5929,15952378071.525,17777094429.8621,39545589096.9577,44485319144.2797,22260242869.9838,12961060362.3172,7154110989.84418,7244999778.1339,16335407859.5194,12092290181.384,33142124506.8366,12766987769.907,14733933104.6125,9652896883.4538,26821034958.277,13984532487.8003
30251595086.7097,3153414352.7168,8354384785.7508,17208534420.1133,7267757136.35436,2238737519.47565,9660512036.58403,8482195066.3139,894189122.936143,1678462517.01657,4396690152.09923,6928468608.87583,31497450046.4814,9600861839.21577,10092934532.6682,4343117996.72842,26855178221.5497,26052633424.6927,12743336243.0723,3649014013.66301,3591443274.29488,3357843783.03463,4789866212.73242,7670286623.90429,21634163547.151,3516464451.05003,8915024372.10096,5089729224.58335,17276280393.3458,6461142635.78853
8808882001.01869,965439323.727219,2399118038.30285,1753517249.78014,5117518445.94579,320859223.99288,5023279410.00548,1715660363.17231,894189122.936143,206779506.472067,881033743.113689,1095927709.41755,25394283818.3687,3294166565.68976,1841955623.15222,416348802.870586,10374753415.1931,6348169527.93785,1146856453.88784,967057923.202357,1140302116.37005,385272801.009058,681056509.762613,2907938156.60927,6423266062.91296,807889883.783575,664926448.875865,1494289332.43877,8711440985.749,1070368717.15933
67052063.3473466,108761034.350362,185146035.241275,315273191.446555,407488554.0312,120536603.764981,169333649.838823,119682301.781023,158575847.832827,157275114.310867,200891901.370628,368325979.643438,2117002359.60766,217307143.231089,286205655.848929,161801825.098715,222840267.342353,390878340.886898,191745927.693479,113572891.574832,322253343.097827,147163428.134781,120860464.018062,70425076.1696361,196456392.598927,179301976.44141,43352139.7551423,496935929.065024,936482951.014201,89891905.4446753
33574732.1225623,33407922.1968995,57048168.3096094,49893278.8560625,221203503.477695,19603409.6533876,131208505.156268,42211369.8098356,42375323.8258329,22982178.8650267,43117952.0552981,94426066.4202635,90270660.0947032,13437956.321547,24816476.6237441,68656203.5807095,48027452.6733338,55808307.3914328,30084515.8123833,10288447.3225223,64994195.1087368,27822990.719146,22172481.9095356,40114940.1853339,34934068.5188034,17301210.7581925,29891950.8092791,100548040.03676,98748232.3865949,23990511.118256
5288179.42951022,7276010.95856666,2699056.4684026,2547930.0689556,8063302.91327937,5709680.6337545,25740546.0494207,2807953.87922572,4204425.8400781,1515919.19227046,10853820.3286425,6731117.36377582,16034080.5106893,4453280.52855296,8697109.81306249,3406223.83637456,4029608.77198173,3480924.51251478,7216775.87963347,1381075.46535559,14086734.6787219,5978478.75244096,3397614.89889479,7115115.70876458,5784768.85954147,4323291.39452503,6231798.72285924,7888592.89648958,6813958.87022133,3031663.45443512
224239.234747849,312306.428281694,191129.679442914,17017.6653068967,1125591.46672288,450232.242261341,1419253.04129393,265978.524106468,162962.697185881,90537.2354951847,168980.238815553,359638.730995753,3049835.61921855,145457.192543497,627871.672334734,219855.119360606,449171.549110962,39629.5779442313,530572.820520264,108383.459772654,291086.776119152,247558.475317983,108944.908666378,387579.476900254,295326.043008552,76632.0601980238,335406.321499518,93497.0960144134,1074444.71294344,49704.6532384548
12096.1281975842,10929.4229316428,7362.78131268655,2699.52739896666,34379.6248946217,7033.55339317967,36581.2986242352,6939.22996085557,6203.30808347894,3717.97169260401,8650.51046097932,6405.08352902505,25789.8900646793,7834.70578722983,7421.46528433306,11035.5955367953,11691.3018434038,6383.03094234935,10696.2338506268,6894.40522634334,6299.48835328999,7428.3048432001,10464.8584166391,25656.8397348503,9822.13232597693,3163.17679951642,5964.68178089833,13436.6274569136,41340.0207168675,7171.23759727543
2337.44517623208,2443.55852051663,2289.7876623503,2085.21405369889,2908.08800518887,2110.08470390349,3343.01997145845,2207.90915062842,2405.44954161871,2236.09673565621,2428.97458314825,2123.39861914888,3749.08300964963,2101.55664651602,2812.98521912536,2077.12725306327,2166.5319608167,2291.77365259807,2113.00259073727,2189.98871713533,2212.41702544998,2162.16174510178,5550.93043852084,3466.02535652549,2435.64048307074,2166.1709044206,2364.04823442397,2278.69545054432,3774.18861117202,2224.53081066773
2033.13719286902,2152.89381499833,1989.92729280143,2083.19058337947,2184.88188521509,2093.63651321282,2539.10636409829,2023.40272726885,2395.58688212451,2235.50753514012,2050.51112499574,2117.83078751036,2154.57739709794,2061.23403231543,2190.61707822048,2071.09643118993,2029.17579696063,2114.10091738527,2042.83724927756,2172.04524892403,2199.68649357554,2099.79965378878,2788.87504130799,2186.83991678658,2099.02401819122,1969.14210372486,2359.3839057643,2267.96829531351,2650.70399857102,2219.32575767225
1987.73790713896,1987.81001505687,1987.83497549458,1987.7694631931,1992.66588220436,1990.8464044072,1991.34393019791,1987.81002877553,2039.43131844758,1969.31546913164,2049.60091826799,1970.27570130737,1990.68729825107,1992.47032651569,1991.54515811247,1987.87027925589,1991.95877626763,1990.81103341519,2042.83724927756,1991.60573844085,1987.77722579863,1993.92110751197,1987.7398244753,1991.3247883218,1991.40111867135,1954.8401875817,1991.66243450394,2074.93563288301,1992.69469652572,1987.78784396388
