2136.10768580695,2034.83123259355,2140.07701137786,2357.70456009315,2100.69449379957,2410.84718877654,2674.08915649321,2241.15189128789,2429.14363399836,2357.25608961623,2275.96362344132,2626.6618322828,2603.19518845284,2020.98409805741,2300.68108512963,2209.83580096617,2236.26762237075,2472.12396176558,2169.15619993662,2143.08324636754,2337.17080807967,2546.81535627945,2138.6557215947,2106.00596334976,2311.04473226988,2225.10244426426,2269.21724739385,2703.92820224761,2823.93173716901,2455.23316049323
1552.14316283052,1336.64917760001,1492.44400138357,1625.5570426954,1494.16547207704,1578.13487018251,1959.06716504456,1445.09189567574,1623.19899641379,1660.87454548927,1560.83718084261,1741.02099204399,1780.12823271826,1456.95932046948,1596.51948573827,1498.45079989966,1548.82947915819,1593.2576252071,1528.96598765325,1457.28270444542,1515.58009363787,1630.53503825654,1496.31279872751,1632.87246788637,1564.35182485289,1489.02633451833,1495.95750021691,1620.15344320012,1872.30071104016,1354.94801513313
1285.39996664802,1174.1912445713,1190.88481179311,1240.01062025007,1227.67965557689,1297.75225741193,1362.55134903118,1229.33734673229,1165.67203321219,1274.70998010258,1258.25378106335,1196.02215684711,1197.51585189688,1209.08142436446,1324.80064996003,1226.2752783053,1232.71094362967,1253.90224639791,1114.95984315279,1164.57929212641,1276.52204658863,1320.9930203188,1206.17774876466,1151.41245586357,1270.03836521326,1238.08173234841,1228.92726726673,1205.29643332531,1225.17690064218,1296.64748502308
1085.18423334627,971.348426453749,1106.39777950471,1128.8981372467,1095.86538300686,1137.29974543868,1047.7269870559,1195.13068570404,1046.06451962968,1126.36239540116,1117.33802017276,1115.43258754657,1097.90188698206,1102.52317109632,1008.50263476611,1101.7071260922,1027.64864685575,1085.49831325669,991.124352081834,1041.64080718028,1145.1853698241,1197.63977092918,1068.32451381098,1058.9208002006,1088.1741466048,1088.48266907485,1110.15633923929,1086.0223295615,1104.24424010214,1092.90721993797
839.702136484191,821.766636363215,825.186599346196,846.931553929026,811.452776967502,856.891406825177,932.945427245206,821.112464518003,777.092409275994,834.083586641558,793.024958224676,825.470773558968,774.610459013744,802.668547481026,731.293365891685,827.737516469452,852.234885049632,814.518373976035,822.890427585378,815.845700389431,831.040169757799,838.505110881247,840.367878597607,858.365485336667,806.519010459164,819.369571540517,856.678953194174,822.321319639451,777.026619278851,822.874153764848
713.522196647078,732.796560819255,753.432903965705,391.623034645771,366.316881618145,752.622232963899,729.503938427424,738.425035655232,460.475713879643,690.836788239946,253.305491428297,195.439078007301,631.833837214702,111.047703479272,291.568180580678,91.3708792589853,722.434794463125,728.557524839206,579.269766412542,736.247029212997,575.145552506794,419.345869942302,657.845402919996,699.269824532106,749.562630532971,720.261646079724,501.697234322693,652.468030407101,95.8244866646248,713.255161749372
10.0160898684503,16.1949055436365,16.3779425476259,14.9416190483253,15.9254155041566,19.5190172754378,700.403351338109,19.5698150212153,9.9799073783077,11.998711915776,16.9220512766025,14.9261386577783,13.0499335572092,13.9310548392962,8.9628450615333,15.9221346684755,14.5796633481033,14.3544918051134,6.9859865124817,79.2759079320987,12.9980054109758,11.9468587353035,11.056513134714,14.0409145817567,16.3033213682094,15.7725341692644,16.9432851660259,8.98976142229282,12.9371594514043,16.0776575608645
9.94959175827182,15.9193469081806,14.9243920567428,14.9243860036545,15.9193449933779,18.9042264858092,16.2387634911254,18.9042299152608,9.94959120998169,11.9395094253471,16.9143041361858,14.9243858792929,12.9344686476354,13.9294268305226,8.95463162690049,15.9193449316498,7.959730376577,13.9294306402562,6.96471347294278,9.95001902135209,12.9344693783096,11.9395087174778,10.9445508207205,13.9294275115693,14.9243947880168,6.96480792299081,16.9143042493075,8.95463171509221,12.9344677918867,15.9193453440843
9.94959064178096,15.9193449438202,14.9243858864207,14.9243858737182,15.9193449342656,18.9042221563714,14.9245165735846,18.9042221231178,9.94959061645977,11.9395087053036,16.9143040171866,14.9243858714757,12.9344678154119,13.9294268305226,8.954631602858,15.9193449316498,7.95967252449918,13.9294268451806,6.96471343586126,9.94959061704895,12.9344677737458,11.9395087174778,10.9445496675936,13.9294268335498,14.9243859187288,6.96471343276897,16.9143040615801,8.95463153585695,12.9344677600832,15.9193449446702
9.94959064178096,15.9193449438202,14.9243858864207,14.9243858737182,15.9193449342656,18.9042221563714,14.9243858711648,18.9042221231178,9.94959061645977,11.9395087053036,16.9143040171866,14.9243858714757,12.9344678154119,13.9294268305226,8.954631602858,15.9193449316498,7.95967252449918,13.9294268451806,6.96471343586126,9.94959061704895,12.9344677737458,11.9395087174778,10.9445496675936,13.9294268335498,14.9243859187288,6.96471343276897,16.9143040615801,8.95463153585695,12.9344677600832,15.9193449446702
9.94959064178096,15.9193449438202,14.9243858864207,14.9243858737182,15.9193449342656,18.9042221563714,14.9243858711648,18.9042221231178,9.94959061645977,11.9395087053036,13.8484739321315,14.9243858714757,12.9344678154119,13.9294268305226,8.954631602858,6.76273491653143,7.95967252449918,13.9294268451806,6.96471343586126,9.94959061704895,12.9344677737458,11.9395087174778,10.9445496675936,13.9294268335498,14.9243859187288,6.96471343276897,16.9143040615801,8.95463153585695,12.9344677600832,15.9193449446702
3.08928434383807,3.49403713115089,5.03411469029845,7.96663708656502,2.99060192982114,5.07050065074861,14.9243858711648,4.0719083374301,3.08184752479372,4.98880941917093,8.95549917885074,5.03631333346965,0.301298744818837,4.25725823179283,3.98388864854644,3.98030356079806,6.1313192749879,2.0822886599945,6.96471343586126,9.94959061704895,6.9716826531386,2.93865475549524,2.98846993240699,0.277195268558955,6.0863861704309,6.71759617267975,2.00737589451109,8.95463153585695,2.03075746793724,15.9193449446702
2.98489172720332,1.99009897854205,4.97480126667119,7.95967308939663,2.98487832572243,4.97481368955783,14.9243858711648,3.97984275811797,2.98489167493716,4.97479788888086,8.95463166782076,4.97480493505685,2.81681749925156e-05,3.97989176369316,3.97983662964236,3.97983634382473,5.96978494130212,1.98992314511435,4.97583927971817,1.99048544419941,6.96471423335095,1.99000453212545,2.98487737331834,4.52256032872356e-05,4.97485071755057,1.99047411652032,1.98991991549678,2.11956617572559,1.98992182869591,0.0029186789415121
2.98487736046604,1.98991825417113,4.97479544476357,7.95967274426494,2.98487727688553,4.97479538186133,14.9243858711648,3.97983632810974,2.9848773799871,4.97479547505446,8.95463158757707,4.97479536926392,3.28274438743392e-07,3.97983640772924,3.97983628507956,3.97983633395836,5.96975447880186,1.98991820951807,4.97479548671271,1.98991828149633,6.96471361500596,1.98991832565605,2.98487727616055,1.66744598573132e-07,4.97479538341224,1.98991828525959,1.98991827824858,0.995034086938631,1.9899181658937,1.57635952291457e-07
