706.332029201563,1004.43989277815,1229.8468940407,1004.03178975579,1233.4948415642,948.117826696208,1252.7665324941,1219.37946109609,1073.08249315442,951.214061135366,690.258714702324,1177.05760661533,796.76845181543,871.336712949104,926.354124322572,945.126829234799,973.982671667567,835.306402809206,845.862648175715,1276.89451393783,977.851129387983,696.217008314351,890.356891133613,857.178211247187,1249.89779632176,1031.10259018632,1052.76046240625,939.15143463828,691.384533590377,642.928041670112
706.332029201563,1004.43989277815,1229.8468940407,1004.03178975579,1233.4948415642,948.117826696208,1252.7665324941,1219.37946109609,1073.08249315442,951.214061135366,690.258714702324,1177.05760661533,796.76845181543,871.336712949104,926.354124322572,945.126829234799,973.982671667567,835.306402809206,845.862648175715,1276.89451393783,977.851129387983,696.217008314351,890.356891133613,857.178211247187,1249.89779632176,1031.10259018632,1052.76046240625,939.15143463828,691.384533590377,642.928041670112
706.332029201563,1004.43989277815,1229.8468940407,1004.03178975579,1233.4948415642,948.117826696208,1252.7665324941,1219.37946109609,1073.08249315442,951.214061135366,690.258714702324,1177.05760661533,796.76845181543,871.336712949104,926.354124322572,945.126829234799,973.982671667567,835.306402809206,845.862648175715,1276.89451393783,977.851129387983,696.217008314351,890.356891133613,857.178211247187,1249.89779632176,1031.10259018632,1052.76046240625,939.15143463828,691.384533590377,642.928041670112
706.332029201563,1004.43989277815,1229.8468940407,1004.03178975579,1233.4948415642,948.117826696208,1252.7665324941,1219.37946109609,1073.08249315442,951.214061135366,690.258714702324,1177.05760661533,796.76845181543,871.336712949104,926.354124322572,945.126829234799,973.982671667567,835.306402809206,845.862648175715,1276.89451393783,977.851129387983,696.217008314351,890.356891133613,857.178211247187,1249.89779632176,1031.10259018632,1052.76046240625,939.15143463828,691.384533590377,642.928041670112
706.332029201563,1004.43989277815,1229.8468940407,1004.03178975579,1233.4948415642,948.117826696208,1252.7665324941,1219.37946109609,1073.08249315442,951.214061135366,690.258714702324,1177.05760661533,796.76845181543,871.336712949104,926.354124322572,945.126829234799,973.982671667567,835.306402809206,845.862648175715,1276.89451393783,977.851129387983,696.217008314351,890.356891133613,857.178211247187,1249.89779632176,1031.10259018632,1052.76046240625,939.15143463828,691.384533590377,642.928041670112
699.895029818838,977.375530240089,1150.81622341345,967.03945743082,1136.52221980587,919.612414703686,1173.336938661,1178.98446379346,1073.08249315442,921.443124575568,684.289729577369,1109.00548831554,785.380645116197,858.655605438659,898.390864761236,906.286739069257,973.982671667567,820.136616036654,764.392340218516,1261.27097431825,957.034690821336,693.373280375883,857.0798456991,820.112945024582,1177.76992405323,1010.98720119695,1040.83869816736,922.454434298121,691.384533590377,621.229313259529
686.422822965801,929.960233122086,1090.69023295199,909.216901658836,1094.88174168041,901.955290570901,1096.71714535362,1078.26645134461,991.223932257645,829.785882283844,640.302638911462,999.242317972515,704.007779274677,796.484543017762,836.096218839945,803.769346490115,951.250028057711,699.059190088639,723.988737471648,1087.94915246591,886.762111500207,631.46462876956,745.921129020973,772.873340512589,1153.13488366583,958.395892894324,949.424500047829,853.556362544712,669.718149919912,621.229313259529
563.754866293086,796.337743641489,880.786026159485,813.681809603286,859.103639949142,744.368307256057,993.631721801352,819.878853022368,836.140791188502,674.736661453655,575.58298619397,885.829320556492,510.366988730368,680.275843155218,706.998037696373,676.044920942162,847.812387938203,619.9908101033,623.291191887184,910.628366259675,656.083436312763,534.727560100225,564.371888097376,665.613713215718,989.460447444979,690.225286104473,749.520045065667,701.515409045856,590.337239321247,531.673716536664
408.269974447873,540.393838390326,494.121432621159,527.313102857225,455.678113869364,482.279519960425,613.866705606343,467.686547512188,452.920720358745,380.476888427221,475.740048251378,508.899423709044,390.826522735451,473.049841286836,524.799970749636,405.459024007338,530.55428595158,368.840633286557,452.828994127051,513.041726721615,381.267918365025,371.6860342892,344.712159258529,416.37163871175,568.545060121073,519.033698617532,471.235485264335,498.603973349936,424.182924723319,377.828203941553
244.600292774985,322.598946537472,277.742600345978,319.145404119387,268.28277111323,244.571277027625,269.892599910418,310.2749017228,271.239089270026,297.892940328338,263.640222157215,295.906848630863,276.594697253039,335.954745980732,368.125507608484,290.3656445974,276.996214335654,309.559858361813,267.210863148869,332.464246657078,274.774152231672,342.100380044936,274.406963633516,275.008723445126,299.6719248549,251.112740517849,257.935428010672,314.590230561851,251.839784129563,274.202772480616
186.523512737184,213.968797082067,220.669910361876,211.75124537543,225.859586280424,203.188151092302,210.981858766623,218.266244464314,227.834105013087,220.714350340676,207.056281200287,233.511821656252,228.012917319339,248.43208348177,210.272556237993,208.939678141759,201.754731053695,211.209602957197,232.70697031121,231.026342148787,206.613628879531,204.101060866833,186.463091650484,230.929347608217,235.13768992482,216.23434789143,218.275534605839,215.113713538724,212.621547872224,203.890927704782
180.359679603501,182.524528218267,187.60757803545,184.596523913992,184.667839809888,187.720262925915,190.397225588999,167.679084894524,164.632994580744,184.618364026403,176.124787828118,183.560955433582,191.95847209467,158.287313757781,184.328486598905,165.028012050627,180.965986328594,185.0355947753,175.161856376209,200.039073579919,184.149871433525,184.538366563368,160.071030971681,178.841980289686,205.680246995965,157.76772366335,168.723995239329,155.456066682042,158.004098229657,164.659509559788
13.6642617836068,7.00489388406447,9.87674411377787,6.96608964210458,8.96785264352349,4.67888028549106,7.22364094958755,25.2242375890416,7.96475593470933,6.61000305891116,6.97643911254613,12.1774924478144,147.08691354758,10.9563814059442,10.4592974871145,5.38926826951683,9.7604476170614,7.42731407464385,7.96020701614873,18.4267043851604,180.491009149495,11.9428557107948,127.559833692967,8.25954261765219,13.168626982515,8.9683844180837,66.1330796523085,7.00210019892762,17.9112012400694,13.0823206547559
6.96471340049823,6.96471340014159,8.95463151646533,6.96471340464694,8.95463151438838,3.9798362327262,6.96471340447954,8.95463151440254,7.95967245846424,5.96975434476417,6.96471340440411,11.9395086860281,7.95967245902807,10.9445496375042,9.94959057205693,3.97983622902751,7.9596724577894,5.96975434534357,7.95967245924271,7.9596724586678,11.9395036496963,11.939508694031,7.95967245820293,7.95967245791167,12.9344677444261,8.95463151752494,5.96975434512484,6.96471340569133,17.9092579917631,8.95463151509983
1.98991815269346,3.97983623261268,3.97983623353736,5.9697543462778,0.994959065437797,0.994959066633498,3.97983623386199,3.97983624302884,3.97983623066887,1.98991811559574,4.97479530215531,1.98991811686562,4.97479531260063,3.97983624021492,2.98487717956687,2.98487717775441,1.98991813374619,2.98487717640882,2.98487718604292,7.9596724586678,2.98487718411582,1.98991811919149,2.9848771760449,4.97479530398255,1.98991811819525,3.97983624453246,1.98991811832752,0.994959057999722,4.97479529057949,7.95967245868559
3.17897956847446e-08,1.13737996798591e-08,1.36926131517612e-05,7.0756982495368e-09,2.97653741654358e-08,2.00974454855896e-08,2.42181386056473e-09,2.72206079898751e-09,2.19705498238909e-09,1.99148075807898e-08,8.03345301392255e-09,3.31533556163777e-09,2.23375877794751e-08,2.75298361884779e-09,1.29431043660588e-07,5.15336751050199e-09,1.9787705696217e-08,3.01667114399606e-07,4.90859974888735e-09,1.46569618664216e-08,1.4452211871685e-08,6.76055833537248e-09,2.75446154773817e-09,3.64499959459863e-06,0.9949590639809,1.7544891761645e-08,1.50043888424989e-08,1.92020479516941e-08,9.08659103515674e-09,3.79694711227785e-08
