3912.723538613,8621.8739167101,5316.74018924531,10029.3296020761,8392.2484488018,12129.2358876037,1583.75635647134,12983.2650270091,11141.9208256986,11212.5135227441,16244.1140713564,6181.43644683123,10831.9460807944,6910.50572903974,11348.0633296132,3252.77612797129,14326.8172070318,7649.86923873599,2805.46686432613,11698.9139177355,6201.55866809674,6079.35531331589,13651.3496438791,8297.39845436621,9308.30061086058,8605.58018763545,9913.28980511045,9502.93646707442,9801.66831057793,5750.9428511839
3912.723538613,8621.8739167101,5316.74018924531,10029.3296020761,8392.2484488018,12129.2358876037,1583.75635647134,12983.2650270091,11141.9208256986,11212.5135227441,16244.1140713564,6181.43644683123,10831.9460807944,6910.50572903974,11348.0633296132,3252.77612797129,14326.8172070318,7649.86923873599,2805.46686432613,11698.9139177355,6201.55866809674,6079.35531331589,13651.3496438791,8297.39845436621,9308.30061086058,8605.58018763545,9913.28980511045,9502.93646707442,9801.66831057793,5750.9428511839
3912.723538613,8621.8739167101,5316.74018924531,10029.3296020761,8392.2484488018,12129.2358876037,1583.75635647134,12983.2650270091,11141.9208256986,11212.5135227441,16244.1140713564,6181.43644683123,10831.9460807944,6910.50572903974,11348.0633296132,3252.77612797129,14326.8172070318,7649.86923873599,2805.46686432613,11698.9139177355,6201.55866809674,6079.35531331589,13651.3496438791,8297.39845436621,9308.30061086058,8605.58018763545,9913.28980511045,9502.93646707442,9801.66831057793,5750.9428511839
3912.723538613,8621.8739167101,5316.74018924531,10029.3296020761,8392.2484488018,12129.2358876037,1583.75635647134,12983.2650270091,11141.9208256986,11212.5135227441,16244.1140713564,6181.43644683123,10831.9460807944,6910.50572903974,11348.0633296132,3252.77612797129,14326.8172070318,7649.86923873599,2805.46686432613,11698.9139177355,6201.55866809674,6079.35531331589,13651.3496438791,8297.39845436621,9308.30061086058,8605.58018763545,9913.28980511045,9502.93646707442,9801.66831057793,5750.9428511839
3912.723538613,8621.8739167101,5316.74018924531,10029.3296020761,8392.2484488018,12129.2358876037,1583.75635647134,12983.2650270091,11141.9208256986,11212.5135227441,16244.1140713564,6181.43644683123,10831.9460807944,6910.50572903974,11348.0633296132,3252.77612797129,14326.8172070318,7649.86923873599,2805.46686432613,11698.9139177355,6201.55866809674,6079.35531331589,13651.3496438791,8297.39845436621,9308.30061086058,8605.58018763545,9913.28980511045,9502.93646707442,9801.66831057793,5750.9428511839
3912.723538613,8621.8739167101,5316.74018924531,7263.87413233459,8392.2484488018,12129.2358876037,1583.75635647134,12983.2650270091,11141.9208256986,11212.5135227441,16244.1140713564,3085.1916548304,10831.9460807944,6670.90202607605,11348.0633296132,3252.77612797129,12770.9153587129,7649.86923873599,2805.46686432613,7176.09278489667,6201.55866809674,6079.35531331589,13651.3496438791,8297.39845436621,6293.86775604875,8605.58018763545,9913.28980511045,9502.93646707442,7441.69013469539,5437.55731368071
1291.24186381868,3053.89624984617,1878.4752759791,7263.87413233459,2476.54307335466,4731.43709434569,1583.75635647134,3820.99846089798,11141.9208256986,11212.5135227441,6494.52318713304,3085.1916548304,3769.93067453625,6670.90202607605,11348.0633296132,907.882972143136,3107.77742089948,3075.54117454359,2805.46686432613,7176.09278489667,4335.29558440416,1901.6623583489,13651.3496438791,8297.39845436621,6293.86775604875,8605.58018763545,9913.28980511045,4251.32968716024,2893.28650924541,2277.29212519359
1014.50080220115,1157.60251731249,580.516550888741,1456.28778110542,1045.47628321657,2144.0783670679,455.287560743951,2360.69935017377,2320.12966532966,2969.859081956,2450.02031422261,1465.10281859345,1366.36037924487,716.77961224981,2502.53320420212,895.038367011611,2817.96655040287,1227.77506769283,619.973637108177,1668.96726312098,1681.3327275076,860.101795288056,1260.1176964121,1775.69389796725,957.168370347647,1425.74846407813,1465.93065801351,3592.66965380413,1448.97659952223,496.767909394099
214.236987620818,254.083567875926,243.947678546165,583.397532284254,267.820985446084,724.454373186572,225.473183073236,339.798684396458,665.44060204351,965.361309872943,637.17043111227,252.843110552601,461.846868523865,293.219944563224,1164.82629074972,196.843948795348,608.751421316926,271.117370871374,217.408862147036,499.459930734008,507.199263012651,447.912794798079,602.357550936022,603.739933591906,488.627448433867,411.494747700317,515.702267290254,746.696835847643,307.740840470932,265.367969930953
111.250589138129,113.840372507924,116.331448518717,150.389620522508,99.6713280055104,167.643197439345,144.128955494773,154.779394222528,189.465055616181,183.261282353277,184.200312815049,121.499013276698,130.926780804761,131.920550726476,164.017158999918,102.728021247746,136.977883116013,138.991613294501,138.703835478388,121.90684674897,140.636670476693,189.053651387954,118.920172094705,180.415232739569,224.390221848542,113.107532508985,137.313067660016,138.285457756562,122.750528772898,114.247611360733
83.5964555572857,84.5325183259304,90.2673272205218,84.0265322738526,72.5308559689486,115.711538042389,105.163030473927,109.01394650124,85.3139740535692,106.671809318391,96.7217914394295,78.6974008808892,100.796265954204,94.5781589819811,91.8442146245324,65.6849029435164,86.8817713113213,107.060620287414,90.2441066780794,81.1862280288301,119.757058406541,114.926733487583,84.4374666441598,89.5209392360047,106.567077603328,83.2178712255433,87.3123326297621,89.3793654873329,95.8123875652962,81.0978029981946
69.1141511604301,55.2015285626254,55.1099727169017,61.1726488812229,55.2701925294623,96.5060853579702,73.6291018281778,65.3996694735278,57.7534052186155,63.5548327464097,78.1261150324799,56.7892235863137,96.5368167489457,57.8704771768059,61.9777132101699,52.3978602770472,80.368481100895,84.9916061764974,57.1711904496024,69.6887076718411,114.723123506929,81.8597194292473,66.0055925870695,66.0355009987065,81.5273479231997,76.8762334622049,67.6264842174236,81.1010035972296,92.5364892378009,73.8026991647204
51.4573130950357,51.1237477026691,51.6471465681635,49.0756368143145,53.3966159133511,51.8891732054138,51.4902741647874,52.5366287188505,49.096576411131,51.3975493635001,61.3795611729166,51.0570076258347,93.4207010184152,50.9841259909538,49.1099688836951,51.4958434604096,57.5326350983137,80.1162099927152,51.6184546372621,51.4115927785548,110.917437283053,80.4385078634254,49.4646637188161,49.5249974605915,53.7886967256638,51.5909615554044,49.8068956565637,51.6487905245632,90.9818226792429,49.6040158842733
48.8843717995473,48.8172318535753,51.1985506347164,49.0007979713373,50.5452756616933,51.0718403898408,48.9642910916088,49.4766281405882,48.9721910664153,51.3975493635001,58.3299047953593,49.1368585255991,60.4821732232702,49.0749170958841,49.0242447444443,48.9323202885478,48.9273344677509,53.5309288001331,49.0002047231273,48.9095058183148,110.911727349372,78.1822707769891,49.1288109690836,49.1329674387699,51.1823742988215,49.4103565872556,49.5105929602457,51.1020644958764,90.9817393195279,48.927225218428
48.8773950261739,48.7984541575292,51.1985506347164,49.0007979689553,50.537680195187,48.794538339921,48.9642901673767,49.4763054741169,48.9721910625353,49.6188721957481,48.9643659185735,49.136820318416,51.0649218151154,49.0749167660552,49.0242447400341,48.932315245843,48.9258142825488,49.4271338415242,49.000204479106,48.9094708981293,49.0332905605241,48.8767392899605,49.1288106298187,49.1329673707236,51.1823742988215,49.4103521451729,49.5105928407699,51.1020644958764,49.3255121975335,48.9272250636543
48.8773950261739,48.7984541575292,48.9716490009652,49.0007979689553,49.1847146221557,48.7902887047414,48.9642901673767,49.4763054741169,48.9721910625353,49.6188558719823,48.7733271817426,49.136820318416,50.5455532847516,49.0749167660552,49.0242447400341,48.932315245843,48.9258142825488,49.4271338415234,49.000204479106,48.9094708981293,49.0332905585826,48.8645266443388,49.1288106298187,49.1329673707236,50.6328025700789,49.4103521451729,49.5105928407699,50.3376487628864,49.3255121975335,48.8805912887942
