5028.68206248068,5595.63812303556,6198.63765788357,4657.77847720762,5692.17166606646,6017.83255502766,5343.24983211263,5748.38129840914,5089.27708117905,5032.99977031058,6094.36641863577,5477.56885026984,4809.99674465598,5208.63526665601,5121.05828387304,4964.05629576974,5452.55135316131,5312.93726425345,6013.6759616695,5203.67370361533,4946.39846638323,5804.1602719632,5264.93071163586,5653.08705333097,6055.93914067085,5460.20484998319,5376.53592564979,4889.33669006322,5799.73782151003,5923.24423785002
4976.24985577173,4832.39084710076,5725.88958633965,4657.77847720762,5340.31723740164,5716.40823880382,5343.24983211263,4859.77220608568,4879.40791511758,4848.66454345211,5481.18580324505,4715.9040219644,4809.99674465598,5208.63526665601,5066.61699384483,4964.05629576974,5452.55135316131,5165.14898756618,5432.92439202241,5203.67370361533,4946.39846638323,5549.23968058485,5264.93071163586,5158.9621310282,4973.93646517086,5050.93923987494,4503.02690389687,4889.33669006322,5458.87395002529,5151.02039475564
4716.74028272455,3717.43325966154,5725.88958633965,4657.77847720762,4770.09768803835,5716.40823880382,4532.73227800726,4859.77220608568,4879.40791511758,4848.66454345211,5075.6440118637,4715.9040219644,4571.3555902764,4358.57795735089,5066.61699384483,4303.13327636422,5000.68119825057,5165.14898756618,5310.00089251121,4380.51226894428,4946.39846638323,5549.23968058485,5264.93071163586,4984.56048494654,4973.93646517086,4671.10237026918,4503.02690389687,4604.75215806469,5458.87395002529,4959.69485755599
4716.74028272455,2946.95993585559,4953.0259052246,2861.44107249727,4471.85117938319,4424.74065436131,3073.40910584476,4819.24651093972,4746.21739934715,4753.7443003967,4836.44998196875,4715.9040219644,4403.41765918146,3593.79715258094,4819.96878046393,3627.21449183483,4195.52515416338,4764.71183327213,4628.2169337877,4380.51226894428,4946.39846638323,5204.37254495632,4601.54643962707,4416.28279528683,4973.93646517086,4671.10237026918,3040.47666874028,4604.75215806469,4802.89135775232,3406.42518557719
1779.54422175447,2946.95993585559,4032.13140485714,2560.47948013035,3058.39200230875,705.246734592852,2954.11896282846,4456.38500585948,3425.89677845137,4358.28168336738,3473.75056304166,3724.48388817437,2896.9573534703,2259.73435775607,2434.15375546758,54.4377874477905,2595.37842875976,3452.33269476673,2904.01176949161,3144.56104517525,3032.61576875202,699.742294049875,4046.73453454086,4416.28279528683,4503.19290550413,4259.26325269958,3040.47666874028,3578.96356649239,1726.33626075693,3406.42518557719
1146.10222115622,573.320449617839,3653.06028306794,2560.47948013035,2392.74417089228,652.452378071085,358.4693772934,2277.68580846302,3235.28520153311,2905.94402433108,2760.78449841942,2776.44053074429,1477.72492268652,652.547472764504,0.343645122755333,0.218618212953515,2595.37842875976,229.705998646068,217.949727047594,1309.65023107671,3032.61576875202,0.312307444639373,217.510097406522,2648.93152253657,0.39380527425601,2142.69180306146,999.35722909228,3578.96356649239,1658.43579224183,2639.60029505956
1146.10220263682,573.300928981488,2255.75802999437,217.370272793067,1788.98358967528,652.452376012119,355.691418505679,2037.81656085541,1547.27779595376,2905.94402433108,2760.78449841942,1087.27518147738,869.278748756425,652.546061385788,0.343513036246804,0.218599204874408,2595.37842875976,217.890572687726,217.85933830098,435.09270681393,2045.48752275262,0.31228457839461,217.295811692374,0.446286919130216,0.1873707611594,2142.69180306146,217.327040439987,1857.72255579561,1658.43574932704,0.425914427467433
1146.10220263682,573.300928981123,2255.75802999437,217.327040137613,231.612213461841,652.452376012119,355.691418357108,2037.81656085541,0.343514240465083,2763.46860830833,86.292356956179,1086.85662862468,869.278346458499,652.546061385634,0.343513036228615,0.218599204872589,2244.25280856999,217.890566744586,217.859338286727,435.092693050816,2045.48752275262,0.312284578390972,217.29581167977,0.405969951940278,0.187370747033128,217.389595637979,217.327040137607,1857.72255579561,1658.43574932703,0.405969951905718
1146.10220263682,573.300928981123,0.371464596202713,217.327040137608,217.327040137621,217.358268600677,4.48072232269988,436.675350955737,0.343513036228615,2184.83517781548,0.156142289704803,1086.85662862462,869.278346458445,652.546061385634,0.343513036228615,0.218599204872589,2244.25280856999,217.890566744586,217.859338286727,435.092693050816,2045.48752275262,0.312284578390972,217.29581167977,0.405969951905718,0.187370747033128,217.389497053284,217.327040137607,1857.72255579561,1658.43574932703,0.405969951905718
1146.10220263682,573.300928981123,0.187370747033128,217.327040137608,217.327040137606,217.358268595445,0.218599204872589,436.675327217477,0.343513036228615,0.388303801961229,0.156142289193667,1086.85662862462,869.278346458445,0.281058401897099,0.343513036228615,0.218599204872589,2099.7376121946,217.890566744586,217.859338286727,4.25114786902304,2021.00328770582,0.312284578390972,0.18907259066691,0.405969951905718,0.187370747033128,217.389497053284,0.156142289200943,1384.99444235456,1658.43574932703,0.343513043588246
1146.10220263682,0.249827685633136,0.187370747033128,217.327040137608,0.312284779458423,217.358268595445,0.218599204872589,436.675327217477,0.343513036228615,0.312284578387334,0.156142289193667,1086.85662862462,869.278346458445,0.281056120549692,0.343513036228615,0.218599204872589,2099.7376121946,217.890566744586,217.859338286727,0.21859920487077,2021.00328770582,0.312284578390972,0.187370747033128,0.405969951905718,0.187370747033128,217.389497053284,0.156142289193667,1384.99444235456,1658.43574932703,0.343513036228615
1146.10220263682,0.24982766271205,0.187370747033128,217.327040137608,0.312284578389153,217.358268595445,0.218599204872589,436.675327217477,0.343513036228615,0.312284578387334,0.156142289193667,1086.85662862462,869.278346458445,0.281056120549692,0.343513036228615,0.218599204872589,2099.7376121946,217.890566744586,217.859338286727,0.21859920487077,2021.00328770582,0.312284578390972,0.187370747033128,0.405969951905718,0.187370747033128,217.389497053284,0.156142289193667,1384.99444235456,1658.43574932703,0.343513036228615
1146.10220263682,0.24982766271205,0.187370747033128,217.327040137608,0.312284578389153,217.358268595445,0.218599204872589,436.675327217477,0.343513036228615,0.312284578387334,0.156142289193667,1086.85662862462,869.278346458445,0.281056120549692,0.343513036228615,0.218599204872589,2099.7376121946,217.890566744586,217.859338286727,0.21859920487077,1972.53328199699,0.312284578390972,0.187370747033128,0.405969951905718,0.187370747033128,217.389497053284,0.156142289193667,1384.99444235456,1658.43574932703,0.343513036228615
1097.89100893113,0.24982766271205,0.187370747033128,217.327040137608,0.312284578389153,217.358268595445,0.218599204872589,436.675327217477,0.343513036228615,0.312284578387334,0.156142289193667,1086.85662862462,869.278346458445,0.281056120549692,0.343513036228615,0.218599204872589,2076.93710330141,217.890566744586,217.859338286727,0.21859920487077,1874.75648893304,0.312284578390972,0.187370747033128,0.405969951905718,0.187370747033128,217.389497053284,0.156142289193667,1384.99444235456,1658.43574932703,0.343513036228615
