636.008511421811,1086.399597262,1238.11429534794,678.118337134314,737.300132461069,484.895369125499,1303.02088342133,429.375200070484,601.841058627643,865.748061014454,423.869857672856,1090.76898219033,1071.98995137381,779.772580100667,971.183046999378,305.64823127154,1235.91899721518,781.673758097038,607.164996441753,903.319126976494,451.139255478779,868.74574073611,751.392119679641,1193.45855913546,828.15451850518,1199.01250244052,397.463715451384,823.57783514165,900.903530576127,970.172175902433
562.503645633667,376.383719716437,695.713006749102,488.573427737766,331.147325700892,344.15894169103,792.009388493073,412.37908611938,53.8998033707869,711.543619224741,423.869857672856,774.463065449383,334.926390755699,232.940396454761,580.793973716415,101.177066255037,222.941285641644,368.174956782376,501.456918960725,364.329360126209,105.576655469997,772.246326205992,751.392119679641,715.715101374298,255.320973769527,848.327643736904,248.183018424597,395.300592570832,900.903530576127,655.313601957142
562.503645633667,141.49710908205,606.505062427654,439.328933911036,331.147325700892,194.638976556968,487.462675211724,333.618182423364,53.8998033707869,575.970298192801,423.869857672856,280.230169869759,334.926390755699,232.940396454761,580.793973716415,101.177066255037,148.368859323611,368.174956782376,213.134013477466,199.184401642882,105.576655469997,377.987208908307,252.810096548729,407.176223987238,255.320973769527,396.48740958107,248.183018424597,395.300592570832,718.678085050239,372.295303212907
535.241295719898,141.49710908205,434.860993630694,289.314172984963,292.387125840616,194.638976556968,394.912109874232,164.855996371819,53.8998033707869,240.815847816774,60.1439931791492,280.230169869759,311.140327538311,184.341922825956,557.916272014618,101.177066255037,148.368859323611,186.444357583208,27.8671445847013,199.184401642882,105.576655469997,210.503416160584,252.810096548729,377.614310620926,178.681907949493,384.75300616384,248.183018424597,395.300592570832,171.997402507325,225.404072370612
344.784881470815,130.862202488305,81.760126165928,44.2445136406456,197.023555735995,28.5717031434592,150.271406495453,164.855996371819,53.8998033707869,24.5588437806338,60.1439931791492,91.5297680589244,304.882020686523,158.001177582757,83.8646224976585,101.177066255037,148.368859323611,103.012529434159,27.8671445847013,199.184401642882,105.576655469997,210.503416160584,216.225159813897,132.07604890833,141.019596963686,108.98374574244,248.183018424597,156.451221083526,171.997402507325,225.404072370612
240.937569183236,87.088143793712,81.760126165928,44.2445136406456,53.5508941267174,28.5717031434592,129.284561266908,130.256160007273,53.8998033707869,24.5588437806338,60.1439931791492,91.5297680589244,32.6399418562712,158.001177582757,83.8646224976585,101.177066255037,102.745995899189,30.0246696962994,27.8671445847013,73.1589599463176,93.5801898406923,63.3515221852594,184.818662238989,132.07604890833,90.5614475920648,83.287821257102,128.094672040186,156.451221083526,101.21002223279,107.907612297178
151.767308047589,18.8796495932358,81.760126165928,44.2445136406456,53.5508941267174,28.5717031434592,49.6371476712934,23.724119420905,18.3404348072275,24.5588437806338,60.1439931791492,91.5297680589244,32.6399418562712,60.1732485264348,45.4135849942077,63.5454066050467,60.5637385085317,30.0246696962994,27.8671445847013,44.4813254612665,36.9954001028748,63.3515221852594,78.5247029026319,17.3100517684209,53.0471380733353,32.5024007430871,128.094672040186,21.1042040500235,41.1018141005935,46.1579694017125
40.8472081174332,18.8796495932358,51.2102970833131,38.8295604264008,45.2226574978904,28.5717031434592,26.4010049221679,23.682409652722,18.3404348072275,24.5588437806338,52.1860155085457,33.8357012534263,32.6399418562712,39.1642899695175,42.8237586452235,60.4033140117508,37.0184147866441,30.0246696962994,27.8671445847013,22.712983622384,30.8183084092319,63.3515221852594,46.6441280967746,17.3100517684209,28.5660911885729,32.5024007430871,41.4744120285794,21.1042040500235,19.3360503863442,46.1579694017125
40.8472081174332,18.8796495932358,30.9117029727433,38.8295604264008,45.2226574978904,28.5717031434592,16.1945860304717,23.682409652722,18.3404348072275,24.5588437806338,31.1739288807822,33.8357012534263,32.6399418562712,39.1642899695175,38.6712943883947,60.4033140117508,37.0184147866441,30.0246696962994,27.8671445847013,22.712983622384,4.2528266960816,48.9247347851872,17.3201933693453,17.3100517684209,28.5660911885729,32.5024007430871,41.4744120285794,21.1042040500235,19.3360503863442,41.5446917265809
40.8472081174332,18.8796495932358,16.185372833603,21.5392659823496,44.2503912581612,23.9040346334651,16.1945860304717,23.682409652722,18.3404348072275,24.5588437806338,31.1739288807822,33.8357012534263,19.4260291662339,39.1642899695175,38.6712943883947,31.1212133209916,37.0184147866441,30.0246696962994,27.8671445847013,22.712983622384,2.64322160421738,48.9247347851872,10.5945044819582,17.3100517684209,15.7582666409995,22.913604901788,8.5186124698048,21.1042040500235,19.3360503863442,26.9392347021855
25.1880795191848,18.8796495932358,16.185372833603,21.5392659823496,35.7342987426339,23.9040346334651,16.1945860304717,23.682409652722,18.3404348072275,19.0932989868563,31.1739288807822,33.8357012534263,19.4260291662339,22.0425909084029,28.6386217129836,31.1212133209916,11.5597660346892,30.0246696962994,8.6040277689762,22.712983622384,2.6432100243459,12.1080025105402,10.5945044819582,17.3100517684209,15.7582666409995,1.61192740699141,8.5186124698048,21.1042040500235,19.3360503863442,12.3373863726375
25.1880795191848,18.8796495932358,16.185372833603,21.5392659823496,17.228226926039,23.9040346334651,16.1945860304717,23.682409652722,18.3404348072275,13.2831743349119,25.9453455414367,20.8924663791954,19.4260291662339,22.0425909084029,28.6386217129836,31.1212133209916,11.5597660346892,24.9893207143376,8.6040277689762,18.9584788551953,2.6432100243459,12.1080025105402,10.5945044819582,17.3100517684209,15.7582666409995,1.53737267282633,8.5186124698048,21.1042040500235,19.3360503863442,12.3373863726375
11.066211251846,18.8796495932358,16.185372833603,21.5392659823496,17.228226926039,23.9040346334651,16.1945860304717,23.682409652722,18.3404348072275,13.2831743349119,25.9453455414367,20.8924663791954,19.4260291662339,22.0425909084029,13.7213109031611,15.6667814268816,11.5597660346892,16.5118200722366,8.6040277689762,18.9584788551953,2.6432100243459,12.1080025105402,10.5945044819582,17.3100517684209,15.7582666409995,1.53737267282633,8.5186124698048,21.1042040500235,19.3360503863442,10.679760740435
11.066211251846,18.8796495932358,16.185372833603,21.5392659823496,7.89476130363644,23.9040346334651,16.1945860304717,20.1827344925709,18.3404348072275,13.2831743349119,25.9453455414367,19.4778678443132,18.9830218862528,18.2825413707735,13.7213109031611,15.6667814268816,11.5597660346892,16.5118200722366,8.6040277689762,18.9584788551953,2.6432100243459,12.1080025105402,10.5945044819582,17.3100517684209,15.7582666409995,1.53737267282633,8.5186124698048,11.8691018450912,15.3208686470337,10.679760740435
