2976.41293085031,2697.29232222761,5530.90942568502,12256.8521315473,2082.32455448527,11167.8969261385,7953.03322698886,2416.60512960417,10500.0351077884,6231.21458269609,2358.14002592788,4425.19722515181,9356.79868283327,1852.99894078152,1619.65634387873,1853.78707862482,5252.28677428936,2989.65895154944,2314.67297452006,10022.3483958087,2833.42907014479,4150.76130052316,9027.80338045081,4576.74466513266,5702.83669131388,9837.49289266395,8098.07768847286,3804.21149321984,13647.6016232676,12539.3131121657
2976.41293085031,2697.29232222761,5530.90942568502,12256.8521315473,2082.32455448527,11167.8969261385,7953.03322698886,2416.60512960417,10500.0351077884,6231.21458269609,2358.14002592788,4425.19722515181,9356.79868283327,1852.99894078152,1619.65634387873,1853.78707862482,5252.28677428936,2989.65895154944,2314.67297452006,10022.3483958087,2833.42907014479,4150.76130052316,9027.80338045081,4576.74466513266,5702.83669131388,9837.49289266395,8098.07768847286,3804.21149321984,13647.6016232676,12539.3131121657
2976.41293085031,2697.29232222761,5530.90942568502,12256.8521315473,2082.32455448527,11167.8969261385,7953.03322698886,2416.60512960417,10500.0351077884,6231.21458269609,2358.14002592788,4425.19722515181,9356.79868283327,1852.99894078152,1619.65634387873,1853.78707862482,5252.28677428936,2989.65895154944,2314.67297452006,10022.3483958087,2833.42907014479,4150.76130052316,9027.80338045081,4576.74466513266,5702.83669131388,9837.49289266395,8098.07768847286,3804.21149321984,13647.6016232676,12539.3131121657
2976.41293085031,2697.29232222761,5530.90942568502,12256.8521315473,2082.32455448527,11167.8969261385,7953.03322698886,2416.60512960417,10500.0351077884,6231.21458269609,2358.14002592788,4425.19722515181,9356.79868283327,1852.99894078152,1619.65634387873,1853.78707862482,5252.28677428936,2989.65895154944,2314.67297452006,10022.3483958087,2833.42907014479,4150.76130052316,9027.80338045081,4576.74466513266,5702.83669131388,9837.49289266395,8098.07768847286,3804.21149321984,13647.6016232676,12539.3131121657
2976.41293085031,2697.29232222761,5530.90942568502,12256.8521315473,2082.32455448527,11167.8969261385,7953.03322698886,2416.60512960417,10500.0351077884,6231.21458269609,2358.14002592788,4425.19722515181,9356.79868283327,1852.99894078152,1619.65634387873,1853.78707862482,5252.28677428936,2989.65895154944,2314.67297452006,10022.3483958087,2833.42907014479,4150.76130052316,9027.80338045081,4576.74466513266,5702.83669131388,9837.49289266395,8098.07768847286,3804.21149321984,13647.6016232676,12539.3131121657
2976.41293085031,2697.29232222761,5530.90942568502,12256.8521315473,2082.32455448527,11167.8969261385,7113.58685926362,2416.60512960417,10500.0351077884,6231.21458269609,2358.14002592788,4425.19722515181,9356.79868283327,1852.99894078152,1619.65634387873,1853.78707862482,5252.28677428936,2989.65895154944,2314.67297452006,10022.3483958087,2833.42907014479,4150.76130052316,9027.80338045081,4576.74466513266,5702.83669131388,9837.49289266395,8098.07768847286,3804.21149321984,13647.6016232676,12539.3131121657
2976.41293085031,2697.29232222761,2554.97956300499,9444.10265083426,1694.3397208602,6867.01060449763,2934.7385424287,2416.60512960417,10500.0351077884,4252.18169634974,2358.14002592788,4425.19722515181,9356.79868283327,1852.99894078152,1246.96718422914,1853.78707862482,2832.80320677948,2989.65895154944,2314.67297452006,10022.3483958087,2833.42907014479,2795.22656625473,3139.22582955871,2690.99458359529,5139.40156680228,9837.49289266395,4189.33195523196,2337.88830940252,7726.33854824081,4914.17607076164
1940.71634902096,1323.26222405687,2112.92026809598,3084.90178679256,1694.3397208602,3189.83741526645,2059.48017887762,2319.37767417308,3490.69112131971,2535.32482134388,2158.09734382031,2454.54597981519,2564.42415227554,1389.05080766909,1246.96718422914,1850.38889271589,2186.95131247673,2989.65895154944,1936.10057666794,6934.39464202272,1973.53804376945,2047.3603235729,2055.37600068644,2090.33478064822,2649.79743004047,3639.23813585895,3023.03652725878,1829.51610711771,3623.3595969459,3623.41628235519
1321.06955911891,1323.26222405687,1579.58511028851,2276.66728649897,1154.50599307689,1799.74136260281,1313.68801635604,1665.11725138073,2134.08947160028,1735.88917290067,1389.37890705764,2305.03442522518,1709.71769225834,1379.47456765106,1042.8914546684,1470.0920399938,1472.3019638497,1677.83796600252,990.97757600258,2300.5390223067,1287.98521369174,1761.27049135809,1575.15645829519,1428.43103579767,1739.09499732201,2175.19286575346,1847.03113586211,1568.11121516503,1955.96469354937,1212.54420549206
880.367797518606,1323.26222405687,1391.02268179599,1527.38387964961,1154.50599307689,1599.95589439553,861.229017350608,1350.98832580151,1396.75777282317,1492.51881518386,1096.6168179365,1243.07978359867,1586.99232922352,1222.37149597832,850.561215188988,1243.90767059637,1044.90548767395,1512.65578065539,881.107712766862,1107.87578184453,1017.90977119635,1137.27268127201,468.27527985805,748.877499988793,1259.31376478646,1536.33985951509,1389.58159567432,770.884815213667,1297.31269283689,1212.54420549206
880.367797518606,440.007141002837,626.757574455383,1414.4420057427,911.461754445882,1108.83216693019,800.382836841013,1183.10711708029,613.53296900073,1047.51722272991,696.795944423752,1027.09137774454,1281.59164425144,408.790555936658,806.88045640241,1147.24735481998,514.368939863538,1443.15683045714,881.107712766862,909.731917103456,642.175952955088,389.636795247051,278.894617981259,394.099790257884,867.289233281702,893.707646812041,1033.86522614695,770.884815213667,937.919743277724,761.433674146526
402.026445639592,324.354858264045,314.076945031943,269.924308849717,563.003996665821,912.704649831646,367.314804102263,313.849578100402,249.902795647877,519.458870036359,479.215672591416,582.878642565818,812.640901525983,408.790555936658,539.319622399468,611.092079918843,441.493811706347,823.364043629439,747.803384942088,349.746336041218,468.691985857583,57.2265494945336,259.487920411059,319.22817989121,415.444067569362,620.262641156437,485.723043337224,640.867847222676,445.253107223963,517.762988523526
269.895257119951,324.354858264045,242.380291368677,269.924308849717,328.380651994704,258.992607624568,367.314804102263,313.849578100402,249.902795647877,519.458870036359,194.148281320721,396.622690332082,197.094697671988,408.790555936658,454.106823103955,73.1277857443099,256.131636746471,129.940323867551,308.430810499416,321.344898170775,317.396863253412,23.983907207806,239.315292281174,265.76408105883,36.9821274482524,361.720022260031,485.723043337224,554.946969733438,445.253107223963,44.4635690045376
255.871091096185,264.230192413016,242.380291368677,269.924308849717,254.744592382861,198.410585589863,19.6471216175399,195.971856762805,15.089425439616,55.5736617139199,194.148281320721,396.622690332082,197.094697671988,337.883150080132,132.288687802398,73.1277857443099,195.328479611577,129.940323867551,273.290219157972,217.086465664509,309.804340580265,14.24458783916,223.658932069752,251.325115781703,8.39865401257754,361.720022260031,314.375337490134,277.804676005593,130.78781736297,10.747900306955
255.871091096185,170.10066689587,193.435395401548,269.924308849717,212.154083251268,198.410585589863,6.56011001347368,195.971856762805,4.4518747375836,5.57226429274647,194.148281320721,160.849316685389,119.571736555245,101.578403839138,4.84182658982235,73.1277857443099,3.68224879288549,129.940323867551,225.125301518091,186.932446697083,165.184598385103,5.5246820952112,222.928499732108,226.690964489231,5.47032746523677,147.187292217324,242.50691138415,4.14384797260447,7.29802414070512,6.24495428363175
159.130827271346,94.7182160733708,167.357616211441,156.824423953254,124.218012332791,175.15625778919,6.56011001347368,80.2567656205809,4.4518747375836,5.57226429274647,105.667047466128,160.849316685389,119.571736555245,101.578403839138,1.33252206346623,73.1277857443099,1.27233219265969,123.778853267986,131.669704759326,98.1927543366549,156.772639372102,5.5246820952112,1.87809831605596,148.507484409867,5.47032746523677,100.85234436077,138.053265735776,4.14318590981612,7.29802414070512,6.24495428363175
