511644064.813636,3807841127.42285,5608546094.95228,700267575.55435,720432627.675539,5875448031.46888,7888757351.73681,2052276457.76512,2888149216.42735,1755437398.43992,16832874.1604605,6822085382.06754,239643787.421048,770824158.208006,1414602413.29706,3436762349.01385,2221136082.37855,882747350.921448,1305641912.60734,388040848.682466,316920006.162633,776582545.39728,1356791760.69039,604300079.348915,4147907759.70254,4978692142.87671,208638654.726711,17556201.9302399,6877714350.026,4174056628.99025
511644064.813636,3807841127.42285,5608546094.95228,700267575.55435,720432627.675539,5875448031.46888,7888757351.73681,2052276457.76512,2888149216.42735,1755437398.43992,16832874.1604605,6822085382.06754,239643787.421048,770824158.208006,1414602413.29706,3436762349.01385,2221136082.37855,882747350.921448,1305641912.60734,388040848.682466,316920006.162633,776582545.39728,1356791760.69039,604300079.348915,4147907759.70254,4978692142.87671,208638654.726711,17556201.9302399,6877714350.026,4174056628.99025
511644064.813636,3807841127.42285,5608546094.95228,700267575.55435,720432627.675539,5875448031.46888,7888757351.73681,2052276457.76512,2888149216.42735,1755437398.43992,16832874.1604605,6822085382.06754,239643787.421048,770824158.208006,1414602413.29706,3436762349.01385,2221136082.37855,882747350.921448,1305641912.60734,388040848.682466,316920006.162633,776582545.39728,1356791760.69039,604300079.348915,4147907759.70254,4978692142.87671,208638654.726711,17556201.9302399,6877714350.026,4174056628.99025
511644064.813636,3807841127.42285,5608546094.95228,700267575.55435,720432627.675539,5875448031.46888,7888757351.73681,2052276457.76512,2888149216.42735,1755437398.43992,16832874.1604605,6822085382.06754,239643787.421048,770824158.208006,1414602413.29706,3436762349.01385,2221136082.37855,882747350.921448,1305641912.60734,388040848.682466,316920006.162633,776582545.39728,1356791760.69039,604300079.348915,4147907759.70254,4978692142.87671,208638654.726711,17556201.9302399,6877714350.026,4174056628.99025
511644064.813636,3807841127.42285,5608546094.95228,700267575.55435,720432627.675539,5875448031.46888,7888757351.73681,2052276457.76512,2888149216.42735,1755437398.43992,16832874.1604605,6822085382.06754,239643787.421048,770824158.208006,1414602413.29706,3436762349.01385,2221136082.37855,882747350.921448,1305641912.60734,388040848.682466,316920006.162633,776582545.39728,1356791760.69039,604300079.348915,4147907759.70254,4978692142.87671,208638654.726711,17556201.9302399,6877714350.026,4174056628.99025
511644064.813636,63719041.3008663,1363936941.11176,700267575.55435,720432627.675539,5875448031.46888,7888757351.73681,2052276457.76512,2888149216.42735,1755437398.43992,16832874.1604605,2356738564.59633,239643787.421048,73957801.771138,1414602413.29706,3436762349.01385,882576437.279692,882747350.921448,1305641912.60734,388040848.682466,316920006.162633,776582545.39728,1356791760.69039,604300079.348915,4147907759.70254,4978692142.87671,208638654.726711,17556201.9302399,6877714350.026,4174056628.99025
19263274.5024946,5124354.21542171,135467696.741819,296116107.474136,46462552.2422089,33050653.6837714,854261453.43292,22216132.0641039,44989278.5289641,41122077.060062,16832874.1604605,171740575.294393,144011665.846801,73957801.771138,58883307.6976697,126686046.112842,49540145.4658396,21385286.9521573,5620849.94826356,6265738.29439642,24744425.9573322,15912161.4879513,20762029.852153,116159214.133098,439295354.687381,1684326.53712509,54018939.7042811,3098244.5406673,424462609.559826,311264723.166522
7727029.5011034,5124354.21542171,40967054.0277549,12849258.2130174,9530514.6800351,7150209.54126725,17984590.561964,7264388.66242702,8247550.29754989,15603322.6614952,10318044.7503729,13095637.4213047,15881533.2340871,13164272.4807016,29047735.9384146,32991210.1551471,685782.185302756,16394448.378539,2477014.12820214,6265738.29439642,7350205.47341279,3641724.45549288,1845524.9105936,3410938.02117948,8020358.45402934,1684326.53712509,3321820.25224323,3098244.5406673,65489836.9580693,9974357.20625964
4824478.99539259,105685.66496641,2864660.10137561,3085078.56668043,6290039.80161391,1434258.63407933,4118691.00035329,1424520.34459945,3406612.18632196,3270285.3438559,6417894.98703761,203593.931314775,4215402.92889343,2109014.11966898,8384474.48038294,3058890.42904565,685782.185302756,653629.486987416,344507.956092592,1429660.317191,446260.592500572,1870964.62725631,694844.386968753,3410938.02117948,566014.399171793,1131433.7225461,1521818.91778797,1322190.3895919,2386820.33073533,3266562.8744386
2292293.32501181,105685.66496641,1356199.04306264,1914585.87560732,2472541.24003833,1405151.34436706,1347252.13203865,736113.929067675,1229568.35902235,1295139.9871878,158883.287563586,203593.931314775,1389925.641582,990686.577725918,2353403.13907536,1493017.39512197,273495.186176873,653629.486987416,257718.53973758,829906.592719435,75887.5128885015,341366.883546873,590057.204058709,1569883.71931648,308123.967512998,418082.895703714,1375057.54233048,815751.089672345,1396857.15473423,1154683.68869674
31840.6368218584,51701.4147328082,116582.341592405,212713.960595472,609493.463877163,120081.979004506,501225.595616627,550457.703139282,370292.56236504,122499.622086728,130149.097548485,200419.320650362,150629.698852581,474778.811944615,209769.712485111,662742.275843877,14262.6912481386,183198.222178586,191589.198675583,478772.088428803,62366.8070308524,250201.222604408,381443.357341513,178818.368323456,224412.474843394,296202.666004724,1074290.12618827,387795.352020364,638713.094510832,582547.875115907
11396.6310705289,43896.1144446417,33183.7726992686,23080.7223413865,87766.5749878862,67058.0164992434,138667.982285081,31869.2780986601,92913.40237808,32178.5079525259,14855.4767684371,12095.3571597041,48247.80563804,52182.7550259384,48687.3827353915,61557.4552043178,4098.76143895414,52975.2350404636,27641.0571075056,41395.3817977723,50450.8815407114,25347.805122308,68793.1896985982,52987.4374272503,10825.103737264,54533.0580767631,157292.994514314,34726.7280278309,154888.918767735,92606.2268426032
6626.96148418349,5526.87352054871,6120.54476533607,7602.35251443697,7194.48850158878,13457.2178729562,22969.9222727537,3269.54528937,9730.71354961387,2687.04122882168,3461.04567915392,2975.27058636179,8955.38563690115,5543.03161170732,11423.2115887387,5462.03829883849,1203.57469713974,11439.5451305189,3996.7906860232,6380.24915244831,6656.11430058196,3609.89245522166,15597.859171491,4033.41507569813,3383.81276372757,25482.1669304808,8994.68980103783,4395.3265564758,7992.70847377079,7028.46166496624
1450.83909385129,966.397789681391,1323.48604641143,1631.18699348358,694.11041883315,1215.29287795657,1190.93600706209,619.137773770995,1152.9960395953,1093.50105713515,1524.65564111557,1258.15752923959,873.063470008537,833.283082660252,1294.50585182144,1152.09724177771,268.392245282711,714.763737315689,1718.09565685406,1192.95641397536,1291.49419672733,516.105848823961,1024.05308710108,1387.82783303681,1254.55187822001,586.162532105703,1756.00544641174,1933.6322355111,670.953325916078,990.502587234689
1047.55066355312,720.18325413823,1094.48281157275,1059.72069659398,576.65303806727,684.034118825552,796.057861567087,256.33962180933,808.517339017965,493.398278164465,1401.58105194408,1037.7507173809,683.408988974884,377.61980597314,755.234679051451,973.467069048315,229.368541699568,417.502935237529,966.509111281148,1074.12532162454,830.787355713753,222.711932160673,705.709766768814,1181.85722372963,882.532381936038,372.798989687347,590.766404729423,992.552983078927,595.124167123961,642.511699630309
132.675352085045,139.291463899455,88.2165370704658,143.490946409952,110.514755810222,10.6438649986951,60.2720698536992,225.728465731754,194.67870222143,159.089057068743,436.527983172688,135.869800794365,237.151863038165,118.607101763664,168.917992745463,223.950984765943,162.45823933126,74.3752918071299,29.5561411691793,189.752794443513,115.62863608941,79.2962937266042,247.098577128865,199.097569570573,480.021407080358,166.233986922387,163.165386925439,376.550501810816,265.103457605092,201.331232473348
