6439.89022392972,6532.7588769496,6261.24690457939,6093.49832781873,7035.10056480252,6706.82271292072,6701.50141154919,6199.47063337172,7044.81424373651,6727.55149275974,6517.99619032157,6452.63443696404,6996.23941497511,6937.35840594466,6773.54275719429,6139.8890810617,7120.33697895224,6444.79984068853,4289.84111290022,6185.76019566536,5582.84330469761,6364.8544079906,6963.42757471456,7600.72338052284,7107.49041738964,5225.49049717472,6241.26862978462,7617.74204628123,5581.04135330138,7055.47976282792
6439.89022392972,6532.7588769496,6261.24690457939,6093.49832781873,7035.10056480252,6706.82271292072,6701.50141154919,6199.47063337172,7044.81424373651,6727.55149275974,6517.99619032157,6452.63443696404,6996.23941497511,6937.35840594466,6773.54275719429,6139.8890810617,7120.33697895224,6444.79984068853,4289.84111290022,6185.76019566536,5582.84330469761,6364.8544079906,6963.42757471456,7600.72338052284,7107.49041738964,5225.49049717472,6241.26862978462,7617.74204628123,5581.04135330138,7055.47976282792
6439.89022392972,6532.7588769496,6261.24690457939,6093.49832781873,7035.10056480252,6706.82271292072,6701.50141154919,6199.47063337172,7044.81424373651,6727.55149275974,6517.99619032157,6452.63443696404,6996.23941497511,6937.35840594466,6773.54275719429,6139.8890810617,7120.33697895224,6444.79984068853,4289.84111290022,6185.76019566536,5582.84330469761,6364.8544079906,6963.42757471456,7600.72338052284,7107.49041738964,5225.49049717472,6241.26862978462,7617.74204628123,5581.04135330138,7055.47976282792
6439.89022392972,6532.7588769496,6261.24690457939,6093.49832781873,7035.10056480252,6706.82271292072,6701.50141154919,6199.47063337172,7044.81424373651,6727.55149275974,6517.99619032157,6452.63443696404,6996.23941497511,6937.35840594466,6773.54275719429,6139.8890810617,7120.33697895224,6444.79984068853,4289.84111290022,6185.76019566536,5582.84330469761,6364.8544079906,6963.42757471456,7600.72338052284,7107.49041738964,5225.49049717472,6241.26862978462,7617.74204628123,5581.04135330138,7055.47976282792
6439.89022392972,6532.7588769496,6261.24690457939,6093.49832781873,7035.10056480252,6706.82271292072,6701.50141154919,6199.47063337172,7044.81424373651,6727.55149275974,6517.99619032157,6452.63443696404,6996.23941497511,6937.35840594466,6773.54275719429,6139.8890810617,7120.33697895224,6444.79984068853,4289.84111290022,6185.76019566536,5582.84330469761,6364.8544079906,6963.42757471456,7600.72338052284,7107.49041738964,5225.49049717472,6241.26862978462,7617.74204628123,5581.04135330138,7055.47976282792
6439.89022392972,6532.7588769496,6261.24690457939,6093.49832781873,7035.10056480252,6706.82271292072,6701.50141154919,6199.47063337172,7044.81424373651,6727.55149275974,6517.99619032157,6452.63443696404,6996.23941497511,6937.35840594466,6773.54275719429,6139.8890810617,7120.33697895224,6444.79984068853,4289.84111290022,6185.76019566536,5582.84330469761,6364.8544079906,6963.42757471456,7600.72338052284,7107.49041738964,5225.49049717472,6241.26862978462,7617.74204628123,5581.04135330138,7055.47976282792
6439.89022392972,6532.7588769496,5848.95301213244,6093.49832781873,7035.10056480252,5938.61634852384,6552.61569186611,6199.47063337172,7044.81424373651,6727.55149275974,6517.99619032157,5691.24682483304,6996.23941497511,6937.35840594466,6773.54275719429,6139.8890810617,6157.69771514071,6444.79984068853,4284.52411417242,6185.76019566536,4952.6199763097,6364.8544079906,6963.42757471456,7600.72338052284,7107.49041738964,5196.54955381787,6241.26862978462,7617.74204628123,5581.04135330138,5952.29806500164
6150.49233870345,5572.7378962144,5289.31575155413,5597.49511806619,5264.98359056687,5938.61634852384,5650.25432048352,5246.70697884649,4769.1907305071,5459.2353238374,5047.73165668441,4123.16970657753,5903.20629914656,5807.82706331403,5460.64863986652,5891.80981207198,4749.29099183995,5141.16114308867,2699.28248668096,4258.42030704811,3111.1075660769,5961.74157477422,5922.27947016468,5572.41050759717,5504.06998287907,4363.37105022106,5012.25638174291,5870.15011047177,5581.04135330138,5454.23706342641
4751.7375608184,4038.75790117588,4990.19805006579,4732.62553390084,4725.74733787021,4985.1511692855,4515.81026838367,5112.31012947265,4272.3877124649,4781.98851011984,4025.72492657826,4064.39719255151,5371.38327849,5589.43998927685,4944.15331523693,5325.55095049337,4749.29099183995,3789.99708114197,2534.90287732721,3280.56516185388,2502.62137181089,4113.44678974727,5527.7730647323,5452.51716981097,5164.62199104708,3621.84630073756,5012.25638174291,5137.43803106798,4595.78356513312,3803.89504546813
2155.53179689156,3338.62714190169,2894.9036239464,3012.28751424278,1483.60081165667,2660.59168757636,4116.88440817528,3881.04247058454,2606.26646156273,1715.26583671623,1851.55115224905,2469.67925261062,2142.27133386162,3031.04901773841,4091.34524411129,3446.84285225879,2565.8961826178,1334.10975593487,1189.96960862056,1473.74554534671,1095.4183588022,2693.4772741793,3919.47261153741,3096.72937216567,1900.36098397464,2544.62783594606,2783.31174795543,3529.07557437391,2626.98333557768,2048.95177333161
1092.53837024445,1029.86961409375,660.355727671018,1048.92716842983,990.505236634139,783.565083290038,894.515591886179,1337.61672795305,504.172985275132,911.589956588758,231.788918885788,771.578078885495,445.42562501334,1643.18091169255,1299.26165617819,924.5397833366,1386.96428358317,1036.72278194867,145.549851100623,883.447601041836,1095.4183588022,803.108522979058,960.17909484499,873.202726740674,609.962139792912,964.314312364509,1280.67737354596,1258.01433708544,1156.1820423689,858.734067764373
14.7856915241983,48.4042863080125,53.2812334567991,96.7241476238034,23.9569696819052,243.34314621319,33.599314386227,131.485999894896,73.3699709449304,33.5189433357442,43.004568071894,33.7614269056976,22.5407076384216,728.280506122357,834.323811035273,35.2527288167214,45.2054686255257,21.0357568255855,115.335181273834,33.7747300868386,31.4051312915919,34.4111808275516,45.2985578751347,47.8312498397044,33.0876516988498,25.0243936722431,30.1570727678891,27.892465329568,1031.82557225786,24.8060770700423
11.0574441201763,42.8522884380115,53.013099778634,92.858059643187,21.4892381849621,243.194451914558,30.9650160056452,126.399335202602,72.3456528586551,31.7332473830852,42.7562144494436,32.9455939584496,21.2504069247157,0.0497943404899793,20.4811832845721,31.9812193507853,41.2370286575167,10.9727113965375,115.308042305486,20.8720538292935,20.5549565564787,31.830798030604,42.7506413841332,43.0513691682102,32.5134998436792,21.3068357999429,20.9504306007868,10.233040020661,39.8702286058432,21.4008657963293
11.0572732569091,42.8317448853136,53.0130997352499,92.857268749076,21.4876502627142,243.194298589883,30.9649844296642,126.398915453421,72.3453193391171,31.7324671572289,42.7559962949114,32.9454621420041,21.2503520044523,2.01430871982211e-10,20.4043645628764,31.9809321549425,41.2367585799103,10.9703263779977,22.0421089474821,20.8713579398292,20.5549136011213,31.8307805314857,42.7491806727728,43.0513635836237,32.5134533784715,21.3067502947115,20.9497136362658,10.2286639919442,32.5021084017872,21.3996800527063
11.0572732569091,19.338774939681,10.3789096311601,9.8959268898854,3.01799859177745e-09,20.4560551731033,20.3340304771167,1.45350398383925e-12,41.9879173665027,1.09860269030075e-12,10.3789096311602,10.970326377996,1.8814579523981e-13,1.10319161213586e-12,20.4043645626983,0.000647527415762042,1.47415413209728e-12,2.21887471359613e-10,10.8373974355891,1.55815375417017e-09,9.8961133201824,9.84397748500972e-13,9.89592689035932,11.6076036407625,5.95745675013859e-13,20.663422298605,0.00111505721252296,10.2286639919381,10.8373974358764,11.6295328181896
5.81238760825424e-13,3.69408207726944e-13,3.88652073487113e-13,1.52914717925038e-13,3.21224528458212e-13,8.0084087509628e-14,6.81158833041688e-13,2.91914640608108e-13,1.26491409938959e-13,1.09860269030075e-12,1.37149550975361e-12,9.03721542044877e-14,1.8814579523981e-13,1.10319161213586e-12,4.93309097275111e-13,2.5068835896036e-13,1.47415413209728e-12,6.0196292395176e-13,1.22494607050309e-13,2.20860367032098e-13,2.77999845366139e-13,9.84397748500972e-13,2.41362485553509e-13,1.25085127441101e-13,5.95745675013859e-13,6.69094409507428e-14,3.84507240861846e-13,1.21828473235534e-13,1.24715053099559e-12,3.63790479222341e-12
