1475584592023.49,193372108078.767,1377253.09128497,364339.232168917,2450341199.97052,159973571923.136,157899317.812456,74524.9920032031,772740.455806878,181092056526.329,453759205607.951,56095255.3824304,10840414311.1575,116132.945439841,642487237105.126,219783806443.259,82492.6839255518,47204773307.2547,64134.4334624835,496607122567.964,484079427.380151,175027315205.163,90166.4682853982,1086536868.26964,12129541861.1687,1240666127.15333,618610980.743149,14139587564.8303,199529698656.943,387236964253.76
1475584592023.49,193372108078.767,1377253.09128497,364339.232168917,2450341199.97052,159973571923.136,157899317.812456,74524.9920032031,772740.455806878,181092056526.329,453759205607.951,56095255.3824304,10840414311.1575,116132.945439841,642487237105.126,219783806443.259,82492.6839255518,47204773307.2547,64134.4334624835,496607122567.964,484079427.380151,175027315205.163,90166.4682853982,1086536868.26964,12129541861.1687,1240666127.15333,618610980.743149,14139587564.8303,199529698656.943,387236964253.76
1475584592023.49,193372108078.767,1377253.09128497,364339.232168917,2450341199.97052,159973571923.136,157899317.812456,74524.9920032031,772740.455806878,181092056526.329,453759205607.951,56095255.3824304,10840414311.1575,116132.945439841,642487237105.126,219783806443.259,82492.6839255518,47204773307.2547,64134.4334624835,496607122567.964,484079427.380151,175027315205.163,90166.4682853982,1086536868.26964,12129541861.1687,1240666127.15333,618610980.743149,14139587564.8303,199529698656.943,387236964253.76
1475584592023.49,193372108078.767,1377253.09128497,364339.232168917,2450341199.97052,159973571923.136,157899317.812456,74524.9920032031,772740.455806878,181092056526.329,453759205607.951,56095255.3824304,10840414311.1575,116132.945439841,642487237105.126,219783806443.259,82492.6839255518,47204773307.2547,64134.4334624835,496607122567.964,484079427.380151,175027315205.163,90166.4682853982,1086536868.26964,12129541861.1687,1240666127.15333,618610980.743149,14139587564.8303,199529698656.943,387236964253.76
1475584592023.49,193372108078.767,1377253.09128497,364339.232168917,2450341199.97052,159973571923.136,157899317.812456,74524.9920032031,772740.455806878,181092056526.329,453759205607.951,56095255.3824304,10840414311.1575,116132.945439841,642487237105.126,219783806443.259,82492.6839255518,47204773307.2547,64134.4334624835,496607122567.964,484079427.380151,175027315205.163,90166.4682853982,1086536868.26964,12129541861.1687,1240666127.15333,618610980.743149,14139587564.8303,199529698656.943,387236964253.76
1475584592023.49,193372108078.767,1377253.09128497,364339.232168917,2450341199.97052,159973571923.136,157899317.812456,74524.9920032031,772740.455806878,181092056526.329,453759205607.951,56095255.3824304,10840414311.1575,116132.945439841,642487237105.126,219783806443.259,82492.6839255518,47204773307.2547,64134.4334624835,496607122567.964,484079427.380151,175027315205.163,90166.4682853982,1086536868.26964,12129541861.1687,1240666127.15333,618610980.743149,14139587564.8303,199529698656.943,387236964253.76
1475584592023.49,139803044608.604,140761.738310729,120363.216934848,1070694049.77552,159973571923.136,78364.83133637,74058.2309526037,112684.897868146,110439271697.15,363577939855.883,15095469.4065148,5048593830.90538,116132.945439841,642487237105.126,98782369429.7886,70364.9036873323,23400896904.9096,59099.596635083,408019370657.163,175202629.730237,175027315205.163,87881.5130637406,1086536868.26964,5349170994.66515,155510167.716894,226717331.950128,5481772593.93594,136898085962.38,247438223971.57
1176033580762.03,98238110725.1768,110409.467011066,110015.078102534,17058088.8450203,108882503577.732,74702.7253504159,68322.5111907768,101503.864750158,47817814622.9568,232672618343.184,67063.1329922534,12628100.0120092,116132.945439841,245866399057.827,37445305413.7511,69767.3913241059,3699531881.29316,55116.1830687572,254087850095.844,61647035.4003774,129679923953.485,87309.2001166645,19146745.7417101,2716202473.46517,282692.975575262,122626.992785778,872222145.072112,38600863448.6122,102559965704.423
342518881095.901,552309083.148456,106642.404197247,104684.157357239,114333.276949279,4172894741.4513,68316.9607089664,68322.5111907768,94091.7254193177,6151913400.79924,9862647842.79123,62822.8203702746,151247.227513833,116132.945439841,16148029423.2225,694234929.64965,68323.7474359443,95853.1727148833,55116.1830687572,24352847960.8867,137224.758659044,1257761680.81415,87251.5393766193,84100.6788980098,76942.6259765728,31560.2804779949,111337.50277707,97934.1576262647,26947012.2209993,13101856391.8035
123844.087869952,60486.5719340578,102412.69974525,101962.692993587,103782.134171782,76236.9465359825,66700.2006291369,67489.9902962239,93069.3271605204,80547.8514272903,48193.3751072326,57944.5096361935,138752.68806109,113259.533925638,77989.1634051366,58234.7980146082,65672.7793200552,80250.2983848796,55116.1830687572,77603.8766656759,129810.492964934,67976.7978471233,82342.1666807042,80784.7330624966,74889.3926398706,29599.0314661778,104704.781050425,91394.6967724053,92476.0271818344,48259.6509608736
88456.2410851046,58164.1255405563,84022.5831026842,88797.7099194116,89296.4929906378,72664.0958105183,58926.5952687236,57611.2952442653,81216.3147169846,76061.2051430201,45615.7049933793,47946.331109059,120208.219748608,92399.2278845876,69812.8312964346,57943.8275952271,57850.6446605577,67803.2773424971,47223.5796065667,70867.0151933795,115478.935911364,64393.3397648317,69043.8237803728,74412.5896885363,70377.3182673864,25920.629739456,91866.50583951,83597.3668011291,90989.7285160858,46741.151497367
57632.8496106516,30392.5802061005,18229.3271223486,31508.1470968714,33880.7077930774,44402.0175737366,21118.3171284027,20478.4700266478,31319.4199483714,36041.4938010733,25129.3569344441,13914.2751643358,41223.132299652,29904.4844016878,31623.881328218,27360.6160724159,24707.3412473795,23023.1161467406,18591.2540601204,43549.6796145721,55884.1559932763,36259.278948692,22529.3370088276,32501.1312121506,36632.4095999649,8134.60519288032,38049.8131204795,34664.5016339208,47987.4162100129,19505.8183964562
2121.98840461902,1186.16482046363,425.541869932062,708.799705511082,1248.21925706577,1305.44219482986,629.606695076271,466.568572405419,646.5989378784,1063.25564508114,829.493587221438,785.312681278687,995.67796885218,715.702255337421,1278.76217033987,1581.34526297867,545.777724499334,683.924113143451,517.837832695604,890.817973131534,1592.13685076708,991.036653747141,852.101853635513,1017.95133716977,899.012610618242,526.742406405983,655.479901950599,948.889107789974,1025.76279428984,541.65576580139
296.659369829899,267.231305904112,266.981649272675,274.289151309119,448.651804244665,392.42830998118,197.6196557176,335.725761654184,264.806095334642,287.344934960451,308.825018617477,249.280809968991,306.157902350385,329.498329927465,216.051398589938,413.0763258583,273.455688860975,408.230465711479,200.727139763833,177.431893842682,501.465550855777,319.120746505444,367.755736234352,278.696722383702,257.043467446228,401.811126713756,203.206463522322,311.325463214152,267.147480457684,384.772578347175
267.996569436537,261.968770140617,195.845737588575,267.086544718985,366.446919936671,390.36842649557,186.35556259193,265.704216421993,261.031832098729,271.920372818012,304.807081616395,242.130993958899,285.302244083665,323.660226590948,205.259472578386,402.258257633567,269.984255555246,365.498150892289,197.000715435179,167.450474423829,499.814840552415,311.76995624363,365.444209695072,257.991018921814,251.08168394123,362.455219137617,200.284445319967,307.08944340117,258.985174190718,341.621282550648
224.715944006582,261.968761448403,193.806293812278,267.000212659468,182.431651072742,151.588361550752,186.354982103119,221.178219722099,261.03183045035,238.089017425037,178.395319168772,235.52690229178,261.969330817637,195.365111038501,205.258878126876,277.353872330276,269.984255555213,316.650228631586,197.000193912782,152.583505154364,226.209261446658,233.956671001194,266.005563086361,257.990697061076,212.279999932735,361.517483240744,200.284271872476,217.194881482355,258.985049950022,262.025366676629
