139887371139.913,217668427559.205,294040350337.04,334319351558.216,185448674847.398,236708131498.258,212317560266.335,310288309002.432,124677616937.984,322051570428.487,353884923498.66,314166274877.777,261592933461.075,424142716701.451,249491015241.984,145187691555.911,294749706277.082,375747622916.903,390572527458.967,307531604769.042,290630836303.292,324489915344.94,356571019175.472,295957576184.087,267315655891.591,262768214458.026,230462421955.823,152720870274.674,224719739295.435,214406099945.95
139887371139.913,217668427559.205,294040350337.04,334319351558.216,185448674847.398,236708131498.258,212317560266.335,310288309002.432,124677616937.984,322051570428.487,353884923498.66,314166274877.777,261592933461.075,424142716701.451,249491015241.984,145187691555.911,294749706277.082,375747622916.903,390572527458.967,307531604769.042,290630836303.292,324489915344.94,356571019175.472,295957576184.087,267315655891.591,262768214458.026,230462421955.823,152720870274.674,224719739295.435,214406099945.95
139887371139.913,217668427559.205,294040350337.04,334319351558.216,185448674847.398,236708131498.258,212317560266.335,310288309002.432,124677616937.984,322051570428.487,353884923498.66,314166274877.777,261592933461.075,424142716701.451,249491015241.984,145187691555.911,294749706277.082,375747622916.903,390572527458.967,307531604769.042,290630836303.292,324489915344.94,356571019175.472,295957576184.087,267315655891.591,262768214458.026,230462421955.823,152720870274.674,224719739295.435,214406099945.95
139887371139.913,217668427559.205,294040350337.04,334319351558.216,185448674847.398,236708131498.258,212317560266.335,310288309002.432,124677616937.984,322051570428.487,353884923498.66,314166274877.777,261592933461.075,424142716701.451,249491015241.984,145187691555.911,294749706277.082,375747622916.903,390572527458.967,307531604769.042,290630836303.292,324489915344.94,356571019175.472,295957576184.087,267315655891.591,262768214458.026,230462421955.823,152720870274.674,224719739295.435,214406099945.95
139887371139.913,217668427559.205,294040350337.04,334319351558.216,185448674847.398,236708131498.258,212317560266.335,310288309002.432,124677616937.984,322051570428.487,353884923498.66,314166274877.777,261592933461.075,424142716701.451,249491015241.984,145187691555.911,294749706277.082,375747622916.903,390572527458.967,307531604769.042,290630836303.292,324489915344.94,356571019175.472,295957576184.087,267315655891.591,262768214458.026,230462421955.823,152720870274.674,224719739295.435,214406099945.95
139887371139.913,217668427559.205,294040350337.04,334319351558.216,185448674847.398,236708131498.258,212317560266.335,310288309002.432,124677616937.984,322051570428.487,353884923498.66,314166274877.777,261592933461.075,424142716701.451,249491015241.984,145187691555.911,294749706277.082,375747622916.903,390572527458.967,307531604769.042,290630836303.292,324489915344.94,356571019175.472,295957576184.087,267315655891.591,262768214458.026,230462421955.823,152720870274.674,224719739295.435,214406099945.95
136259124720.717,214826330437.255,285635343042.094,324247977376.703,177770908713.141,220142590160.694,209817492939.407,285156352126.543,115813623669.525,318214753138.569,344881121489.258,314166274877.777,258058179931.643,421122441299.32,238760496526.972,142220649532.042,272067564259.335,360470131730.948,377026960075.973,298208012283.83,286194345882.479,315245160732.997,344534390787.602,290192871440.926,257239567996.727,259026763360.661,223118293113.122,148579646903.648,220960475416.553,212948387107.092
119738416974.606,197227848011,255559429902.406,291345235862.914,158241289871.938,206534778513.57,183290681488.153,230159456838.234,99730653642.999,284452068379.844,325334269234.266,267248331691.087,235503839974.173,393560485309.015,217719039130.273,130521121553.891,257080663106.54,346720238743.559,358112705928.996,262532333328.352,258274468192.105,289134433831.025,321547543603.571,265058812598.738,241058807189.831,237091658425.09,203541347936.662,137683794035.194,203733006874.472,190292257344.119
79295776608.9532,128187912607.35,188041179152.139,159231961675.394,103053010567.432,132919820644.136,120342069001.609,138945792604.54,77691086780.3003,222135409189.522,246458500144.831,184507716538.37,156118103481.096,298039910018.754,143053306715.964,94310821628.343,157205680018.861,258692788562.088,267323988884.242,144847572601.768,193321290110.192,202513049283.62,213097400317.966,160569186113.012,166537409976.532,173267748993.895,131689268294.773,89415222181.4529,146932927759.194,135649178811.449
8929893507.11777,16978655988.6655,27266735563.0537,20064021232.2266,16312455669.4308,15595842627.1999,20055301891.6048,13375910256.7903,9805169140.00079,33386402836.8595,75083580077.7095,16656915061.8016,18866573321.3008,53278432610.0928,21799994252.4822,14749804383.2405,36742669069.2382,62189459816.5204,58460561575.0377,15079222490.2102,46644631238.2002,44484812570.0318,40241785245.2881,25902618787.7167,45968188091.849,27938607123.9661,12566778844.0294,9179591737.2061,34984740118.9361,22337310715.7008
365165519.208165,1086653905.87224,846215855.307987,916811228.733987,626615330.745871,908960109.608449,1200669385.09465,1003821492.08491,349254050.003143,1019967692.34411,1869663959.89512,801552587.844729,1736246028.38998,1853763794.65211,990406903.646037,549376127.622563,1160530967.6345,1875802675.76265,2445510061.14942,1106214873.74659,1496910673.49788,1394430319.88593,1576526557.02532,817367903.165782,1014316479.95343,804897243.478709,1413123795.51396,1003923973.2807,1371241548.25925,1155881105.46827
37068841.8286923,44206628.6774451,16613471.5699387,17100394.7884811,23455913.2659028,100088363.324934,40859658.4942991,43856393.6276596,15248256.947319,41388376.3375997,37090467.4298988,20147686.2314468,61557679.4079672,34534988.6625185,30727576.6324974,54169903.8058684,28140457.5621193,32785268.0763156,75554140.7792455,49587790.1020388,37151440.7835518,58655312.0125352,68009169.3957163,9103952.07428978,36610672.6896475,13405980.9726345,11597888.3875647,28912873.4118715,40622627.1713975,38934787.1388242
7132475.12901321,5473188.66606417,3064038.2470381,1258160.43557527,1471838.91824038,12387452.1122234,5454972.51495542,9386816.53573368,4395441.01045115,7470531.22540119,8207145.33298119,3235058.89291108,2956367.39091895,4523899.555175,10192619.29376,17516736.7958644,3387055.68878029,5067924.7219563,7528786.83042961,10162910.5831024,11158824.3156416,11502862.0580341,11033271.7757758,1139423.72965613,12836078.2517994,3074987.82608354,2531892.68288262,2009909.57402689,6897939.86312011,7880883.18134329
883307.002643137,1287622.6109632,261618.393888912,419939.206772418,727145.781062159,1429638.25668086,451438.720934073,1337033.86186748,509778.905469415,1316743.35024876,1843547.85258044,233918.71601805,484277.019531646,1126358.12410062,633960.341503886,4041380.20658396,627041.578429788,453798.800596262,541203.849941239,1284379.66747318,680205.286208172,707614.254854476,1018423.6498948,266430.931368094,518195.70058288,338539.48963211,361918.093145779,157809.653281516,1378224.70515945,1927391.78811601
17691.494353953,25088.8714508623,15096.7746502832,10627.7325303654,11491.4240103173,10385.236717991,8018.70952587335,24585.7633384719,9436.48404281488,11926.0564989439,4827.00860712128,14013.4437352111,4025.33775090478,6703.0090557112,7335.34418239237,11545.0547688222,2852.95440954444,19978.9946327317,18392.484070326,9003.15746047032,13691.2389861028,6658.34026487538,20336.0259343497,24634.6127370745,12548.3829943352,30675.3718303248,7178.68574706388,8387.84740051828,16680.0778275258,13519.9175718556
2778.27981819625,2052.09913393547,1801.98944337238,2600.53919992428,2626.90905672771,2321.09206018201,2812.16114010394,3012.67490030243,2787.60430350536,2896.80644897208,1718.78366272751,2703.02564691083,2059.8982817481,2546.10238126831,2239.76732797562,1876.29996116979,2320.07960860914,1854.41853079511,2710.70451269606,2481.72954102402,1921.7056911506,3052.94553484475,2726.1200901707,2543.89977021931,2446.78839709128,2017.28427366632,3020.01051137958,2276.79502003003,2775.89653250948,2600.92564541828
