3920.79835587646,1521.80803462919,2046.28546427068,1802.53323697366,1206.10843796365,1872.51567560932,1475.63925606709,1760.38391126975,1722.54081551387,1517.87919779891,1392.46239321698,2132.9265619971,1584.09166752114,1399.82207705357,1572.13909072898,1370.96352020152,1829.97037418303,1808.28343733877,1577.48289628333,2144.43534727578,1583.02191284046,1568.09113791856,1467.84657015641,1681.49947945434,1992.33106786471,1552.21792810704,1391.09401365098,1694.75947314174,1854.93334781476,1682.18847198591
1786.06797587194,1382.97031627902,1366.48242906676,1541.24735680455,1107.39946536956,1644.44358093031,1222.63074129924,1457.02224539687,1560.59684924724,1407.57643341818,1200.81040030752,1579.37567088903,1326.89795475913,981.702659453623,1406.47576959892,1256.01752599726,1471.98098667457,1410.56830754874,1396.20993627083,1558.41265271666,1210.74769748728,1427.21711680372,1298.64345503451,1492.71186389809,1473.26429069096,1373.17702036616,1248.40869069758,1261.21744800126,1319.13377086008,1515.14033844823
1107.98245865118,1254.19408603878,1041.32988089562,1354.96689867656,1013.08352574511,1489.32773102934,1073.34447808907,1288.13518566371,1424.80726159075,1296.62412120608,1043.12909167251,1368.40637781781,1134.03140627239,840.545360668743,1302.2443351559,1171.7665609307,1226.00288937591,1197.5106112051,1231.99834713752,1285.77743213458,1014.7462261497,1317.54830866769,1192.33430504529,1287.89647063779,1202.82286013626,1271.21090168083,1124.19016489214,1008.74798348576,1130.76016045072,1387.30544193766
677.115536301671,1196.04438106666,635.505633779258,1157.3845033405,937.869472419155,1300.62603541791,874.752130617089,1108.94258750735,1314.13454356463,1199.43890323678,895.880256123137,1052.16305327608,943.656519626278,611.682508606672,1192.25297113093,1088.84921524429,958.221260432115,931.168951634899,1129.25598962876,986.83922984646,756.511411319932,1225.43577265156,1101.30087192947,1194.07892180473,938.412465951559,1097.59735476306,1047.41976878093,737.618405798412,875.997920291051,1253.54149888558
406.179332114906,1176.1317644186,468.923088819001,1095.66774750926,927.661538922304,1247.71698880555,824.434420818031,1047.20950782455,1288.02362984746,1175.60604849768,849.362512393424,894.634674990093,889.692442158283,516.662390227975,1164.68294316725,1069.7060596003,826.465391325715,791.019940303382,1103.39976928229,820.274029228662,633.795720283594,1208.27441154107,1061.33661715874,1177.7208984384,742.333344471518,1056.74201629322,1023.22118957413,573.792991612555,779.570578445726,1185.51823961476
401.450493968391,1175.71708982484,465.55678466688,1094.74398402963,927.460441823835,1247.07454393128,823.664073742623,1044.68386133043,1287.58928607504,1175.03840348284,848.674833600651,890.963302684697,888.816681373024,515.336905931538,1164.30677230542,1069.49654818393,824.532647393499,787.740262224237,1103.09561219396,818.581202835539,632.199482091432,1207.86679942734,1060.10763704222,1167.51635067503,739.817496612537,1054.92907250221,1022.44316901454,569.66867517068,778.286327546852,1184.97901860269
401.449622691953,1175.71701478339,465.555726032606,1094.74366983541,927.460386340619,1247.07438531766,823.663780356716,1044.68302822987,1287.58911396771,1175.03826629359,848.674662727384,890.962404601693,888.816453409524,515.336469377912,1164.30667538278,1069.49647185182,824.532197956483,787.739094906382,1103.09554882518,818.580659904911,632.19908452509,1207.8666972572,1060.10725040877,1167.41132875593,739.816851322507,1054.92870423992,1022.44296260791,569.667597611858,778.285686344469,1184.97886856605
401.449622521871,656.818648496951,465.555725884805,1094.74366978332,502.909161978637,404.27592922786,823.663780258029,946.086485024249,519.612752894846,379.22313050874,564.612413093904,890.962404407946,569.317290356205,515.336469292565,410.871036388755,419.038155148484,648.979133266617,787.739094516527,836.774018881293,818.58065981781,632.199084418169,801.490357225353,1060.10725032329,1167.40997814873,739.816851162023,954.212482839306,1022.44296257736,569.66759739012,778.285686199457,973.922221579578
401.449622521871,655.840011039958,465.555725884805,1094.74366978332,500.043303864308,388.888006601591,823.663780258029,943.937856460398,514.415712201718,368.998089485488,556.080955600223,890.962404407946,563.951331928678,515.336469292565,404.437101210877,416.564419331673,623.518183295598,787.739094516527,835.689141664445,818.58065981781,632.199084418169,795.39501036193,1060.10725032329,1167.40997808022,739.816851162023,952.971812355793,1022.44296257736,569.66759739012,778.285686199457,968.662665793322
401.449622521871,655.839779309325,465.555725884805,1094.74366978332,500.042664277642,388.884913784841,823.663780258029,943.937076142486,514.415259720222,368.996478614422,556.079033581298,890.962404407946,563.950075108405,515.336469292565,404.435513711426,416.563901719708,623.509608337602,787.739094516527,835.688861976279,818.58065981781,632.199084418169,795.393461839438,1060.10725032329,598.557242381205,739.816851162023,952.97146085854,1022.44296257736,569.66759739012,778.285686199457,968.662553029797
401.449622521871,655.839779282934,465.555725884805,343.26363219851,396.535890644404,388.884913111646,823.663780258029,943.937075931814,514.415259651431,368.996478248246,556.079033218219,866.459958634369,387.61820906081,410.413062644936,404.435513185154,416.563901578748,623.509606871909,787.739094516527,622.968347693102,743.959367527172,632.199084418169,465.435856846468,458.645858028049,598.515496729286,395.129111254511,692.82760002144,1022.44296257736,569.66759739012,778.285686199457,624.313271243765
401.449622521871,655.839779282934,465.555725884805,336.798008853939,388.241378951378,388.884913111646,823.663780258029,943.937075931814,514.415259651431,368.996478248246,556.079033218219,856.91798279966,356.785036048915,399.129295220902,404.435513185154,416.563901578748,623.509606871909,787.739094516527,606.768133665626,729.59483962302,632.199084418169,449.439956304327,450.996052688369,432.988453917633,369.861024842509,687.171535626848,1022.44296257736,569.66759739012,778.285686199457,581.366266617744
401.449622521871,655.839779282934,465.555725884805,336.796751304121,388.240151515381,388.884913111646,823.663780258029,943.937075931814,514.415259651431,368.996478248246,556.079033218219,856.916591785364,356.780087404847,399.127988880926,404.435513185154,416.563901578748,623.509606871909,787.739094516527,606.766096064038,729.594194992203,632.199084418169,449.436581932772,450.994316218656,430.181540206279,369.857601161826,687.170537209084,1022.44296257736,569.66759739012,778.285686199457,581.360570805523
401.449622521871,655.839779282934,332.208787100983,336.79675106911,388.240151320259,388.884913111646,550.868741869464,537.083464106876,514.415259651431,366.870889425621,439.801842136856,342.071345908416,356.780086821542,399.127988584031,404.435513185154,416.563901578748,518.607602319942,347.382671454026,355.140369694601,729.594194987823,455.242914705847,372.807934875768,356.253734936178,430.181489269584,369.857600600925,410.727982972009,498.222520646676,468.93961393376,419.789886503805,581.360570106111
