7191.46376882452,7828.28510157553,9038.42802560836,6940.03583306056,6657.40380401022,6369.88378986762,8046.35193525185,8081.88003163221,7139.44570504618,6423.02554014845,7585.85150263286,6978.77098008584,6845.48111392861,8076.35780907773,9683.98231866604,7453.96942868972,6234.36358375741,8563.12865503468,7304.64609100235,7456.09273660993,9190.57680920937,6894.95298847728,6860.34673916718,8272.83338510518,7213.13820582588,7619.6857737065,6563.98365662417,6716.28343272125,7440.22813323734,7192.92085001458
5915.0857932495,6468.84912623639,7660.32988836306,5787.28642324249,5376.60290947985,5442.15372625077,7129.30889316414,6151.10042758737,5963.96597775932,4598.65583124759,5887.80287043587,5781.25146189185,5483.66308121794,6532.22984559944,8027.00025138687,5574.18232728026,5266.82701018277,6935.93178113382,5773.8144984196,5605.56392872129,8037.16237464922,5551.55695631743,4981.40563761795,7096.74839230056,5712.68737504378,5903.09432282439,4966.9484418994,5175.0378906554,5953.40075295798,5225.53559301812
5331.57980239645,6138.43760486085,7187.20241760042,5275.27719593166,4792.57312788625,5119.21055333176,6849.22338860897,5734.46785384156,5252.46849217429,3980.77663533444,5297.37656897747,5237.0245386063,5147.82256478526,6011.73518029243,7351.31153143539,5069.4388457669,4763.07574618728,6445.20253656981,5211.07918091338,5140.43784260874,7464.38095073415,4980.12526628261,3989.97592440787,6672.68829973553,5229.63798451537,5274.10718411312,4444.97558590136,4723.13116072104,5396.83264476927,4676.77557045758
5163.2552651681,6057.23463936905,7042.37198400185,5047.77397972982,4627.25791861638,4918.54277518436,6746.18869982652,5606.29182931729,4993.18476234439,3722.15478427377,5142.36546366194,5102.73979386141,5086.88652756542,5748.30364779036,7112.00812521814,4675.97221120184,4539.51500644409,6285.13719255792,5071.63803111537,4955.24292939228,7274.97117693654,4829.32805267467,3736.16780654582,6590.08395632899,5145.32538609749,5090.31233139523,4284.16565216872,4533.2638136548,5170.46109788093,4552.61464677751
5159.11643492848,6055.8486299887,7035.1754198862,4630.09639229334,4611.85367815272,4901.41218147417,6742.07067501632,5599.50064157214,4946.65742840801,3702.45362786834,5129.07079310702,5099.36652917855,5082.69304722475,5738.17407128359,7091.87145078047,4450.92622012655,4518.07140229234,6277.55422108137,5064.70512338794,4934.67460190852,7253.57190599863,4826.2886191369,3718.70048376464,6577.0726598215,5134.8606722954,5070.19207557178,4234.67012076408,4519.5182407686,5152.92529151367,4535.78370024888
5156.20686873117,6051.86363040681,7034.90665419432,4624.30285569709,4611.73053829826,4901.35005774887,6741.8961051407,5599.32115592582,4946.5838057217,3702.24054976833,5128.31902221531,5097.1225866671,5080.18778920273,5737.54434206356,7091.51646925933,4445.43334359706,4517.5550836214,6277.29397365059,5010.69776058825,4934.65924457549,7253.51686245961,4823.4127050669,3718.46851369978,6572.19690262434,5134.70878712129,5069.99426772042,4233.78973470459,4519.50072891584,5152.90723854054,4535.7658598085
5154.84549815234,6044.71471052526,7034.75207575325,4624.25113896581,4098.70628508468,4901.34861975684,129.40423265198,4927.59167791116,3163.40172060973,3702.23734136395,4615.68714141684,5096.63385720418,5079.50444872653,5737.44296043525,7091.51408628233,4445.42278915294,4517.54412025913,6277.29352582726,5008.56235827213,3723.90081732337,6346.6836371043,4822.5288924509,3718.43676267594,6572.18367945063,3158.17660758276,5069.99239630598,4233.74230535672,4519.50072877781,5152.90723834793,4535.76585977193
3951.28764195665,6040.12891664117,5030.99111056149,4294.88030976598,3843.4075059246,4751.19375129826,100.006553939319,4915.15052915931,3157.63366929502,3702.23733280043,4384.44271178822,5096.54825345805,5079.47374524273,4834.70605477173,4945.45387065817,4445.42257484038,4517.5439665684,6277.29352582726,5008.54145951379,3723.15359520596,6341.63676084275,4822.52880091393,3718.43592482745,4085.72587676884,2913.46718084407,5069.99239630598,4233.74215762866,4519.50072877781,5152.90723834793,4535.76585977193
3927.71907027458,6040.1131172183,5028.64259925553,4294.65537995985,3843.40728621476,4751.19033032543,100.000002621806,3966.47885721819,3157.63366583638,3702.23733280043,4384.4176266008,5096.54825345805,3613.36507656871,4831.98215580066,4945.33286496376,4445.42257484038,4517.5439665684,5436.62309762498,4973.8075388433,3723.13403754818,4462.35471979886,4822.52880091393,3718.43592482745,4080.4652851537,2911.84608486142,4145.71899234569,4233.74215762866,3289.95342405591,4636.22296601833,4535.76585977193
3927.71903771099,5480.38566161305,4404.98551847069,4294.65537993514,3843.40728621476,4751.19033032543,100.000000623661,3965.05042951762,3157.63366583638,3702.23733280043,4384.4176266008,5096.54825345805,3613.36475832142,4437.56960348423,4945.33286496376,4445.42257484038,4517.5439665684,5435.13480006384,4577.54282645507,3723.13403754818,4459.49756075137,4799.08774445832,3718.43592482745,4080.41204733381,2911.84608486142,4143.41035478702,4233.74215762866,3277.92047463729,4617.3150370854,4535.76585977193
3927.71903771099,5480.38564503372,4352.38340785369,4294.65537993514,3843.40728621476,4751.19033032543,100.000000623661,3965.05042911644,3157.63366583638,3702.23733280043,4351.6862094529,5096.54825345805,3613.36475832142,4143.08086401849,4769.23655598778,3827.17412865846,4513.87004555324,3968.24673400191,4534.59836115295,3723.13403754818,4459.49755670094,4799.08529611625,3718.43592482745,4080.41204733381,2911.84608486142,4143.41035365426,3598.63092729215,3277.92047262186,4134.96470375652,4535.76585977193
3927.71903771099,4256.26082149036,4352.28437753404,4294.65537993514,3244.84071837475,490.504794121597,100.000000623661,3965.05042911644,3157.63366583638,3702.23733280043,4351.59637673524,5096.54825345805,3613.36475832142,4114.05695772411,4028.56350286753,3790.35651332706,4507.58511857572,3968.22351293972,4534.59836115295,3723.13403754818,4060.60510274691,4799.08529611625,3718.43592482745,4080.41204733381,2911.84608486142,4143.41035365426,3597.82957975577,3277.92047262186,4134.95425212584,4535.76585977193
3087.79272871851,3881.22671348278,3884.53430171179,4294.65537993514,3232.12540177159,100.007863581844,100.000000623661,3544.39586408134,3157.63366583638,3702.23733280043,4351.59637673524,5096.54825345805,3613.36475832142,4114.05695664576,3913.19657048349,3790.35651332706,4507.58511857572,3968.22351293972,4534.59836115295,3723.13403754818,3973.53088955813,4046.51889198265,3718.43592482745,4080.41204733381,2911.84608486142,4143.41035365426,3597.82957973724,3277.92047262186,4134.95425212584,4535.76585977193
3087.7927018738,3881.0428967983,3884.53430171179,4294.65537993514,3232.12540175711,100.000000652525,100.000000623661,3544.39577421069,3157.63366583638,3702.23733280043,4145.3982005739,100.577608866017,3613.36475832142,4114.05695664576,3913.19657048349,3790.35651332706,4470.63370288101,3968.22351293972,4534.59836115295,3723.13403754818,3554.72653354332,4046.51889198265,3718.43592482745,4080.41204733381,2911.84608486142,3726.43056753803,3597.82957973724,3277.92047262186,4134.95425212584,4535.76585977193
