3722.55558625244,5919.17539078791,5550.5252328247,6054.65987361779,4321.70897972812,2571.19039588568,4636.11170235821,5547.2060880352,5887.96583677394,3862.86722676999,3639.72381201784,4779.08756840081,3805.7596424626,2936.75426792664,2432.24501663818,7885.33643296611,4244.22736474565,5833.69609093899,4938.31256001296,6277.88174611151,9994.71241110371,6070.15510989308,5313.99109511266,5206.87951738352,4318.02921639428,5149.15829463933,5159.91509266975,3922.48671454933,4899.60132547097,4725.9224475057
3073.89299535634,2390.03035066276,4595.16022718603,3113.70887250752,2711.38832917524,1790.88833117993,3277.92770962413,3445.29501410581,2119.71353736294,2572.02770876801,1801.76603554566,3844.64831901438,2731.66962185359,1766.53765149675,1677.691583166,3567.2666346855,2482.20727834719,4561.24003573861,2107.81139846896,2270.20139113935,5829.79926712212,3357.46617934637,2497.80907997478,2822.18979727999,2437.30653791105,3114.3805094177,3405.36220848329,2108.80056798174,3244.90023176513,2022.14453613293
2753.36494679663,1714.23115453419,4307.58155573905,2344.47764986754,2151.48105874171,1518.25918043213,2743.70045944665,2371.39205450965,1479.51292733272,2126.53204001588,1413.51236377764,3343.20846792116,2248.2245952076,1407.21936382289,1402.0973528624,2399.79389712238,1736.37192950661,3969.78615237534,1450.23947575429,1327.45777588086,3407.05049446246,2398.466266795,1563.37661090573,1989.85697226108,1862.74275600599,2183.0670601844,2831.52492371464,1589.45460984216,2752.96735190727,1535.11079960918
2592.94593328247,1441.88281676477,3953.08923889375,1887.99980781079,1760.74996046802,1363.93200702187,2541.6200432607,1711.64802225551,1188.42341450207,1801.18422758088,1177.12564968831,3242.80844915201,1998.15948309324,1282.85783169155,1289.80716462756,1790.4454647963,1480.73050311326,3811.72464199176,1103.30883280466,997.563219975478,1984.9956628113,1785.61419251343,1146.11170593776,1426.29981639136,1547.9412052493,1699.5226294951,2390.55312899554,1339.88915217338,2269.93704154922,1192.46746505888
2577.99617438347,1399.54590905627,3892.98065021451,1837.75259060862,1688.3127757509,1339.31699704857,2528.27245306811,1426.43503336082,1161.22882374848,1758.58168148013,1142.25599321368,3233.11757003339,1958.52463032854,1273.1639668709,1284.58523457228,1708.80036772532,1460.28720449425,3807.51170550747,1066.31713501683,954.34003701243,1623.41817217666,1544.75387711385,1091.19557736631,1309.02517997639,1508.43475864457,1655.06360054323,2348.15944376055,1314.27558425303,2213.34417803978,1155.90325802165
2555.21523906559,1393.6904508918,3880.78564874985,1836.48173369328,1687.16799181938,1338.46287525164,2521.70662998516,1424.06428110784,1160.69672341694,1758.35450063954,1140.50892926322,3023.44827068585,1943.44830925818,1244.90824074469,1281.76927096878,1696.6440422354,1456.52452758878,3806.72241463364,1055.43426580875,953.947296566315,1622.62082104144,1542.65041095248,1090.63712491792,1306.17545614157,1507.25881866957,1654.76048356307,2339.03071812899,1311.88889148775,2095.21217724368,1155.36793532551
2550.16766693498,1393.44900556469,3880.31478186306,1836.30099835389,1679.99093195871,1338.29712160514,2521.63746845453,1420.43284364509,1159.53518913852,1758.10321877514,1139.91081268337,2981.42474146467,1943.43044525273,1243.74014869325,1277.35134305749,1695.70536610666,1454.83417903995,3805.93736534533,1054.96518356064,953.592865618799,1397.06916652722,1542.18036405647,1090.31536422143,1304.03147877868,1503.9200973661,1654.28410438653,2274.11757431034,1311.49670369375,2095.19289679031,1154.90643007727
2550.08041011606,1393.43740736235,3880.24069728896,1836.30018520675,1679.83939954483,1338.27519231885,2521.62099037336,1419.93056361283,1159.22761200637,1758.08056188809,1139.36921934113,2981.32864248823,1943.4234949234,1241.1058751689,1277.34367982646,1694.7049616959,1453.75605700095,3805.8234838606,1054.9177952383,953.541789563833,1396.62168767883,1542.17986303024,1090.18388346904,1303.9804277775,1502.58959682375,1654.17531649836,2269.46241636274,1311.37100727262,2095.19254875953,1152.85734781822
2550.07841209655,1393.43715283883,3880.20817808006,1575.30173114934,1679.83495659059,1338.26852020158,2521.62012007139,1419.91865109971,1159.21932449224,1758.07932707034,1139.33186645206,2981.29858026557,1943.42267537381,1223.96349313118,1277.34316017404,1694.70151061135,1453.72311591597,943.401312310211,1054.90861101566,953.535589350086,1396.61356446534,995.986414341502,1090.17884066244,1303.97967784973,1450.71456055198,1654.17467958381,2269.38154644139,1311.33220085518,1829.03807706777,1152.78022935245
1286.46185969841,1139.15680648229,2760.48700186862,1545.99978248933,1175.98149658418,1338.26828427373,1474.85505704038,1419.91758716044,1159.21877862789,1758.07913578546,1139.3314570725,1672.51084725063,1943.42264531915,1223.95891775432,1277.34315497011,1694.70132864073,1453.72217164288,896.936465449512,1054.90836621447,953.533689151508,1395.90835590436,995.181262101496,1090.17764202944,1002.52402136696,1442.25832592152,1619.24440866526,2269.23010796318,1311.32340256786,1612.51224458668,1152.77795986812
1233.48280674389,1139.06178643054,2386.25663822268,1543.04624543257,1162.3408512888,1101.58095603076,1437.84521751283,1007.9220851797,1159.21872283494,990.804571799467,1139.3314570725,1612.19741687612,1943.42264531915,1223.94743367565,1277.34315497011,1694.70132864073,1055.72794789635,870.344462525421,1054.90836621447,953.533631234585,1394.64970410624,994.810465090732,1090.17755262377,980.91195081093,1433.06257632993,1604.04915382687,2269.23010796318,1311.32231651582,1612.19748977646,1152.77777968994
1230.49145156946,1138.85666280629,2378.13553247539,1542.88378037646,1157.79550447569,1101.25063690977,1420.92464898335,995.347536910806,1159.21872283494,990.533657716667,1139.3314570725,1570.64273249249,1943.42264531915,1223.94648969786,1277.34315497011,1694.70132864073,1012.72425813117,824.359327641263,1054.90836621447,953.533631234585,1394.62147274515,994.808568535776,1090.17755262377,980.775169384816,1433.06253331064,1603.62090931573,2269.23010796318,1311.32218447326,1612.19204554437,1152.77777968994
1230.46001307986,1138.80867444976,1486.91262702139,1308.98882733371,1140.59759138837,1101.23237749258,1415.44860693534,995.347005464957,1159.21872283494,990.452246136246,1139.3314570725,1530.94522245747,1943.42264531915,1199.99290978398,1277.34315497011,1039.89695057768,1012.53651249433,824.249590110809,1054.90836621447,953.533631234585,1394.62035186572,880.761845008755,1090.17755262377,980.774577044334,1433.06253331064,1603.60676049007,2269.23010796318,1311.32218447326,1032.20213865277,1152.77777968994
1230.4596706789,1138.80217100899,1024.44271950723,1028.60829701675,1124.43299040136,1101.23168751905,1415.23778408731,995.347005464957,1097.67219931927,990.452126455097,964.956391279527,1528.32479126508,1314.75755954367,1167.2900504836,1277.34315497011,1022.66139235163,1012.53032764464,823.199628316267,1054.90836621447,854.384753468529,976.273003297503,879.237441330644,1090.17755262377,980.774577044334,1262.44872372667,1291.50398122143,1164.76020762569,1311.32218447326,1025.23068555854,738.516952295828
