13411.5060288981,10892.1763955424,8252.55587053916,8459.46741341378,9740.69572974778,16823.6674977664,6720.37531197431,9423.66308898927,12214.9156385784,19991.9431083832,7025.29622129816,16913.6266873277,9566.88585924336,16200.7678249668,14545.5643985892,12997.3072599101,9269.71593702193,8722.33648451539,8970.85137159814,11762.1892945733,11756.9075329085,9845.34726967264,14725.0109595121,5178.50722841027,11409.2567945305,11151.766192743,19910.1427640392,7641.04771765675,10067.4011435062,10860.9202722768
7618.21673900804,3489.27058906462,3862.29836636421,3747.92544488837,3871.61582547715,8348.46215697157,3357.15475086336,4379.89806637646,4494.14269469664,8321.72149546374,2728.59703069005,7856.6978862209,4254.55843674257,8276.04362450485,6522.17246359412,5701.06319228452,2990.68577665494,3286.36265625122,3063.21233419058,7355.99629006302,4838.08244307262,3600.36744796725,8905.71840828317,2264.04834293433,3767.41285701406,7048.18771782349,6655.12211692955,2775.36281198252,4085.65851277704,5571.12208114342
3808.82364071957,1995.13852069025,2433.67948686252,2490.41938781571,2552.91247555465,3880.52336966896,2513.00954706334,2782.20096397181,2411.14954653942,3778.64105179273,1928.95328749331,4451.23965144235,2562.99442967762,4357.1172652288,3699.00282211549,3786.61932230209,1892.48865262695,2259.71892162777,2018.91764858725,4873.55920504674,2943.28942233594,2404.28402811221,5620.37350415943,1625.43081247474,2421.62586438617,4906.71822403294,2811.65741405225,1768.06147956371,2503.52864710794,3549.27205136572
2104.141567523,1424.08592741304,1776.2613912183,1925.58435559165,1930.50689629972,2170.51030278614,2092.38275008769,1982.27643374941,1621.72495694425,2018.36339538737,1597.55703000318,2616.6212895489,1784.63999273862,2397.211161401,2224.62633457793,3077.91798570317,1385.30051041738,1872.52275197755,1511.9376675084,2883.71686995372,2143.47633079666,1806.93398286678,3686.42503244827,1286.58461496249,1779.59032039599,3199.2062983114,1827.4728782283,1329.47392966379,1766.32973425637,2310.03271227055
1758.2953436375,1345.35002059138,1721.57537533391,1900.61296384019,1862.54266437899,1510.50250060121,2058.77222133084,1870.56379720938,1427.86567321118,1460.61175888711,1568.06614215032,1958.99633527789,1679.76604825561,1999.77677515663,1708.09703606195,3037.72060764965,1297.57615715992,1843.68262067443,1450.09821381123,2200.95648670745,1944.06257795759,1729.13389318221,3272.60000884535,1262.10102437429,1716.61605716732,2375.40286892761,1721.58433284347,1289.91906018776,1602.60622613307,1972.87628633397
1748.57748797841,1302.31753565731,1720.53914942607,1900.58336939275,1860.98915317946,1499.4804149376,2058.761841778,1859.12122507592,1427.093468741,1448.02502995756,1567.69804310857,1937.4171176199,1679.44936440487,1987.19415025456,1700.51179779883,3007.40221264151,1296.84739087458,1842.92813083927,1447.60376071153,2191.83802850723,1940.586300693,1727.93892387688,3235.10976158083,1261.70508812211,1714.00294663772,2358.02555481324,1721.31184975004,1280.99836282544,1602.41361902572,1969.49734944206
1746.98232344551,1277.30971648387,1720.21957939689,1898.37501102273,1849.33677153462,1499.48040769725,2058.18314135021,1857.88908258081,1426.72266334935,1280.7604731367,1566.53664272601,1937.41706850445,1679.24414110757,1986.68117300892,1700.5117544518,2988.54785348213,1296.65073678161,1841.64224364865,1437.31866072945,1236.43188356583,1940.14533287841,1727.08955335796,3012.39687748222,1261.54291716496,1700.05985000255,1697.13404647832,1721.25326508437,1274.14292789235,1602.23619521159,1969.4406041193
1746.61264828553,1276.88772648387,1720.14137322167,1881.23044070741,1848.92170136621,1499.48040769725,2057.87785143307,1857.78690438472,1426.64848923882,1245.00882090733,1565.04932017124,1879.05484004006,1661.40279163071,1986.58917738796,1641.09120015103,2983.93298964816,1296.61318786799,1840.70789843945,1433.21085067294,1200.57309396476,1940.09182724377,1726.94274387209,3004.79437941456,1261.46355335376,1699.86562018045,1650.14112620619,1721.25137581242,1273.78091656716,1602.07009333154,1969.39677510056
1746.52330071446,1275.7831084351,1720.12154622033,1878.35914275115,1848.8559237003,1499.48040769725,2056.26200128638,1857.74753212046,1426.63104913693,1244.82666983685,1564.1393820401,1849.5201114423,1654.78536538223,1986.57154363016,1640.8802014367,2976.24267940386,1296.60717496952,1840.43069727584,1425.57992555125,1200.56780848918,1940.07477912304,1726.88683974977,2998.80655716136,1261.43524586852,1699.83297914006,1649.71915365789,1719.89929938942,1273.69182201037,1602.026785539,1969.383171213
1736.18015316095,1275.76661834126,1720.11475546132,1859.02767528977,1848.83830053652,1499.48040769725,2055.93411566847,1857.73814684041,1426.62764322031,1244.63751990185,1563.89503927468,1849.05784986149,1654.49447128931,1986.5687919805,1639.82113022958,2976.10741733343,1296.60618204796,1840.39537283143,1425.18775512325,1200.49753014811,1940.07261961106,1726.85681586832,2998.23537578994,1261.42720759307,1699.82562963197,1649.38305145541,1689.46698137207,1273.6614059332,1602.0181202612,1969.38150150555
1731.53207433824,1275.76497153574,1720.11352391035,1852.72396131298,1848.83086476822,1499.48040769725,2055.89229743166,1857.73637124881,1426.62710183556,1244.52969326617,1563.82750905601,1849.03043714379,1654.49103507781,1986.5685332064,1639.7690863224,2976.0890882117,1296.60605257573,1840.36589393081,1425.11535559356,1200.49584615659,1940.07227576932,1726.85258049621,2997.42913103034,1261.42461482632,1699.82453065555,1649.15879561947,1688.24389434921,1273.65348325673,1602.01681512949,1969.38119839
1731.53207277939,1275.76451214845,1720.11322677865,1851.92051329367,1848.8276216934,1499.48040769725,1598.01963259692,1857.7360531201,1426.62699336391,1244.47334601133,1563.793899572,1849.02403976405,1654.49087102956,1483.99981427302,1639.45193993461,2976.08323096925,1296.60604836151,1840.35387436105,1425.05881379762,1200.48362225855,1625.6473468418,1726.85154303538,2981.91333150555,1261.42417666414,1699.82409615704,1645.83493396115,1688.10189601228,1273.65102988007,1602.01648475863,1969.3811280152
1731.53207277939,1275.76431608648,1720.11317014404,1851.44495704699,1848.82715880573,1499.48040769725,1432.90402925646,1510.02129355175,1388.26589691591,1244.44395101178,1563.78280346824,1849.02256324234,1654.49086417534,1375.90479112568,1639.37708839065,2976.08127647651,1296.60604836151,1840.34951823679,1425.03850856543,1200.3103484659,1557.79201546135,1726.85124945733,2981.76171210991,1261.42403055034,1560.9851099756,1645.19446152338,1688.08142326564,1273.65023013203,1602.01640321292,1679.3642565362
1731.53207277939,1275.76429741698,1702.61035036171,1851.3539543702,1492.87168478212,1499.48040769725,1432.36614719093,1504.33142696785,1388.15084993458,1244.43530831733,1563.77985570003,1849.02241254296,1654.49086417534,1375.81826532947,1639.29091103676,2976.08063689692,1296.60604836151,1840.34833832013,1425.03021289219,1200.29661107032,1556.70224178742,1726.85119275897,2981.7395378996,1261.42402667051,1228.52879250107,1645.1547921268,1688.07659658742,1273.65021839756,1509.71481970273,1150.34032806479
