2746.82965621415,9493.06387525214,2967.47841059769,2669.61198497767,1687.41698874148,1006.71865796532,5224.1989442061,1421.05395664012,4604.20080234155,2508.94765075381,1676.47494867626,986.411010703779,3547.41197322968,2867.36975250823,4074.52026892023,3601.78233501646,1399.55417081011,2675.57078717497,2893.92137363999,2169.65371894658,1606.47697125993,2402.59992538857,3883.10419981409,1721.79804431377,2254.83400902071,999.892028279818,1994.84487846384,4415.64428823135,1007.62032917713,2659.48392364315
678.788349871078,2208.78339496281,705.438482743498,888.88223018174,673.334945226385,507.300931258301,1167.81220859682,520.501132654156,825.713002393834,553.113149204727,719.422104752736,507.941465104327,1119.02649226897,673.140134996934,877.027542286163,724.925731894704,634.253241297912,638.859218018722,688.1737945855,676.567969547413,520.046353673362,737.065516574135,886.659274702396,622.077225383866,765.411804429056,561.28955086427,600.2369932123,888.810349315808,608.091515057627,631.877591285855
542.389205809121,771.860558245281,510.352292648742,558.1031287296,542.374155801906,457.375467866952,600.624474043881,432.783845943786,556.588918984615,450.358906737487,555.114361231261,469.926423408966,567.148453481039,489.363111255552,535.934559008972,486.51876920002,523.066269780699,495.273252504912,507.72376532528,529.18305743281,441.065870444788,529.452661706793,575.123716935645,507.694025851838,581.66383866453,477.442365945938,490.620903254523,533.557399202647,510.018010931701,485.348105502386
472.375149654644,490.888216050638,477.734518823316,421.214020824756,446.663157026336,434.427010573712,466.721188018445,409.173289305605,470.094083064648,429.378943300877,478.639648850024,451.274707941365,437.331280203922,451.366534119945,462.0483323442,462.036881743547,445.642469037309,455.545288581876,463.184410957185,461.077659784461,418.724253947093,462.837056497808,444.27931200987,434.272849311061,496.014937175612,452.015131455847,462.775314906415,438.944072982424,431.471712593122,422.992559315956
452.030674588882,405.073426077399,404.922194621627,385.059350206474,415.501720338852,423.126569759196,405.802215022371,326.259385035455,460.223121983515,410.032136143954,412.423732897737,448.883974882198,397.823903752203,446.449468265791,384.363668985589,457.879315164233,401.58609949049,403.081306677122,404.92746184973,405.23630894563,409.587225409985,408.169015473697,410.224148047242,387.036020407113,413.111268686911,448.721440530669,399.776990909114,395.458257273909,401.726408289742,400.850938231887
393.026366968378,300.029146033693,300.333769332496,300.000230368106,413.975168338468,341.939312188101,300.003861916107,300.000076376329,460.109362602065,301.372916879271,403.290378228814,418.359625450112,300.000584920337,403.535030221132,300.00009808402,410.875966280554,300.000613998686,300.000372015698,300.004684030569,300.001119209348,403.286027046361,403.285754641258,403.285828966982,300.000139722726,403.292392454256,306.080866591722,300.00137875992,300.000085423883,343.852341407646,300.000900588346
300.000176990221,300.000000520862,300.000004154943,300.000000131982,413.975165774039,300.00005752182,300.000000119565,300.000000145497,415.646536527582,300.000006258476,403.285680659515,399.383317594044,300.000000142932,300.918377061744,300.000000137012,300.001091375093,300.000000159766,300.000000114631,300.000000174323,300.000000143741,403.285680654509,403.285680655856,403.285680661884,300.000000133832,403.285680661817,300.000005369953,300.000000157835,300.000000129729,300.000009068748,300.000000115483
300.000000114486,300.000000119437,300.000000119799,300.000000131982,413.975165774039,300.000000115713,300.000000119565,300.000000145497,403.285976395817,300.000000141425,403.285680659515,300.008762242625,300.000000142932,300.000000481958,300.000000137012,300.000000141795,300.000000159766,300.000000114631,300.000000120067,300.000000143741,300.010320649633,300.017555574194,300.04393177065,300.000000133832,403.285680661817,300.000000106988,300.000000157835,300.000000129729,300.000000143251,300.000000115483
300.000000114486,300.000000119437,300.000000119799,300.000000131982,413.975165774039,300.000000115713,300.000000119565,300.000000145497,403.285680660778,300.000000141425,403.285680658747,300.000000127016,300.000000142932,300.000000132941,300.000000118214,300.000000141795,300.000000159766,300.000000114631,300.000000120067,300.000000143741,300.000000391559,300.000001159181,300.000001468446,300.000000133832,403.285680661817,300.000000106988,300.000000157835,300.000000129729,300.000000143251,300.000000115483
300.000000114486,300.000000109013,300.000000119799,300.000000130302,403.316070092406,300.000000115713,300.000000109987,300.000000122605,300.001358337456,300.00000012343,300.00547638868,300.000000127016,300.000000125302,300.000000132941,300.000000118214,300.000000125173,300.000000142141,300.000000114631,300.000000120067,300.00000013237,300.000000099888,300.000000114802,300.000000112841,300.000000123479,300.144477524252,300.000000106988,300.000000153503,300.000000129729,300.000000120756,300.000000115483
300.000000114486,300.000000109013,300.000000119799,300.000000130302,403.285680661065,300.000000115713,300.000000109987,300.000000122605,300.00000011167,300.00000012343,300.000000119127,300.000000127016,300.000000125302,300.000000109976,300.000000118214,300.000000125173,300.000000142141,300.000000114631,300.000000120067,300.00000013237,300.000000099888,300.000000114802,300.000000112841,300.000000123479,300.000002816186,300.000000106988,300.000000153503,300.000000129729,300.000000120756,300.000000115483
300.000000110967,300.000000109013,300.000000115525,300.000000130302,300.001663624516,300.000000115713,300.000000095017,300.000000111943,300.00000011167,300.00000012343,300.000000119127,300.000000127016,300.000000125302,300.000000109976,300.00000010058,300.000000125173,300.000000138617,300.000000114631,300.000000120067,300.000000129327,300.000000099888,300.000000114802,300.000000112841,300.000000123479,300.000000099977,300.000000106988,300.000000106972,300.000000129729,300.000000120304,300.0000000953
300.000000110967,300.000000109013,300.000000115525,300.000000130302,300.0000001148,300.000000115713,300.000000095017,300.000000111943,300.000000108626,300.00000012343,300.000000119127,300.000000127016,300.000000125302,300.000000109976,300.00000010058,300.000000125173,300.000000138617,300.000000114631,300.000000120067,300.000000129327,300.000000099888,300.000000114802,300.000000108372,300.000000123479,300.000000099977,300.000000106988,300.000000106972,300.000000111426,300.000000120304,300.0000000953
300.000000110967,300.000000109013,300.000000115525,300.000000116508,300.0000001148,300.000000108839,300.000000095017,300.000000111495,300.000000106505,300.000000093915,300.000000087625,300.000000095968,300.000000125302,300.000000109976,300.00000010058,300.000000125173,300.000000138617,300.000000114631,300.00000010702,300.000000129327,300.000000099888,300.000000114802,300.000000108372,300.000000121209,300.000000099977,300.000000106988,300.000000106972,300.000000111426,300.000000109307,300.0000000953
