2898.743498705,2589.72149912175,2574.4363454915,3366.66368273675,5641.31861514939,6684.10096314421,3124.53274496829,3349.85441955309,6158.31715021635,3314.83516225112,3662.31781631544,3331.87956969639,3274.59215789196,3376.93436648354,3977.37263370386,4308.3891406956,3594.18540272187,4190.09967799536,2945.63278950402,3037.29704282244,5456.04284643001,2633.30127917757,8843.71352854893,4605.71612645812,4963.84170026134,3969.99336523287,3606.56608132237,6829.93083693451,3276.33844622322,2295.02928735993
1614.06803676815,1267.72768645377,1556.918609739,1771.32094807115,2331.13315107348,2549.01113804114,2095.85972142236,1592.54910423193,2446.4719573199,1852.81326320277,2087.09991538573,1905.96222575887,2291.59002960905,1272.95628645108,1899.24377707905,2072.78810435237,1523.0681284763,1922.72835303333,1359.80473714625,1945.60748387998,1805.3759807588,1408.94823992286,2481.97549624276,1754.48401676289,1938.08379672081,1930.10456542283,2405.49941923691,1762.61076961184,2384.51891906095,1319.5284997775
1350.90901302733,1031.33326369921,1367.90091949723,1297.4611908377,1671.43023479989,1656.28007153964,1811.17461123075,1135.58408283852,1722.82567710608,1488.24381402034,1502.31101980675,1492.33077279674,1877.57872407352,878.655972159369,1571.85843631039,1527.68681068071,1080.37938475764,1193.93060534268,831.02630963287,1617.01698631685,1246.1869404339,1269.60105477877,1482.82380757469,1380.42173918033,1625.22395253246,1545.15976128052,2111.29308699238,1140.71417340284,2113.90974588107,1174.43940521978
1302.09369629764,972.659475328413,1278.4184925825,1025.8516810828,1406.11938546847,1333.88103365815,1661.70898710937,1019.67981822255,1537.89562348877,1413.43214059695,1248.00913480614,1359.61207685465,1735.92210786236,765.751696740781,1477.27396623758,1388.60488470115,962.59198534161,976.85916089391,729.741041560796,1478.93766448054,1111.88004006751,1249.40175078356,1249.77821724902,1270.36499525115,1504.54513812519,1383.10210290158,1896.04159472558,1006.90902252309,2012.33406175192,1112.79822220588
1285.10886071723,940.427496300932,1193.90102498155,973.926529481725,1392.51917149039,1179.85948040122,1532.24805022992,994.480338428997,1513.27051354791,1381.20389143431,1196.94115027539,1291.76487019757,1591.7133234896,748.257189470416,1468.16251384292,1355.06640047201,897.222364445298,935.819146971839,724.378695832717,1432.97059203514,1029.93235064883,1248.76966328028,1197.22166440878,1258.43871294478,1385.78850632842,1289.67514690632,1775.64798334824,988.859025539467,1991.64390703701,1102.83070738064
1001.00639908904,768.354856021575,1168.52177361863,973.461808763874,1384.86474245606,1070.34161316152,1380.58510795102,989.880710506951,1502.35942598607,1369.51153170728,1023.22998545421,1280.06631353902,1590.75507560067,746.242776865742,1466.51485409295,1175.21798125244,819.249951577668,929.414378506161,724.247666935879,1190.28859788091,958.658265511673,1247.20561433149,1195.81426689496,1181.34122172018,1368.10722508154,1260.19782808085,1629.54381794691,869.921181645203,1912.77460747782,1096.42507670753
996.108206680486,768.075917720723,1161.36220567642,973.42815516274,1384.82011362777,1070.22167174187,1378.04853328849,988.03846181306,1502.35558165393,1369.50605094478,1022.85128385298,1280.05448845587,1590.70979736326,746.156630508443,1465.66199354006,1171.62798442917,811.971491935708,928.606960982256,723.804573043819,1189.86841565572,958.61427596684,1205.86651957182,1195.76650098391,1179.51461171555,1350.20208059734,904.358974038769,1628.37978744591,867.864940207361,1912.43449531194,1095.27051061325
995.975124039687,768.068223691234,1161.35917137201,973.427954546169,1294.78275031008,1070.09189176788,1376.96110582709,988.03695753483,1081.85362941481,1369.50586881462,1022.80816429437,1280.0542381703,1199.17696248766,746.14240854438,928.019027078235,1171.36153283677,811.948416039374,928.606960982256,723.789420720138,1189.7000412388,958.613951322185,1184.29576792793,1195.76646078879,1179.11904649181,1350.17185976668,903.93049545974,1628.27884197698,867.525028281033,1912.41159624758,845.263642610572
995.975124039687,768.068180385799,1161.35915295933,973.427954546169,888.187777512541,1032.68504074804,1080.65167346132,988.03695753483,1044.72603400699,1369.50586881462,1022.80816429437,1144.38092860892,1185.88047270724,746.14240854438,833.734132492096,1135.75812529705,811.948416039374,928.606960982256,723.789420720138,994.600518134472,914.455542919763,1184.08344971184,1195.76646078879,999.546066644024,1134.09242880903,903.927208633849,1208.43033783035,867.524623450684,1708.62144503512,801.882380395835
995.975124039687,768.068180385799,1161.35915295933,973.427954546169,887.74607196447,1032.28964857372,1079.65627192749,988.03695753483,1044.6627960646,1158.95728547697,1022.80816429437,1143.53414046434,1185.83728042773,746.14240854438,833.716955053631,1133.52007117691,811.948416039374,928.606960982256,723.789420720138,976.383173703055,914.373457646159,1102.02810708498,1195.76646078879,916.538121656261,1122.80517791541,903.927208633849,1187.90644634221,867.524623450684,1703.55561900229,801.801329849764
995.975124039687,663.270843238054,605.521874135231,973.427954546169,887.746036339227,950.499660608245,1079.65578095146,988.03695753483,1044.6627960646,749.232165155089,1022.80816429437,1143.53414046434,1185.83728042773,746.14240854438,606.422268330058,946.220250305188,811.948416039374,928.606960982256,723.789420720138,976.382790151935,914.373457646159,941.306024425814,1195.76646078879,916.357123877948,1122.80490456493,843.480096898958,748.816640881311,661.208571616576,713.966507173093,801.801329849764
844.415483246482,659.767207955103,604.871068276244,973.427954546169,887.746036339227,518.925628837746,1079.06687554816,658.278018550624,993.423847943977,748.845671580708,1022.80816429437,984.241835243266,750.273941153849,746.14240854438,606.370830782545,946.202257393502,811.948416039374,869.401666716393,673.990484028829,935.622594643465,780.658968680247,635.620043780345,1195.76646078879,796.835151331005,1122.80490456493,791.576444168289,735.42490641919,658.252197978585,713.682299240018,801.801329849764
803.116629267243,659.767207955103,604.871068276244,608.618672656954,887.746036339227,510.275511517142,1079.06687554816,611.242700953288,992.192637796848,748.845671580708,1022.80816429437,876.155691646902,711.052561202731,746.14240854438,606.370830782545,845.995279191599,794.343896259625,869.289142386672,638.736405274566,769.897375872578,777.142751250989,635.619903431395,1167.42865494495,648.264338505033,940.490638125038,694.784258424236,735.42490641919,658.252197978585,713.682299240018,801.801329849764
606.674970354204,659.767207955103,604.871068276244,552.575259926149,747.4976420003,510.275511517142,693.125278895031,580.553621407708,773.592447029462,677.872439731152,880.721239878103,818.186841275775,675.924041245669,746.14240854438,595.609855853093,699.593680716884,695.481115039826,699.504343735595,638.736405274566,693.957449135859,727.451085766245,635.619903431395,839.296056392132,493.869300817663,724.01663715891,694.784258424236,735.42490641919,653.47616789514,713.682299240018,801.801329849764
