138759533304.583,131297061464.992,115168288728.427,156859869429.837,165644282657.109,171089656027.385,147594844280.336,147017540414.886,158299598439.69,261586916458.85,171814096943.308,161785919105.086,134036949453.07,134266377060.188,105723099072.442,167076820543.644,172606272370.621,106092824123.679,108022819853.914,129658716574.363,173886866581.097,71644527267.94,108397956013.569,124337536751.394,140467308836.1,142146179092.331,155486438726.916,172302854969.716,82044796399.4148,130914870547.137
138759533304.583,131297061464.992,115168288728.427,156859869429.837,165644282657.109,171089656027.385,147594844280.336,147017540414.886,158299598439.69,261586916458.85,171814096943.308,161785919105.086,134036949453.07,134266377060.188,105723099072.442,167076820543.644,172606272370.621,106092824123.679,108022819853.914,129658716574.363,173886866581.097,71644527267.94,108397956013.569,124337536751.394,140467308836.1,142146179092.331,155486438726.916,172302854969.716,82044796399.4148,130914870547.137
138759533304.583,131297061464.992,115168288728.427,156859869429.837,165644282657.109,171089656027.385,147594844280.336,147017540414.886,158299598439.69,261586916458.85,171814096943.308,161785919105.086,134036949453.07,134266377060.188,105723099072.442,167076820543.644,172606272370.621,106092824123.679,108022819853.914,129658716574.363,173886866581.097,71644527267.94,108397956013.569,124337536751.394,140467308836.1,142146179092.331,155486438726.916,172302854969.716,82044796399.4148,130914870547.137
138759533304.583,131297061464.992,115168288728.427,156859869429.837,165644282657.109,171089656027.385,147594844280.336,147017540414.886,158299598439.69,261586916458.85,171814096943.308,161785919105.086,134036949453.07,134266377060.188,105723099072.442,167076820543.644,172606272370.621,106092824123.679,108022819853.914,129658716574.363,173886866581.097,71644527267.94,108397956013.569,124337536751.394,140467308836.1,142146179092.331,155486438726.916,172302854969.716,82044796399.4148,130914870547.137
138759533304.583,131297061464.992,115168288728.427,156859869429.837,165644282657.109,171089656027.385,147594844280.336,147017540414.886,158299598439.69,261586916458.85,171814096943.308,161785919105.086,134036949453.07,134266377060.188,105723099072.442,167076820543.644,172606272370.621,106092824123.679,108022819853.914,129658716574.363,173886866581.097,71644527267.94,108397956013.569,124337536751.394,140467308836.1,142146179092.331,155486438726.916,172302854969.716,82044796399.4148,130914870547.137
138759533304.583,131297061464.992,115168288728.427,156859869429.837,165644282657.109,171089656027.385,147594844280.336,147017540414.886,158299598439.69,261586916458.85,171814096943.308,161785919105.086,134036949453.07,134266377060.188,105723099072.442,167076820543.644,172606272370.621,106092824123.679,108022819853.914,129658716574.363,173886866581.097,71644527267.94,108397956013.569,124337536751.394,140467308836.1,142146179092.331,155486438726.916,172302854969.716,82044796399.4148,130914870547.137
138759533304.583,131297061464.992,115168288728.427,156859869429.837,165644282657.109,171089656027.385,147594844280.336,147017540414.886,158299598439.69,261586916458.85,171814096943.308,161785919105.086,134036949453.07,134266377060.188,105723099072.442,167076820543.644,172606272370.621,106092824123.679,108022819853.914,129658716574.363,173886866581.097,71644527267.94,108397956013.569,124337536751.394,140467308836.1,142146179092.331,155486438726.916,172302854969.716,82044796399.4148,130914870547.137
136098844078.19,125919292797.623,115168288728.427,152294673100.193,156832685385.416,170218774782.6,143903907862.014,145487089831.858,156497384471.45,249841539736.981,170487341695.509,157969617416.926,134036949453.07,134266377060.188,103263479473.343,162090825491.866,165139364868.023,101169867761.029,108022819853.914,128946586943.813,173416680347.436,71644527267.94,103032858864.19,124337536751.394,133086266459.252,140228436977.312,148890912561.521,172302854969.716,78316948177.5355,128620945216.816
125867811365.412,121606871729.09,104240505761.546,144245961833.4,150672297736.636,152456046616.256,128279343504.77,136838830576.458,147894373457.77,231060362319.297,156628792411.884,147249497511.784,127122750458.348,126141658156.102,97051203720.1565,147395587979.348,157294129776.695,91826655232.5587,100879385288.264,122246669155.154,163411602965.363,64490726886.2859,95977542863.1794,115786895687.186,122780913540.632,127839076672.745,140998194821.566,162622891171.08,73967208176.229,120008462915.267
87243121777.255,83993924713.5788,72093450632.1502,96305243887.9887,103592591929.658,97457798002.6271,77344137648.87,104348875789.652,97338046126.2894,175944938630.912,120619216839.146,108197628386.202,79399717247.7788,95871532436.5201,65259161721.6501,98137006978.2132,107688015372.976,55092396571.9392,69944098431.1189,84462207903.5914,131614266902.595,36929665387.5274,74019032626.4486,77566450894.8488,75755250105.8281,82390103506.6439,95822466474.1545,122287835915.023,50700367847.5077,83568493842.8038
12224035434.3239,14289268762.3519,8489260659.19565,13871963130.0691,25211985825.5096,12947086753.2277,7895201686.29208,14577730220.9524,17904378689.9703,31475564565.4763,32370244518.1428,18105653473.9209,7741268612.39534,18583287819.2719,11332887551.5943,14292983073.0847,15043956165.2798,4668280809.33824,9627246870.75454,10573165573.8562,26473759821.9583,3439558886.54921,11609945803.0453,13454436052.1661,7616003873.34996,12627344219.7477,9315605701.18732,27273621192.4604,9317975979.51896,13974953204.1087
539989375.703566,352459253.500265,395385750.194713,443280284.746675,793019868.538746,281132202.317716,297873149.784142,420892075.847698,646139397.481892,416719528.000432,347203708.330617,451984180.230931,309553782.428347,897352665.197504,130689505.457255,437334332.860914,153411908.802268,411134728.426469,111561635.042469,452403565.114431,186277418.777524,253726525.244048,635156758.038594,234962835.10453,150820774.077771,277397030.682289,230112037.437404,589043386.068667,685553157.241576,334997439.124994
81573579.2368697,58916005.9773155,85680952.4177598,104885556.717174,93105332.3712869,23298028.2977845,29491529.5898842,60122776.2073916,84387158.2600626,33732786.6421715,50127472.4374611,66085423.0428888,51558503.8509844,130670000.002673,19926737.2335412,105988447.976141,24501407.6470449,66254138.8296643,21939163.4319579,65596255.5314547,29701071.8061218,56024171.4833295,145873641.874616,35594040.664037,26546307.4278313,61260941.0969377,36437410.2945061,106986610.698726,85560184.931389,94984754.7067211
4304346.36030561,7205000.1575123,4218996.53292298,10542104.1994111,6359054.12825005,2934054.57647721,2769809.79744272,4563284.81552845,5632007.61423492,3303337.63414058,9483413.32970751,7381774.12117346,5818760.13265457,5735572.15343992,3522408.0078692,9780268.72031082,4246170.38391033,5582092.5546361,2316473.04574611,4700273.93535118,4404160.87232855,3746994.34689262,9648426.87785734,4460117.3360255,4042609.87900731,2945284.13924161,7544904.89246133,18513071.9665327,13126367.9135267,8465337.00435281
124382.270038472,118002.948280636,145193.952537013,251127.780914312,171164.453659113,132009.477560841,134303.735908469,227319.322187524,183877.238993352,141813.169702124,210524.855434845,116029.120215587,83418.6328939635,114618.613480279,225555.182328457,109048.817195363,216516.381221388,131805.019683365,89304.8608342677,189573.001590413,155286.687708306,111719.970327499,163934.643369505,181548.088401601,172339.334292325,57421.2978223178,139965.540697772,342783.369660182,240245.976338008,182111.328640936
8710.15794009053,5921.05436767057,7228.74003428779,5412.223790268,7728.07325140376,5330.51456355576,6488.95841327312,5596.76470672651,4254.50043015423,6737.54308322033,9713.93338893256,4929.20613066932,4710.33011863647,4792.633941829,6285.65721651317,6457.65877081396,5582.29792799559,6594.6701640323,5371.80031014077,7057.21947833099,5466.16300441342,8819.2479320382,6897.86777142382,5827.39976835923,5045.57847175674,4739.81386293282,6724.20458530261,5623.8496704624,6700.22172164166,6950.56752897552
