56599.1261028766,41813.2785309476,48665.6165977245,53674.8037546813,40593.301484133,30821.2007183105,33813.7239920659,51134.9025578712,31860.5353249647,71340.3867010648,59161.6280720507,33526.4389141143,33762.1804263068,37150.1563242663,49164.5677562995,45665.9708037674,65059.7223297752,43859.5860915944,21671.4474765869,45843.2555065194,31549.6851061632,41348.3314416075,46518.2971447001,52824.2015752551,30881.9813797241,80083.4825215941,57492.4211392047,39907.9314781002,73156.6827294155,73799.3400242658
56599.1261028766,41813.2785309476,48665.6165977245,53674.8037546813,40593.301484133,30821.2007183105,33813.7239920659,51134.9025578712,31860.5353249647,71340.3867010648,59161.6280720507,33526.4389141143,33762.1804263068,37150.1563242663,49164.5677562995,45665.9708037674,65059.7223297752,43859.5860915944,21671.4474765869,45843.2555065194,31549.6851061632,41348.3314416075,46518.2971447001,52824.2015752551,30881.9813797241,80083.4825215941,57492.4211392047,39907.9314781002,73156.6827294155,73799.3400242658
56599.1261028766,41813.2785309476,48665.6165977245,53674.8037546813,40593.301484133,30821.2007183105,33813.7239920659,51134.9025578712,31860.5353249647,71340.3867010648,59161.6280720507,33526.4389141143,33762.1804263068,37150.1563242663,49164.5677562995,45665.9708037674,65059.7223297752,43859.5860915944,21671.4474765869,45843.2555065194,31549.6851061632,41348.3314416075,46518.2971447001,52824.2015752551,30881.9813797241,80083.4825215941,57492.4211392047,39907.9314781002,73156.6827294155,73799.3400242658
56599.1261028766,41813.2785309476,48665.6165977245,53674.8037546813,40593.301484133,30821.2007183105,33813.7239920659,51134.9025578712,31860.5353249647,71340.3867010648,59161.6280720507,33526.4389141143,33762.1804263068,37150.1563242663,49164.5677562995,45665.9708037674,65059.7223297752,43859.5860915944,21671.4474765869,45843.2555065194,31549.6851061632,41348.3314416075,46518.2971447001,52824.2015752551,30881.9813797241,80083.4825215941,57492.4211392047,39907.9314781002,73156.6827294155,73799.3400242658
56599.1261028766,41813.2785309476,48665.6165977245,53674.8037546813,40593.301484133,30821.2007183105,33813.7239920659,51134.9025578712,31860.5353249647,71340.3867010648,59161.6280720507,33526.4389141143,33762.1804263068,37150.1563242663,49164.5677562995,45665.9708037674,65059.7223297752,43859.5860915944,21671.4474765869,45843.2555065194,31549.6851061632,41348.3314416075,46518.2971447001,52824.2015752551,30881.9813797241,80083.4825215941,57492.4211392047,39907.9314781002,73156.6827294155,73799.3400242658
47980.1721078814,41813.2785309476,48524.2372698938,47277.8934672132,40593.301484133,30679.6100375383,33813.7239920659,41434.1663299448,31860.5353249647,62033.5969452085,43732.9494599959,33526.4389141143,29309.7080164366,31727.678165208,39609.1483164472,36870.0534829271,59832.479636532,40808.5929671146,21671.4474765869,45843.2555065194,29756.3768339003,41348.3314416075,39207.3286217521,47103.7217207917,30881.9813797241,71026.5577690039,53264.7509345211,39907.9314781002,58671.6423970302,70560.7056926617
41355.7277562902,36407.5986226853,41452.6816114682,47277.8934672132,38514.8166502979,29661.2223537928,29179.2105484493,41434.1663299448,28852.2262821477,46801.2010798444,41534.2058438013,33526.4389141143,29309.7080164366,26805.2744771967,33129.5444740229,36870.0534829271,51012.3304596387,37843.7210750378,21671.4474765869,42973.8823254765,29756.3768339003,36243.2810952071,39207.3286217521,38909.8685663035,29442.9468110599,67631.9562116525,49880.3428408837,39907.9314781002,53323.1579180428,70560.7056926617
40213.5875930944,29007.0978037408,40565.6370654155,45615.7703278533,29301.8155468019,28434.9719347042,29179.2105484493,36744.787887151,27847.1573461592,44453.8192254884,38777.1089857831,30458.4069111135,29309.7080164366,26805.2744771967,33129.5444740229,36870.0534829271,51012.3304596387,37114.6768889775,21377.7793475403,41625.7770452738,22598.4575075989,32781.4229854947,36939.4960380428,36683.8724120014,29442.9468110599,59408.6683142014,40367.3259046862,39907.9314781002,53137.3938926057,68159.7501853911
38875.1052745521,29007.0978037408,38270.4298981819,34509.1647231988,21475.7425413301,28434.9719347042,29179.2105484493,36744.787887151,25633.3751165322,44453.8192254884,37216.7900566592,30458.4069111135,25648.5910028026,24311.0967091361,33129.5444740229,35342.6962480519,47892.6112940188,36667.079543285,21377.7793475403,41131.6692805068,22598.4575075989,32349.180453237,32544.764749951,34165.8338678155,27141.767762394,58454.8756130937,40367.3259046862,39495.3164744423,39715.2737456793,59769.9171977011
25453.5773693426,16562.4225005611,25561.7795894214,22845.2034237498,16546.7947378277,15692.8328783196,17861.5757685194,22883.3046653851,14735.671403131,22177.8096364801,21164.9393664353,18465.5973824586,15347.7843618777,10846.055063431,15903.4519249606,21930.2806437151,28497.0910592988,16623.5825199541,16843.2248474733,20491.3848296716,12795.6571379627,16745.9862938914,21684.3523051885,24239.9811683936,15752.6346958522,33549.5051375343,21615.6896586785,20466.8344526006,22408.2555829185,37865.4482203173
12902.5246170712,11652.1485168285,17163.9110685173,15174.1757814963,12207.8915738697,9641.13512377842,10774.0305820649,14134.6548197628,11317.8300014754,15806.0685280742,12470.5953051808,11880.3140083566,10287.1371487034,8278.79912378806,11370.7641882836,16118.5506239623,18843.4473516851,11442.9831997351,11361.0287985668,14345.1039872977,8860.91666255538,12163.3836537155,13309.7012517473,15829.3950464362,8575.48850721355,20794.0946052239,15973.2117742115,12612.5102934486,15556.7184645787,23602.0908454542
12008.4399228611,11437.6576842114,16418.7018965347,13820.3596155631,10565.4551810537,9061.64585293281,9661.91068176937,13032.6709676504,10073.8976658244,14262.0861226805,11517.0037335869,11102.4689180338,9722.02037453929,7912.32641015716,10787.9629592896,14928.128308452,18043.8904862942,10265.958053506,10337.4410726125,12575.4097051329,8156.82285727818,11773.8518529868,11948.708937256,14133.059069863,7883.67869091707,19875.1425418845,14989.178155588,11889.8134069874,15203.6763910509,22579.5387170856
11770.3951308682,11344.0866799046,16248.8062314713,13743.3906105963,10520.5946568377,8910.58848793683,9623.05507570572,12992.1957753175,10018.1600672616,14226.9636915833,11509.6008389498,10855.2064603959,9644.39707863515,7891.65106670112,10715.503395582,14752.7427313558,17996.701066371,10247.4207601069,10095.9964223828,12460.3125794125,8141.58255305022,11671.4987590075,11922.5797792632,14047.5124359168,7810.09549330958,19731.8590647381,14956.2578607519,11874.3931764932,15145.878339967,22522.5146422601
11769.9845834083,11340.5700753375,16247.2033215561,13742.4439406107,10516.3187538012,8904.65642843585,9621.19735642349,12992.0932841328,10018.0622236276,14214.8395386154,11475.7292477077,10846.0984717069,9639.0732297779,7890.17513918147,10692.0711794486,14751.0320473527,17995.6012076883,10247.325026921,10095.0752880162,12459.5494077982,8140.47604742972,11666.8473272741,11922.5084049647,14047.1088785003,7803.39353324602,19731.3772682701,14948.694545107,11874.2826191145,15144.9464123068,22476.0650132715
11133.38071065,11340.5662900229,16247.2032754783,8266.50099913396,8922.56664482577,8904.6564282657,9621.19735642349,10064.3987237183,8471.29509226818,14214.8395379039,10312.6159317225,10524.0817174368,9639.06436784526,7889.97162261667,10692.0704842743,14751.0320473501,12575.9800225942,8856.25285440037,10095.0752727989,12459.5494077796,8140.47603506661,8803.38917566156,11922.5083469619,14047.1088782704,7803.39353202602,11050.0135779454,8194.65617055127,8370.22675500498,15144.9463550632,14822.3169255128
7854.88840133002,8636.12918965912,11262.1768383844,8266.50099913396,8922.56664453345,8904.6564282657,7367.67314093369,9531.32622442055,8028.85623308852,10656.7576716854,10312.6159313883,10097.2065918278,9082.95944126802,7889.97162261667,10692.0704842743,10026.5958122735,7638.93993828909,8856.25285294544,9203.4013372031,10803.1656075844,8140.47603506661,8803.38917565898,8741.23296468692,11353.8504401749,7803.39353202602,11050.0135779454,8194.65616999279,8319.82467897765,10549.1560081627,10373.5422137256
