15738814429.0151,21915481205.4629,21784125560.0697,15349252419.2083,7259283609.04189,7864230503.31533,6116023357.02794,9717641971.27218,12200724828.9131,12480395345.9342,23485738778.3039,18204770956.5973,8116340818.26222,17816158238.4482,8493138069.59582,5841178402.49581,31966160273.9444,20774836462.9219,4852647517.14174,13264954187.3001,8322762403.06304,10359021629.315,21926942969.3901,10512279977.9758,8241603283.41603,8323981534.91804,25389204034.8844,16156761125.3353,20832127275.2298,10778697786.6198
2101078356.31646,4983067319.29871,1799088862.98605,2016836645.46257,711995322.129566,826754573.862966,805765341.003978,917375407.956054,1944167166.85898,1191752484.76054,7719848250.39394,2030442327.26004,541139670.955443,2806142309.20993,1221401479.75722,459343161.249762,10891427100.6191,3045814332.4808,869957995.291851,1324996513.86623,679300306.244229,658833892.578945,6487095201.46546,1100520513.22276,547777817.338041,832288138.973306,8657538551.663,3340193186.23868,3597592029.88739,1189656295.23738
731524552.60156,1037524385.2178,524801700.807953,412350144.306614,326202457.135226,243738258.749431,409749280.21196,469558169.757304,665992253.986392,189033328.289109,1898774370.22171,933158940.273079,334375060.666669,853431591.010646,637078091.454789,345213112.286643,1716246406.17219,467130373.323962,230108127.069003,415083625.519671,328398683.412733,461890325.661103,929194058.880374,469667498.947195,388891882.370473,390299464.670818,989066693.296986,677421094.949126,564131157.759938,642213465.128488
51424302.3542246,148172022.238012,88115872.544391,53414409.8000371,27842280.8344371,14846870.4996759,33753247.9364003,28357212.6377365,55112150.0187265,78792948.2421392,264409879.407278,75148553.1948787,28464426.2458381,65246313.6486853,62006571.5136622,24573416.5810155,112467835.744687,50874564.1525997,26815344.8285303,89631106.7201491,27802469.7942256,63036604.1490079,194404852.299367,33998408.4901124,20965352.2647828,53849535.4142168,64135287.2743905,91206691.5869479,104939672.474275,21702314.336179
297369.235176166,884037.075000756,335164.083332656,368097.140374213,181109.894061197,226793.974303463,165326.171680219,183298.149324769,511733.821834932,303920.304631102,1198469.07319848,309536.418806426,149438.836940468,228227.18595944,326242.255427392,164058.727069933,371185.225955501,623501.121024329,132214.170442219,324660.127825989,192669.303142427,287453.373203621,777186.050386497,560856.514013094,104864.980034067,278797.78775949,388138.838146157,489714.912319257,297966.652495851,115110.918774897
2934.1721468601,241.170153362624,6123.19258662866,4893.72664849831,2821.43078290021,1266.53193287678,704.425022071028,1055.24110806388,366.194612709522,6478.66187626029,47.4684985866039,796.616207298446,8044.74764758557,113.819610193831,2230.17370022365,3045.84189622848,54.2168374930102,6072.23402019159,1066.43066735595,134.30468695103,4450.54213722557,694.587468914791,660.928157285726,210.178367579421,462.559709519563,61.86813656524,899.862738758844,172.830902106492,2373.60996958909,4031.01620618396
2685.84509991647,179.031495330432,5025.48998566012,3777.83739820093,2247.47600619712,1131.41359209956,670.861571555441,938.570819767004,331.719852972381,5295.47830211492,25.9274377700821,740.931476569976,6328.27993902328,100.839369311219,1925.94491991235,2628.82196661204,39.5585412982415,4850.80476080088,981.397214988792,119.299185097813,3947.06838320755,568.633276718513,558.928544048139,176.170102463117,434.346819030297,53.7789300031674,681.927949586507,144.757723817109,2115.63415267148,3312.00397697207
6.41656090477798,0.237203415531485,1.00104209422321,0.858100638332137,0.496361152455352,1.32969458250937,1.44127347447789,0.309065058507917,0.495383258001824,0.414659197434456,4.06335272208744,2.51923089340386,2.45638228445847,0.376032663523639,1.14307660281909,0.679854941233987,0.507466141348464,3.09298480877911,1.01057170669478,0.346743490170813,6.07119508545306,0.685262991829591,0.270279295161903,0.142601510570147,3.64739725453024,0.393043363737358,0.131199321266131,0.0560573130301876,6.65571580850908,0.960729735400577
0.000104698204411274,8.76659839467125e-06,3.00952410413361e-05,4.18653690167343e-05,1.21057001450092e-05,7.91504832653905e-05,0.000106545915168622,3.18678744900736e-05,3.77310301644292e-05,6.54429681892598e-05,0.000127354248431214,7.78620272193975e-05,6.13208001989526e-05,1.68622654826088e-05,6.67228867254678e-05,3.82987605464405e-05,3.87063216349879e-05,8.50239154660567e-05,7.59965130081142e-05,8.5879095746664e-06,0.000284818923806599,4.73449027289809e-05,1.43369183235026e-05,9.05388347363949e-06,0.000154607354162585,3.649554774875e-05,1.19640534964434e-05,4.48534836247551e-06,0.000318429354077726,4.98139265529804e-05
5.76913351582369e-09,4.42448898927767e-09,5.86489989310959e-09,6.06999508140399e-09,1.07089202552187e-08,7.79766645153151e-09,9.05112135005067e-09,6.32823296410901e-09,7.81859616873783e-09,6.52213653635782e-09,6.26953473865561e-09,1.020215917688e-08,3.15334458105324e-09,6.87489372893587e-09,5.75160883104577e-09,1.03576226335746e-08,7.32644370728013e-09,6.23474904115391e-09,7.14906373285418e-09,7.79669595183005e-09,4.94372285411306e-09,9.34050289377512e-09,4.56971309713743e-09,1.03886045677664e-08,6.52504363626062e-09,7.91883254010067e-09,8.35409538061513e-09,1.46016742923618e-08,7.10436855408394e-09,7.15411749416659e-09
5.76913351582369e-09,4.42448898927767e-09,5.86489989310959e-09,6.06999508140399e-09,1.07089202552187e-08,7.79766645153151e-09,9.05112135005067e-09,6.32823296410901e-09,7.81859616873783e-09,6.52213653635782e-09,6.26953473865561e-09,1.020215917688e-08,3.15334458105324e-09,6.87489372893587e-09,5.75160883104577e-09,1.03576226335746e-08,7.32644370728013e-09,6.23474904115391e-09,7.14906373285418e-09,7.79669595183005e-09,4.94372285411306e-09,9.34050289377512e-09,4.56971309713743e-09,1.03886045677664e-08,6.52504363626062e-09,7.91883254010067e-09,8.35409538061513e-09,1.46016742923618e-08,7.10436855408394e-09,7.15411749416659e-09
5.76913351582369e-09,4.42448898927767e-09,5.86489989310959e-09,6.06999508140399e-09,1.07089202552187e-08,7.79766645153151e-09,9.05112135005067e-09,6.32823296410901e-09,7.81859616873783e-09,6.52213653635782e-09,6.26953473865561e-09,1.020215917688e-08,3.15334458105324e-09,6.87489372893587e-09,5.75160883104577e-09,1.03576226335746e-08,7.32644370728013e-09,6.23474904115391e-09,7.14906373285418e-09,7.79669595183005e-09,4.94372285411306e-09,9.34050289377512e-09,4.56971309713743e-09,1.03886045677664e-08,6.52504363626062e-09,7.91883254010067e-09,8.35409538061513e-09,1.46016742923618e-08,7.10436855408394e-09,7.15411749416659e-09
5.76913351582369e-09,4.42448898927767e-09,5.86489989310959e-09,6.06999508140399e-09,1.07089202552187e-08,7.79766645153151e-09,9.05112135005067e-09,6.32823296410901e-09,7.81859616873783e-09,6.52213653635782e-09,6.26953473865561e-09,1.020215917688e-08,3.15334458105324e-09,6.87489372893587e-09,5.75160883104577e-09,1.03576226335746e-08,7.32644370728013e-09,6.23474904115391e-09,7.14906373285418e-09,7.79669595183005e-09,4.94372285411306e-09,9.34050289377512e-09,4.56971309713743e-09,1.03886045677664e-08,6.52504363626062e-09,7.91883254010067e-09,8.35409538061513e-09,1.46016742923618e-08,7.10436855408394e-09,7.15411749416659e-09
5.76913351582369e-09,4.42448898927767e-09,5.86489989310959e-09,6.06999508140399e-09,1.07089202552187e-08,7.79766645153151e-09,9.05112135005067e-09,6.32823296410901e-09,7.81859616873783e-09,6.52213653635782e-09,6.26953473865561e-09,1.020215917688e-08,3.15334458105324e-09,6.87489372893587e-09,5.75160883104577e-09,1.03576226335746e-08,7.32644370728013e-09,6.23474904115391e-09,7.14906373285418e-09,7.79669595183005e-09,4.94372285411306e-09,9.34050289377512e-09,4.56971309713743e-09,1.03886045677664e-08,6.52504363626062e-09,7.91883254010067e-09,8.35409538061513e-09,1.46016742923618e-08,7.10436855408394e-09,7.15411749416659e-09
