2181.03035379105,2314.82301097693,1789.25049012887,2663.4210176652,1781.56207413616,2444.94129801813,2258.68773761889,2558.98070064823,2128.22922170955,2558.54700375861,2074.694383347,2111.0138623931,2307.2250244972,2759.27333742926,2761.84789201892,2307.23707060943,2489.3216053133,2425.54000667719,2226.47250958158,2665.77470876522,2482.1835560067,2575.37420937888,2599.27213799733,1851.74293211089,2341.34654976319,1828.6741939514,2394.262893505,2594.95845292719,2603.88622099528,2097.57629723775
1809.34403586055,1717.87514092478,1530.7573789191,2084.74236837726,1510.13885940144,2136.17166157332,2076.24750381384,2311.02840282395,1633.11009253046,2241.0937320217,1637.37495740242,1683.25285443865,1783.14781469685,2509.555730708,2604.88938844181,2156.67893712085,1981.33938089143,2139.54221786286,1963.6633821153,2445.39687671918,2136.56014978445,2193.33308816619,2216.58417584182,1735.2593515897,1723.94133769323,1755.76328770249,1995.46033937775,2322.49164838983,2262.37442188376,1466.47613694236
1727.44055347429,1567.31342682741,1471.00059502018,1944.22811999214,1451.31039334552,2105.39179407357,1954.97225167792,2231.90229561984,1588.76394982885,2077.00739182186,1508.2502169611,1552.18316455806,1365.12215960455,2346.88100544729,2272.92215154519,2079.27278127433,1977.28562822493,2015.17590682192,1670.2855279273,2388.79691755657,2017.77792688886,2102.03915687628,2115.59311571311,1531.3741799642,1388.65073105659,1603.95103810839,1877.31168078434,2131.56041322948,2172.50908196274,1253.66778766304
1684.33678502147,1488.58815258256,1421.27162983474,1890.62399576347,1382.46158281601,2057.50425033183,1886.23054869712,2202.56047344523,1498.09515387332,1964.22853408533,1352.75851226464,1518.540331206,1192.87774051309,2254.97371992524,2045.1627394506,1982.64222810041,1924.88421434578,1994.26063514981,1611.35585963389,2369.12014446068,1906.95134474081,2050.01955206093,2073.5715109703,1437.38394444666,1234.56188163813,1520.49646951941,1769.68387051868,2048.5633931812,2129.07589849053,1131.14796323643
1677.36853950885,1456.85754223187,1412.18179670275,1885.12835038809,1361.81898651056,2051.5268431893,1878.65919600742,2198.14246438332,1474.48451102736,1949.61757086811,1334.31464839578,1507.71227798267,1141.02588543594,2250.04736334441,2019.07897685052,1974.07481226045,1920.63801356745,1992.58941452895,1590.38047094266,2366.82811850532,1897.26255787853,2045.74798446723,2064.89962452157,1418.73261026669,1204.71286586314,1489.60584987142,1760.32529688214,2039.63745502613,2126.60847749248,1115.89603632437
1677.35709522585,1456.78627586427,1412.00208893183,1885.10834730966,1361.63739141202,2051.52165820343,1878.6466817027,2198.13707127253,1474.34791884345,1949.38471079558,1334.07473873177,1507.65185882357,1139.19548953284,2249.95922379258,2018.71162557046,1974.06636077887,1920.62569305568,1992.57719762989,1590.01682943189,2366.82336308264,1897.2002942781,2045.72768836614,2064.84957451719,1418.5421363303,1204.39095427873,1489.2720191679,1760.23234481764,2039.57841412202,2126.5666371079,1113.88426167953
1675.01926106984,1456.78392284382,1412.00205447268,1885.10834720949,1361.63735114828,1581.09732418387,1745.71238483858,1752.74530654841,1474.3373640278,1949.38261204487,1334.07472177891,1507.65185825511,1139.15750982018,2249.95681855939,2018.68689912099,1770.14549479998,1811.0120589765,1992.57583937433,1589.97073269039,1768.6322482685,1897.19678643539,2045.72689321256,2064.84957286002,1418.53519298279,1204.37055181168,1489.27178845105,1760.23157417945,2039.57705792566,2126.56342721959,1113.79183203956
1499.80029904256,1456.78359782524,1412.0020544667,1839.51455627071,1155.31933186015,1579.20916910742,1727.96677908686,1750.93308899898,1474.33540965378,1949.38101805668,1334.07472177663,1488.36646372855,1139.14326530552,1682.61053858471,2018.67824613101,1766.73727197733,1621.58322143441,1916.50238777664,1480.19557372731,1763.18980087782,1532.95631461406,1921.85874864247,1850.40166026124,1418.53518295537,1204.37029404376,1489.2717882903,1153.10947062004,1283.47396773059,2088.41760755266,1113.77667233113
1499.79889570456,1456.78359696978,1101.61849499913,1115.52777161595,1138.61656270736,1167.56846151261,1727.96676560844,1750.93308463878,1316.02251302391,1009.28894837508,1150.78186297582,1488.30763235898,1139.14313708054,1619.40663947774,860.858559410977,1766.73726346413,1621.58123468464,1801.87352315844,1479.93162028978,1763.18979891797,1532.05361489118,1921.85418777774,1850.37393504951,1288.76533183727,1204.37029404376,1489.2717882903,1153.04250410368,1283.44216485235,1541.56735447908,1113.77627311597
825.299421492512,1456.78359696978,1097.41977376287,1101.6710090171,1138.61228572967,1167.55150290535,1270.97915971578,1352.55714026074,981.667152017761,1009.26413253204,910.179180332701,1488.30763183007,1139.14313708054,1619.40040044001,859.703669143138,1344.9658726943,1621.58123467661,1795.55648265946,1479.93162008986,1712.4701932239,1532.05360145213,1070.79242601583,981.004657981129,1288.76199766615,1204.37029404376,1489.2717882903,1153.04250375845,1248.91875762222,1536.84451610715,1113.77627311597
825.20541893296,1175.14645612852,1097.41935191074,894.943517533823,1138.61228572967,1095.09102612199,1270.97597157746,1352.55614997506,981.661287432798,1009.26413239719,910.178233242666,1487.67466149812,1139.14313708054,1495.60846848249,859.703617818774,1344.94970293043,1531.77560599729,1525.8016559683,1048.79641344666,1712.47017679658,1532.05360145207,1070.08251083884,980.674742280869,1288.7619976495,1172.04673569036,1489.2717882903,1153.04250375845,1234.25629859926,904.678579519741,1113.77627311597
825.205418796117,1175.11586818442,1097.41935191074,894.935993710026,1138.61228572967,1095.07174743373,1270.97597157642,1073.68061633333,981.661287432798,1009.26413239719,910.178233235461,1487.16581036523,1139.14313708054,1490.45191225945,859.703617818774,1165.90882578433,1531.77536098304,1259.4298778394,1048.79574589747,1467.50293205852,925.776927325452,1070.08251043041,980.674741596229,1288.7619976495,1172.04666538291,1489.2717882903,816.115328584943,1234.25620860735,904.677209252707,1113.77627311597
825.205418796117,1130.71297682628,1070.1242502031,894.935993709199,1138.61228572967,929.064511881982,1078.9214404516,1031.51122802961,981.661287432798,1009.26413239719,910.178233235461,736.884557638065,1139.14313708054,1490.45189706764,859.703617818774,1165.90853042122,1531.77536098301,1259.408718988,989.747308644184,1034.34062174715,925.235857291505,1070.08251043041,980.674741596229,1193.26128150707,1078.60041445709,1489.2717882903,816.115182327457,1174.71461101747,896.960285257568,1113.77627311597
825.205418796117,1130.71296335794,1070.1242502031,894.935993709199,1138.61228572967,849.690627025711,1078.92143907591,1031.51122802961,981.661287432798,962.854138868124,910.178233235461,736.847180052232,1139.14313708054,901.685028948692,859.703617818774,1165.90853042121,1531.77536098301,1151.62234340671,982.288644694635,1010.11599780613,925.235857291505,898.950129334294,980.674741596229,1193.26127709044,1078.59627514232,1470.14952511196,816.115182327457,1100.56405165332,892.939876227631,1094.20044149265
