1692.71340787918,1213.20496366949,2026.49806344974,1108.12009946554,537.043562093425,1260.89554931091,702.680715895725,1297.54064924578,955.440633621791,1149.69714324757,1323.31282576599,1031.79112498051,941.788666402914,1005.63142249779,1049.8189907609,1286.72673848321,1051.51942541735,641.068063706291,945.9275680046,1514.15398010103,1308.21325259827,1066.04826972559,1154.07575868068,1185.57929944966,1127.00512703601,850.017608445462,811.467528327054,1138.5090786921,841.379652436955,866.674630106169
1679.54834241622,1213.20496366949,2001.26379149381,1108.12009946554,528.477400109615,1260.89554931091,702.680715895725,1282.2586213183,943.056383338485,1149.69714324757,1299.82020503673,1031.79112498051,920.792171227779,989.605747447773,1042.3448407252,1286.72673848321,1044.77774548773,623.035656025079,945.9275680046,1514.15398010103,1292.04141676006,1048.04480134226,1117.65865819496,1139.47152695514,1127.00512703601,850.017608445462,802.048210770383,1129.21385825381,841.379652436955,827.037874365306
1679.54834241622,1213.20496366949,2001.26379149381,1108.12009946554,528.477400109615,1260.89554931091,702.680715895725,1282.2586213183,943.056383338485,1149.69714324757,1299.82020503673,992.290115064996,920.792171227779,989.605747447773,1042.3448407252,1286.72673848321,1044.77774548773,623.035656025079,945.9275680046,1514.15398010103,1292.04141676006,1048.04480134226,1117.65865819496,1139.47152695514,1127.00512703601,850.017608445462,802.048210770383,1129.21385825381,829.866145723767,827.037874365306
1651.13168241037,1206.34245357605,1972.36635184616,1094.51500139702,498.064405484675,1250.16295741228,694.922848611719,1263.99478207182,925.83622089856,1143.02433848145,1277.36309617767,983.443209469308,919.574551864455,953.807534253133,1031.75601923484,1274.01691028635,1026.75574565385,600.088770475359,928.015130500756,1481.76589163148,1255.88927414811,1044.09813486271,1110.04078497065,1115.58459029426,1127.00512703601,838.94893281201,780.756011233995,1103.41638343704,825.320427374483,825.427395232861
1586.75827409264,1178.8513760054,1912.52713444714,1068.22817299523,475.888720897196,1119.51302154309,678.541474459224,1178.61301853433,924.970281135673,1052.31121164981,1239.50997140891,923.129929005909,910.403818540222,874.862410758371,1016.12408205588,1177.22483096673,1017.31512082495,588.631515853407,928.015130500756,1454.35295574914,1193.09272421258,949.801158959287,1068.89455784611,1100.26296430392,1115.24382402081,810.649987649519,780.756011233995,1042.55143652932,822.786053318789,807.656483558855
1423.95253518016,1174.84714054145,1855.11296494225,891.509012343953,460.063801568299,573.279474162824,623.304522644827,1076.84239634134,868.576484352903,935.000992673639,1121.62793218572,546.121940644147,844.583025226181,728.139334850912,966.413453886416,878.485621437904,945.194429886143,377.19242996989,923.816779212968,1254.28342171117,992.868032195695,609.86414240666,955.913434791444,1042.77940232974,1052.79255725383,742.847161107399,711.691856078558,827.583742925669,810.458083916991,706.875326248923
328.052720756005,887.00638772639,1228.76320426374,317.18345351586,263.233146082036,355.161001774248,243.117375275435,381.075656242484,641.45596516029,338.046283672529,247.145001002603,220.51577605175,355.770914389866,304.392822065647,462.388485720673,377.371480317236,689.036859444834,151.937132701543,778.120927202997,597.909746157966,331.932349691544,217.986730636559,317.408934572844,390.691931018152,413.155726562863,297.389343541665,317.513596467709,336.19116256696,619.109265095485,350.888317688217
212.890493850151,269.208719228587,305.962211714113,219.680339648829,199.154236011675,284.373000978899,144.464021971827,190.917016033186,149.417798162425,152.055064256729,247.145001002603,131.589812934101,191.627364373153,139.273117757613,198.566295180278,128.829722529746,293.327025109603,151.937132701543,277.664481554708,259.11228623219,223.139142229127,215.453734526361,229.280655976572,148.720440294564,175.209880028637,179.116513637536,221.739590763041,327.01721468468,253.559263353811,202.542946331406
101.32251250276,97.9418341834551,108.475200145698,103.834754700856,91.9244543425125,97.5016417941281,80.5479266590294,114.520627665208,110.136156020326,79.2549697670785,98.0026229667247,71.6368507065643,73.0125606706778,97.3533972711703,88.4535800711746,98.1375852054895,123.196091060927,85.6202645379855,129.164295283333,123.25619122802,103.369591497156,87.6835801705056,94.921222467771,90.2762165639097,97.1123439648796,91.436567310844,79.5442413251347,91.2892479628409,160.201470007031,82.8939872552114
60.0832803817641,57.4922394078876,55.3239082938082,64.2172621948439,52.3746001677575,40.2708782607863,59.9916863767373,68.9822270649976,54.9875152140369,62.1583358527341,65.3422363972568,54.5901434477629,58.5110636841765,51.6389506333519,55.5985417709304,53.4678816782035,67.2374501624173,57.1290365903024,71.8520742981263,60.1572293670466,48.0140948040474,60.5908973450805,56.792183421841,45.3600026743394,55.6323429820391,53.7678037189394,57.7398902562781,59.1498833323681,61.3432027778592,51.9526294253792
56.0031101573499,50.36401598234,51.4853169043525,51.0795861228054,52.3746001677575,39.583556650839,49.8250277016755,37.6637643038442,54.9875152140369,47.7746105460321,48.2025791252504,20.3958476658647,47.3072880754976,35.2430143323725,47.6213058801626,50.7634976730921,50.113248757677,46.7869042784907,45.526235027682,59.4432558607138,48.0140948040474,46.8822513009238,49.7932728935363,45.3600026743394,47.9853016141324,50.2002183556737,52.8636569095225,51.2094903092636,47.1633999340889,51.9526294253792
52.6322393543831,17.6130268521125,36.8007124405162,15.0253180886021,15.8011143440966,13.4538943283821,46.908863878102,14.1489663411358,44.3378525777279,16.9989078710486,18.2989311431997,4.98532503571075,38.8510597028023,2.54644883170014,13.3891623759697,35.7860033106482,18.0914946989398,38.673189895927,45.526235027682,51.3955107566312,35.7058927669458,38.7111153904845,21.6027502610738,45.3600026743394,47.9853016141324,20.9705034617644,37.0263529696528,14.7887291340952,12.0481854203273,46.7179636398508
14.7242211702968,11.5291222720826,13.748810484368,13.7820913031896,13.5771499424164,13.290508302684,11.3978215428844,14.0687312248082,14.5607867639095,15.666257327395,14.5603135293815,4.97479529215067,33.4415887449984,1.98991836361184,12.6350664330957,11.7020370414268,11.365262805156,14.9280658142061,16.2808201593226,13.8025055343566,13.7410550696355,11.3653619012837,14.3964536111275,12.799523388908,13.8220143313266,17.3865670459698,12.8193279863745,14.5603131740042,11.9796235305651,12.6375070478213
14.7241734617751,11.5291217667465,13.7410101985295,13.782090076908,13.5771495828674,13.2905082299227,11.3652611510848,14.0687312144904,14.5603128461136,15.6662570620046,14.5603128461134,4.97479528546726,14.2325918343153,1.98991811418696,12.6350659826382,11.6929823824078,11.3652611510846,13.9048705988343,16.2806196462733,13.4132889672085,13.7410101985291,11.3652611510847,14.3964524458137,12.7989265982997,13.5771495828675,17.3865626233234,12.7989265982998,14.5603130614755,11.9796235199911,12.6350657672755
14.7241734617751,11.529121766746,13.741010198529,13.782090076908,13.5771495828671,13.2905082299224,11.3652611510842,14.0687312144904,14.5603128461133,15.6662570620046,14.5603128461133,4.97479528546663,14.2325918301523,1.98991811418696,12.6350659826376,11.6929823824078,11.3652611510846,13.9048705988283,16.2806196462733,13.4132889672055,13.741010198529,11.3652611510843,14.3964524458137,12.7989265982995,13.5771495828672,17.3865626233234,12.7989265982994,14.5603130614755,11.9796235199906,12.6350657672753
14.7241734617748,11.5291217667459,13.7410101985289,13.7820900769075,13.5771495828671,13.2905082299222,11.3652611510842,14.0687312144901,14.5603128461131,15.6662570620045,14.560312846113,4.97479528546663,14.2325918301518,1.98991811418685,12.6350659826374,11.6929823824077,11.3652611510842,13.9048705988282,16.2806196462729,13.4132889672053,13.7410101985288,11.3652611510841,14.3964524458136,12.798926598299,13.5771495828671,17.386562623323,12.7989265982991,14.5603130614753,11.9796235199903,12.6350657672751
