6651390242.76029,18551919283.0117,4781510855.11678,4222407025.09044,10766693449.3126,4871459500.72107,4646504118.31808,3350039933.51908,3002114997.52701,1710233347.39036,8326030349.19314,3983798620.77778,14673412042.9579,7106051185.63432,5217836160.22492,1529520743.07887,2723662817.48841,18273945764.5251,3878493371.1314,3126782051.21391,2773625994.1165,1742496396.759,1550069773.98096,18745747620.4159,1833845909.8909,11219831190.0034,5203771817.52013,8957305709.81747,4653046487.94386,6978340714.4096
6651390242.76029,18551919283.0117,4781510855.11678,4222407025.09044,10766693449.3126,4871459500.72107,4646504118.31808,3350039933.51908,3002114997.52701,1710233347.39036,8326030349.19314,3983798620.77778,14673412042.9579,7106051185.63432,5217836160.22492,1529520743.07887,2723662817.48841,18273945764.5251,3878493371.1314,3126782051.21391,2773625994.1165,1742496396.759,1550069773.98096,18745747620.4159,1833845909.8909,11219831190.0034,5203771817.52013,8957305709.81747,4653046487.94386,6978340714.4096
6651390242.76029,18551919283.0117,4781510855.11678,4222407025.09044,10766693449.3126,4871459500.72107,4646504118.31808,3350039933.51908,3002114997.52701,1710233347.39036,8326030349.19314,3983798620.77778,14673412042.9579,7106051185.63432,5217836160.22492,1529520743.07887,2723662817.48841,18273945764.5251,3878493371.1314,3126782051.21391,2773625994.1165,1742496396.759,1550069773.98096,18745747620.4159,1833845909.8909,11219831190.0034,5203771817.52013,8957305709.81747,4653046487.94386,6978340714.4096
6651390242.76029,18551919283.0117,4781510855.11678,4222407025.09044,10766693449.3126,4871459500.72107,4646504118.31808,3350039933.51908,3002114997.52701,1710233347.39036,8326030349.19314,3983798620.77778,14673412042.9579,7106051185.63432,5217836160.22492,1529520743.07887,2723662817.48841,18273945764.5251,3878493371.1314,3126782051.21391,2773625994.1165,1742496396.759,1550069773.98096,18745747620.4159,1833845909.8909,11219831190.0034,5203771817.52013,8957305709.81747,4653046487.94386,6978340714.4096
6651390242.76029,18551919283.0117,4781510855.11678,4222407025.09044,10766693449.3126,4871459500.72107,4646504118.31808,3350039933.51908,3002114997.52701,1710233347.39036,8326030349.19314,3983798620.77778,14673412042.9579,7106051185.63432,5217836160.22492,1529520743.07887,2723662817.48841,18273945764.5251,3878493371.1314,3126782051.21391,2773625994.1165,1742496396.759,1550069773.98096,18745747620.4159,1833845909.8909,11219831190.0034,5203771817.52013,8957305709.81747,4653046487.94386,6978340714.4096
6651390242.76029,18551919283.0117,4781510855.11678,4222407025.09044,10766693449.3126,4871459500.72107,4646504118.31808,3350039933.51908,3002114997.52701,1710233347.39036,8326030349.19314,3983798620.77778,14673412042.9579,7106051185.63432,5217836160.22492,1529520743.07887,2723662817.48841,18273945764.5251,3878493371.1314,3126782051.21391,2773625994.1165,1742496396.759,1550069773.98096,18745747620.4159,1833845909.8909,11219831190.0034,5203771817.52013,8957305709.81747,4653046487.94386,6978340714.4096
6651390242.76029,18551919283.0117,4781510855.11678,4222407025.09044,10766693449.3126,4871459500.72107,4646504118.31808,3350039933.51908,3002114997.52701,1710233347.39036,8326030349.19314,3983798620.77778,14673412042.9579,7106051185.63432,5217836160.22492,1529520743.07887,2723662817.48841,18273945764.5251,3878493371.1314,3126782051.21391,2773625994.1165,1742496396.759,1550069773.98096,18745747620.4159,1833845909.8909,11219831190.0034,5203771817.52013,8957305709.81747,4653046487.94386,6978340714.4096
6651390242.76029,17187466322.6261,4464465525.86145,4047485440.78908,10239230637.7447,4685263257.02423,4226772051.2341,3304486483.87896,2720848714.02154,1699601278.83275,8326030349.19314,3733075747.81941,14499123687.2128,5940840709.72926,5217836160.22492,1442882268.23055,2723662817.48841,17604618444.0697,3369476222.16478,2944557162.16876,2376966396.02921,1733688033.75919,1400332414.4853,17206132061.1151,1387764020.03874,9809154188.35176,5059066675.72682,8420769935.79328,4104124580.58804,6621741179.77706
5854874505.31281,16589773505.0682,3776317959.3294,2963516531.50781,8456787898.96074,4406197362.35443,4141462370.88627,2554355067.2755,2015180064.22909,1329269390.75627,8326030349.19314,3075862753.52025,14343287713.5969,5610127158.48395,4628000252.06387,1267809778.51882,2476731720.16095,16507168222.5225,2921572571.74458,2780478106.31341,1928455876.54052,1667644405.10545,1316137974.84839,15762778798.971,1387764020.03874,9809154188.35176,4224891012.86221,8344757234.63265,3734613573.99278,6148716118.142
3167930225.06883,13419946689.0904,2120422794.99119,795650208.519138,6820834010.62977,2742253018.63753,2482237005.05463,1159779136.68223,693000675.752356,654539532.891369,6308642849.3924,1486404032.08451,9672827095.14639,3734853953.02724,2564898015.16678,500852497.697413,946693442.416809,12536296968.1406,567975213.824292,1414982729.78709,998910984.022231,867789022.362283,959702443.75049,11117549888.9454,738208505.395572,6960127232.78282,2289335550.02572,4045231242.52367,989641407.754497,4510067803.56008
370598082.549478,3138033520.87867,263980578.663456,38693875.5606637,861703906.694087,332093308.347121,466114929.698244,49381204.3503833,73910270.8176218,83362809.343251,1242163632.41533,88085660.8869933,806166615.996279,901657377.912536,507638747.091644,29279833.8573902,41469576.3900745,2698089080.86723,94879841.5779853,139544776.630464,31208485.4802485,203303781.204679,243056441.531982,1315178303.09689,92820404.4189882,631700360.587568,233755402.565815,220685478.222069,36004203.9481488,862223182.508637
17781453.1703052,18203405.6994874,21743025.4556102,6701458.33085377,9002904.36536689,13124945.6294283,40804595.9071644,6792549.8580608,21756782.1356309,33437021.4791632,48687915.3019642,3914343.00213525,43355111.696662,23269726.1291772,47275325.436103,6696065.03068532,17327770.2336698,36024519.0771453,40539164.3229594,25499219.2178786,9018936.44023766,8136929.91996312,31265606.7303076,19927943.8887264,39073005.9980961,64615020.9147085,32313586.5235396,4365290.23202817,10210461.1552222,23147497.0467722
6197896.25868956,2407501.06529324,4704660.10221522,3144026.80975236,4266481.08450872,3884692.86402381,7050682.94690164,1699274.9323601,7042201.86708666,8741270.00409681,12762590.0870914,1489193.95492813,14936105.0927815,6143264.1961488,8369930.77399345,2049750.44789449,5579590.5508587,3452740.40162239,13613303.4084321,10533211.8180449,3297230.47631137,2163834.81029164,7053256.80060079,6938630.02674519,10638125.2686276,9357158.57620364,11136658.6533153,1818281.73562861,4207563.27512731,4899746.6416079
531851.036831453,600866.206334553,310003.004502526,604073.16418273,1036775.82737745,308011.344307389,1031746.16030409,450303.976167657,1005228.71823994,251097.51963046,699411.972477296,432000.622170725,542479.517446856,935072.69582739,98776.2456450845,634425.941475799,953545.203013467,368233.335375884,305085.125039568,756880.225751729,576389.933174734,600074.017467118,521695.083162135,429911.152471098,246888.570330042,537079.532570007,311295.547948878,328973.864822187,365809.345426767,427853.004415028
5609.46768914865,18278.5695706002,1235.33547194713,2725.00878238019,54402.7428698886,4768.41837986149,10998.173832213,2679.78954323263,4716.60193483576,3348.6990303375,14086.3655065773,2763.72435325656,6335.14220649339,7892.96035900936,9609.76380011808,3314.42899685406,6394.2890937991,18068.9520888149,8310.10573655283,2280.48897992843,2856.4497767331,19612.5691896843,6101.35906668105,2272.96785698822,5220.16644773779,15992.3141040275,4992.42693858386,1153.60250672643,14570.7093875566,21371.5344933631
404.050687642287,554.28497178704,441.043406030927,651.389722960735,421.958261640347,660.738158445482,530.403468800307,530.717480023126,476.747570644766,659.554999344864,334.405123601798,563.100156558427,430.913578162248,479.664712798428,737.351432206678,533.3909364098,460.762951096623,651.788804843509,476.680592875297,572.9127896484,541.977817286736,650.789885371604,694.569379529108,452.5784708531,564.231127877411,616.968966031673,563.240445099269,510.508686490528,497.682966431262,556.276298683698
