10187995529.9016,2314936877.73556,2149179918.0273,5368650012.36343,12207761610.0332,21875440942.7578,2394250253.98271,22043370728.2384,17972487243.6237,21158243738.4762,8512451703.49127,938450977.410401,915449811.279878,5794814529.15383,2575349828.26662,4215406318.71371,9574495198.3391,7575663456.77202,21909270013.6282,12864667092.2621,4259771937.86515,5172969712.27468,14005436471.0754,1139110034.91364,6039089287.60763,14543566547.357,7815597229.04829,4031293100.23354,7110432704.10794,2002571409.46854
137330780.350265,71187217.6371443,59507642.9514214,88945673.9159314,154080647.988271,208490099.930856,100874974.682539,211779640.191926,203380835.33669,218944869.195461,77852477.4621228,28108752.906663,43443854.7244798,92792404.7374655,53788040.0232378,99552085.5570243,119383533.234536,136195599.545919,130716335.709502,151675633.329639,55625889.099214,69708184.9728792,166154111.979281,37199422.8957333,122711314.063054,101292710.523743,137063970.430595,92298084.2174512,104685849.891708,43349147.7734096
5244994.02265241,3265842.79031924,3159899.13258899,3194397.03212184,5320796.97091849,6485937.48507214,2819415.37484855,7046941.31345866,7276887.8424453,9012182.34952396,4694557.39316777,1222656.30841031,1832295.41553912,4552176.51792322,3002208.23392624,3369679.50184068,4356695.78574339,5377309.93675537,7524779.85135236,4130707.14808388,3147490.95193065,2828525.91106884,4927048.69003766,1712665.97080782,3256754.0642303,5755718.49730405,5386344.03169792,3656510.36570749,3841862.69246196,2229870.78769975
84100.3213409672,62919.5659632435,104944.995130975,60529.8559741403,55672.6132372706,37903.8459773944,54241.1111373139,99633.4091490822,112497.106070739,65884.886047082,63519.1834335033,79634.3502769475,39326.722735575,137221.558395903,49583.664278818,27720.8288411029,48503.6357747682,129948.027025081,74235.6454051527,106687.75482998,121369.856170031,42104.1960480641,32930.2666635185,82030.8942006724,44154.2885025162,50020.2921109024,60427.1978876478,59615.801999502,65121.118020772,47208.2652507142
77099.2251228701,58328.0246503691,99710.4645250861,53266.8913231498,48479.8086897309,26537.6299532242,48114.6430401329,89558.3461236762,99263.8798736135,54780.2284120967,58514.7904194596,77587.8970120196,35909.1597378544,131437.708096884,46541.6260366577,22159.0326964148,41376.3134648496,121596.778771611,64857.4112008715,97903.7469636776,117086.550823035,39249.0021923302,25535.5575884385,79346.2596017668,38707.6176926703,42491.4533422808,53368.9245083767,53085.1719049746,60316.4808189898,44381.9491124972
68972.2938167908,53002.5996197559,79043.5146204613,49215.2293134256,45241.9218107329,25137.301273421,42561.6336063492,77589.3654597085,88013.8756170223,51069.0707129791,53313.6829396552,68720.5557563179,33185.4263855129,85834.5041785095,41999.5839109921,21008.4305670847,38450.7673973024,106571.649657474,57583.1851074951,81872.9626518788,94133.8236932492,36481.351048629,24589.5839311024,68296.8121339971,35544.2457669193,39407.5557706491,44435.8303626656,46978.1151151342,55601.1332156095,41853.0279080997
10368.4351249074,9395.20677618725,32035.2117558919,6944.10260453081,15098.169568134,6941.09781510108,8339.08747622556,11713.8636468776,13023.2323403487,11299.2694931916,17116.9734860494,13403.9804761727,5585.09605889607,17716.4374139399,11084.1087413415,6603.04584042563,8243.58266976434,14599.9327856822,11990.0552872281,21567.1142204258,20499.0672445956,7754.3246105938,7467.6695921996,14955.2494827961,6301.92131257186,9742.94394509948,6991.05429195655,8840.80946887643,12062.8784249211,10638.0896243105
7429.19051747542,7544.36025472682,16460.4439368049,4478.4174231086,11525.73005412,5097.72381049222,6929.10916166523,9503.59599849881,10266.9014136655,6879.30543329232,12194.2546078777,11152.7568269391,4195.26605794778,8676.42735189803,9051.13689138542,5181.12715534668,5834.89341232311,9962.15968272466,10160.8948294834,14943.0675758502,15745.2862940184,5346.994357212,5439.53245362644,13158.4267747579,5113.87288029378,8312.496385426,4698.21484632075,5463.54506566045,9056.73779777823,8561.24589898169
5533.29113404565,3703.86672287408,10034.8850796492,3624.157995965,7895.85317123551,3842.15402858838,3552.15467940033,5708.87107022307,3742.30173492645,4343.86300122703,7053.83290154102,3936.67107681711,2149.15038490628,6757.45647040934,6174.30961677826,2886.44260232889,4917.33846598171,5075.29199427359,4364.54334570533,9897.22971438537,9262.88627837528,4145.5505374466,3564.65474603459,5254.95951700227,2780.25318561377,2761.78091412839,3871.9493561013,2890.38669860595,6007.01758970272,4029.42105720855
3338.0552394165,2505.33835662188,3527.90614218296,2018.96389803037,3312.34023450859,2792.61632002579,2083.99313224098,2896.56586414261,2220.47243365693,3066.5837899307,4164.99696443084,2374.34133643961,1450.56566382109,1886.18755431347,3175.50261129864,2056.08882827579,2467.83434763565,2234.69539282012,2216.42878628158,2806.2240946506,3616.04968967816,2484.76870243359,1984.59368557004,3545.65700344733,2337.07706207817,1799.68414839672,1918.42105336592,2113.64835370892,3351.98191452267,2221.54925188956
1750.72160426247,1601.55901762836,2019.43648906143,1161.48560830342,1595.83716469188,1729.64672550693,1255.42529786894,1341.08331287564,1351.14720485864,1621.75864348009,2236.79118769861,1601.48694408563,999.375494341761,1192.11184069864,1569.90172808393,1344.06663131024,1452.87739020774,1389.07317235258,1411.40326917209,1480.68352681548,1912.91100163913,1558.75208735924,1527.03383118666,2010.74063754513,1544.68551655574,1099.86878150485,1295.54694012766,1306.34121268962,1525.70918622781,1226.27187564545
1043.93474172967,1086.4706015763,1163.15040135565,853.484454339041,1126.45932838541,1079.71312186309,903.991713280137,889.82443963699,928.137933161732,1021.63462948997,1370.67677733959,1074.98810688602,780.658533599285,831.969968390134,951.736327340161,955.853136170802,978.999953500713,955.364916933128,873.371305256367,930.430661203338,1125.9656439047,1124.7462957974,1101.35835246716,1274.94000012736,1039.55398240537,828.21488279741,944.694853540617,847.182127037278,969.572870733719,880.664928295561
900.497759890063,924.434828199307,902.496377330895,754.119124528765,941.107770559716,824.148033636625,748.678770452348,783.816050966661,816.361951828119,849.478748273811,1001.69748341673,807.256325452576,633.699920047732,725.438883863011,745.212923083678,764.13257943576,806.817558337571,781.738557282251,734.925975204894,772.330676760132,879.28455911836,961.229561542899,959.446175843542,990.563141383158,809.764952277555,720.163854311039,809.404559199148,727.907289956961,758.534830787757,720.514774569921
783.766107769252,816.358956126573,738.081522447064,589.508280720894,797.635612616347,701.570220328512,669.771018793695,623.920149473027,642.642793551113,714.672848031609,878.391969986294,610.79784416831,589.941115112341,624.167515693087,669.074108053393,621.050614436929,653.203850668496,668.266515619734,615.133139931269,646.290796367092,775.230266645767,858.021327391683,805.528273285484,873.637256400816,705.952194221921,607.608127536711,690.508063220203,599.325384548869,690.559477241634,596.166671466814
