569578467.382767,565996136.627038,1158278554.96396,561609185.411995,886935064.983972,5546020954.53576,548848682.975568,2169116216.67342,1024152291.02692,530482212.614269,735660917.944802,545673649.460526,134465772.842463,3284847409.80364,790614210.972728,1219661870.50808,221963616.045947,221935347.043352,1178800850.69472,2956184888.34167,574542097.706322,447745499.674734,1753036572.21727,394949205.071532,1672565004.18005,394556594.511342,629708467.827509,3498318224.02075,6204199444.04172,1798807091.69329
188143621.947286,40217812.4168575,306732828.070344,51576671.7689404,67321824.4027369,378399420.007536,71303628.7352479,89355677.9685007,88989526.5215254,232358544.376665,284580450.761386,34617870.7133219,54741488.0688022,25236816.8168876,126244392.335007,85704417.807586,85331407.4383666,146142962.502759,86072363.4149861,212272026.815289,156293277.708454,37424330.329396,208250394.825223,53053119.8007502,81505424.3672204,100516331.795551,151172496.788707,78289875.6782798,290869550.164849,31137918.5628611
121117653.215757,16180589.3348695,170368394.902965,25962228.0546995,40430163.3241785,73494171.6773531,40027684.8739796,35157531.433286,42192286.6552088,162580411.028329,191888931.664351,17694535.1319529,18935258.0041279,10958837.4571238,70959219.9191519,52528815.4353,58078657.6749178,78147390.080657,38208849.7794303,127234074.967601,86550096.1822927,13692351.3539819,115262886.650255,37097679.3658702,35962109.0744609,63233723.9503193,88875223.0240303,26009577.7149567,128505335.96113,21986597.157268
53312753.163794,8594365.95803839,56289404.0206767,10289316.4307944,14003495.0521759,29442711.5770336,11578198.4672688,10113080.1176239,10745236.0397666,77664854.7772111,64384084.3785571,7853358.43985176,6295848.76811331,6792198.11707251,21212708.0075382,15403104.5583172,42091397.3783414,22597008.2200035,11542419.0203502,33296076.0371413,32963854.5959999,5922769.70923112,32206346.1146737,13307342.3736332,8170270.01525453,14588767.4387795,29399893.4413623,8195598.86439877,46440806.5206994,13388372.850851
1688975.34378167,4955406.7205848,2305795.68123535,1748817.15194627,2036803.34028203,2247652.55874375,2603747.79012749,588446.056653817,853957.951397089,9808845.9951149,3944355.94971244,3075086.4085971,2584577.80787527,4703188.59514734,635996.468168775,3362774.34729538,13356628.3503117,451055.107341787,1980379.6483738,3968827.94623607,4913833.87477434,2828972.62839629,3303224.22657784,2408379.78333025,613622.470361341,1556186.50885909,2515259.19921023,374905.200322644,4596530.90066682,6193130.38085471
407444.30182131,554147.232869275,183093.164631731,103803.06526016,142005.994735517,375924.169795096,118881.827613299,124793.194001697,135956.530789044,430663.43840422,138904.502673692,541120.387731897,204790.302973038,154587.003904786,379666.533013584,456177.513162953,711841.252012017,161189.364793597,359462.932485727,267932.432446337,213017.056908853,265035.35963371,267501.135559331,95772.3745002193,202767.198985977,120290.270652941,329354.21337635,190417.318215032,118982.272716898,682566.956197878
153095.541098705,130063.129842787,64615.8303726137,59437.6615160068,91438.3972243398,140944.673909303,69282.8215548001,87509.3019718251,91035.3634458079,90393.9154494288,79844.0086989202,83789.0553321868,88343.7431749053,116864.18561817,109805.562196569,74746.4524309077,119525.865484164,89553.8167206669,149883.57814762,122090.184394195,89901.6759882179,109870.405191185,156137.280230058,69897.0466187831,138289.78407645,72834.7015385887,96424.6301739861,78028.0280643922,43554.7202221742,95174.0560968302
56575.65732024,29427.4021710784,21693.8277314492,10650.5698623589,9904.26448267515,39764.5532709014,8127.87790690458,11619.333936366,9303.55388201363,26193.5155449325,10630.5144746185,31031.3695198899,22887.7631198874,33529.119628002,13893.8661571698,10217.4247618566,25435.9753620826,23305.1053547316,60422.237762304,19298.1919384613,22811.5754762567,18012.043462765,69729.8863254011,12933.0283534958,21552.6043372297,21586.7929540443,7187.97303658283,30016.4251219264,16025.9736825263,33676.6847305821
7645.92886516849,1388.8176786692,2102.54896761608,1332.02915591378,1166.44765169056,4122.71881113559,1138.86218973381,1106.01211396767,809.862669864987,4122.68094206962,2046.40411845151,4243.66729908997,1652.56317865843,3993.26360705425,1422.61783459818,3428.98810843889,3210.26941906486,2451.41988576128,6429.12196719518,1385.61008406027,1442.88081140946,1130.7400791047,8174.75920280036,1536.7751855854,4781.27507979567,791.387219533402,959.737997067767,5184.84695574023,1140.44550917091,4096.2650033567
719.798320214569,401.16423246366,577.257482323396,787.636420693378,780.791324629194,624.800643109397,684.708915535677,756.748205612721,585.767249608458,652.067230461087,851.899527842392,898.033292190036,321.312653158888,839.175528080812,730.202847126507,880.855035757936,757.972386455017,568.803460252469,753.227160997479,937.967699203103,539.403255431057,817.015913830316,1131.46744322673,1089.4084182328,670.741481495873,419.310504739026,739.847246128716,736.324175091745,558.617325445662,824.236073324362
379.44561343135,376.633485560281,509.087730818727,701.7840739924,659.639237155894,577.819683485351,659.267669557016,613.99658295461,532.115787098408,554.106329938911,732.825737339908,765.880920018824,295.052349591358,745.647122384741,616.839510561053,784.798054993078,665.458631004246,504.523921133537,667.614481181235,912.334309903185,484.34330260253,774.678115995937,960.830867864283,1012.46896718569,500.313589393209,389.861762189032,457.103719570103,657.62247213452,503.194144626383,741.314482611997
231.153230345842,325.725862742774,215.457541236126,532.436993275986,455.225707945118,353.698412151145,526.366604957545,340.443092193857,410.588346786611,469.517880328617,516.661149167855,424.447249459675,213.208866509271,503.603233299705,406.992014293942,511.831917736274,448.390793839806,341.280663739633,436.366107701984,751.896638863856,321.967876283542,650.25157550099,551.466817616754,624.179842098018,436.968467832117,328.921010175528,418.850988781046,417.70327932811,374.730861424752,526.252480227372
153.007621831033,279.896920129891,191.053142902469,513.930423684224,431.673183524505,279.187891981182,476.251849719523,325.08302754866,393.751219503628,425.822967366981,495.078440137152,369.279884653201,200.516436280452,395.111627780322,387.290484990654,442.312675169153,405.499245975743,291.693787143156,415.023261041761,694.762015051729,272.750835685423,626.508436307786,394.364033662646,529.022099241915,340.648838694061,301.90591943151,405.507326707824,359.887438254238,357.152318146159,455.973169377697
153.007621831033,279.896920129891,191.053142902469,513.930423684224,431.673183524505,279.187891981182,476.251849719523,325.08302754866,393.751219503628,425.822967366981,495.078440137152,369.279884653201,200.516436280452,395.111627780322,387.290484990654,442.312675169153,405.499245975743,291.693787143156,415.023261041761,694.762015051729,272.750835685423,626.508436307786,394.364033662646,529.022099241915,340.648838694061,301.90591943151,405.507326707824,359.887438254238,357.152318146159,455.973169377697
