3303.75381849199,3824.26270414391,3776.60381646917,3611.52754542373,3366.60891500488,4046.7105892612,4549.86585369148,4562.21875223686,3676.74614636617,3303.61100295672,3527.17615373351,4221.00761487944,3598.3208590278,3570.89090119875,3408.16971177388,4168.24524552289,3594.86879678906,3525.43915414776,3297.21606473983,4028.1325501549,3331.91930243794,4704.94235950611,3286.82659906132,3409.2282073411,4288.98706617673,3607.54376641646,3430.32120564875,4439.50563446351,3956.01724398429,4045.61483861151
3303.75381849199,3824.26270414391,3776.60381646917,3611.52754542373,3366.60891500488,4046.7105892612,4549.86585369148,4562.21875223686,3676.74614636617,3303.61100295672,3527.17615373351,4221.00761487944,3598.3208590278,3570.89090119875,3408.16971177388,4168.24524552289,3594.86879678906,3525.43915414776,3297.21606473983,4028.1325501549,3331.91930243794,4704.94235950611,3286.82659906132,3409.2282073411,4288.98706617673,3607.54376641646,3430.32120564875,4439.50563446351,3956.01724398429,4045.61483861151
3303.75381849199,3824.26270414391,3776.60381646917,3611.52754542373,3366.60891500488,4046.7105892612,4549.86585369148,4562.21875223686,3676.74614636617,3303.61100295672,3527.17615373351,4221.00761487944,3598.3208590278,3570.89090119875,3408.16971177388,4168.24524552289,3594.86879678906,3525.43915414776,3297.21606473983,4028.1325501549,3331.91930243794,4704.94235950611,3286.82659906132,3409.2282073411,4288.98706617673,3607.54376641646,3430.32120564875,4439.50563446351,3956.01724398429,4045.61483861151
3303.75381849199,3824.26270414391,3776.60381646917,3611.52754542373,3366.60891500488,4046.7105892612,4549.86585369148,4562.21875223686,3676.74614636617,3303.61100295672,3527.17615373351,4221.00761487944,3598.3208590278,3570.89090119875,3408.16971177388,4168.24524552289,3594.86879678906,3525.43915414776,3297.21606473983,4028.1325501549,3331.91930243794,4704.94235950611,3286.82659906132,3409.2282073411,4288.98706617673,3607.54376641646,3430.32120564875,4439.50563446351,3956.01724398429,4045.61483861151
3303.75381849199,3824.26270414391,3776.60381646917,3611.52754542373,3366.60891500488,4046.7105892612,4549.86585369148,4562.21875223686,3676.74614636617,3303.61100295672,3527.17615373351,4221.00761487944,3598.3208590278,3570.89090119875,3408.16971177388,4168.24524552289,3594.86879678906,3525.43915414776,3297.21606473983,4028.1325501549,3331.91930243794,4704.94235950611,3286.82659906132,3409.2282073411,4288.98706617673,3607.54376641646,3430.32120564875,4439.50563446351,3956.01724398429,4045.61483861151
3303.75381849199,3824.26270414391,3776.60381646917,3611.52754542373,3366.60891500488,4046.7105892612,4549.86585369148,4562.21875223686,3676.74614636617,3303.61100295672,3527.17615373351,4221.00761487944,3598.3208590278,3570.89090119875,3408.16971177388,4168.24524552289,3594.86879678906,3525.43915414776,3297.21606473983,4028.1325501549,3331.91930243794,4704.94235950611,3286.82659906132,3409.2282073411,4288.98706617673,3607.54376641646,3430.32120564875,4439.50563446351,3956.01724398429,4045.61483861151
3303.75381849199,3241.61344953909,3776.60381646917,3611.52754542373,3366.60891500488,3965.88635246682,4063.06379154043,4031.13484656863,3676.74614636617,3303.61100295672,3391.58626550343,4221.00761487944,3598.3208590278,3570.89090119875,3408.16971177388,4168.24524552289,3594.86879678906,3525.43915414776,3268.786310012,4028.1325501549,3331.91930243794,4350.31064126739,3286.82659906132,3317.85435440996,3830.08457243944,3384.43346292303,3430.32120564875,3788.46130568698,3956.01724398429,4045.61483861151
3303.75381849199,3049.80854331702,3737.05523829256,3308.02015513859,2792.40489964496,3965.88635246682,3691.71345187204,3363.27428884726,3656.93794896785,3303.61100295672,3391.58626550343,3726.65184353333,3205.86461013173,3570.89090119875,3408.16971177388,3642.11157646324,3453.20838624431,3198.4002179659,2916.19081522614,3684.7407417071,2655.71309904781,4197.10847988489,3123.27825627993,3317.85435440996,3830.08457243944,3384.43346292303,3430.32120564875,3788.46130568698,3956.01724398429,3395.66556543392
2674.68941991548,2849.7491455967,2940.27551616847,3057.07708188338,2645.90045161491,3585.92888321695,3691.71345187204,3363.27428884726,3044.65572065962,3166.38456574207,3391.58626550343,3600.68271727091,3201.92754838881,3560.41257063809,3408.16971177388,3252.03600326742,3183.72648883649,2716.29918868236,2885.416110082,3574.8704677439,2655.71309904781,3937.99087206125,2727.32928665888,3317.85435440996,3203.89694011638,3384.34102240379,2970.70374720024,3267.8535178227,3679.21265859629,3395.66556543392
2388.63120234795,1989.13909739822,2940.27551616847,2919.69094906565,2347.73404276003,2556.78865366339,2688.36939349922,2885.27099875783,2932.27885815479,2730.48974974029,2745.99689035893,3540.32925411605,2671.15890014538,2853.81240047129,3242.85517916686,3013.97878722843,2796.71663303432,2086.40445314142,2109.7976942297,2742.6947447256,2374.83635775795,3238.40724117514,2153.50808738128,2585.35185157841,3056.27006518753,2834.86555751067,2970.70374720024,2547.7903365635,3475.15232860615,3304.05500649314
2169.39029181591,1910.11688668425,2260.65132947048,2380.60428076418,1898.35859783688,2167.66245634862,2395.56673179298,2383.40259478216,2115.1069141894,2477.48752295798,2105.92101211357,2878.24382629112,2120.00765987819,2458.40595937725,2300.61954366686,2372.02427944479,2504.53016788946,1707.83119665221,1804.35263162149,2631.11608280705,1854.57804007834,2888.91060560385,1913.09354411975,2298.53371054669,2615.37019416617,2492.30875103414,2447.73319719461,2076.5658551711,2797.31479400274,2604.64132211602
2102.22963505566,1801.68352255637,2062.602751066,2224.5906593287,1705.17713976623,2064.93335894346,2248.99187732609,2244.35537362594,1954.83347902709,2383.8400007261,1963.16207613406,2456.24180569846,1955.41302631278,2322.72917131468,1981.54054581585,2196.66722932392,2366.90161650181,1473.62244958278,1681.28178542792,2427.42886828762,1656.05149490857,2739.09322073126,1818.98908462376,2200.6157454464,2542.48281264722,2338.86799975495,2265.4750471492,1942.49151647577,2549.41072159445,2466.13580646949
2097.40502224131,1778.74602765039,1989.7093030099,2162.56773607476,1633.63959689544,2048.05680843498,2182.61184801827,2190.52741049292,1897.26660513229,2376.91251084886,1927.4439411868,2349.83675973679,1914.4626484412,2283.15846924595,1891.34322800486,2162.79544826062,2312.59440962387,1412.17896247236,1640.31060600689,2350.82062566506,1609.64472695727,2710.8098713467,1797.32894804157,2188.18034565009,2541.23420331958,2317.54651499513,2186.88025130329,1931.8095666016,2471.9920688151,2394.84466830457
2097.39510630065,1775.59228045902,1980.57988355126,2125.40469135684,1626.45321435244,2039.421363008,2175.4337787957,2189.42025323053,1880.95422825572,2376.10038226508,1927.08625471899,2314.68517580713,1913.08174297542,2282.8517538527,1862.08998760952,2154.89891353835,2302.62299943793,1377.40948155319,1639.26789749623,2304.31438191372,1607.59488813252,2709.95461671,1797.21184873537,2151.69875850365,2498.80857456888,2230.13403950528,2143.9159750047,1931.6975699634,2456.49743144815,2388.7872891185
2097.35668381842,1770.53710209707,1979.57338287219,2103.91882551322,1626.39955433614,2034.22443389679,2175.41438673457,2189.36059604928,1856.02882143782,2369.22053577161,1926.89777365329,1984.50338129765,1912.286319983,2282.81737648916,1856.02028284135,2128.87929087954,2301.79331429179,1376.93205057788,1639.01736853513,2299.10584091514,1604.78115879721,2709.48310901206,1795.4471744377,2148.61675125027,2378.37703504167,2217.88556733569,2143.71689561682,1931.29447935681,2453.33187184666,1951.50342487256
1441.92191723427,1571.60941575647,1563.45834731026,1329.26395922821,1618.12525437847,1486.53358135234,1762.17492609681,1522.00383007595,1534.76122063274,1333.7489494066,1087.03512393332,1493.58896024581,1438.74961329866,1652.60599229954,1840.73899746116,1695.85155019011,1158.17285562591,1237.46478769782,1368.45857898877,1477.06988872561,1600.14345976609,1377.00229656314,1307.23503302515,1637.318710412,1450.24112396261,1522.12801235943,1931.91882702009,1467.71469947965,1874.1074871162,1483.46183811522
