1654.44975818106,1722.78909622968,1414.183321181,1406.83418743835,1826.34475840202,1490.45946714924,1321.23440984154,1756.3459697593,2454.35204489295,1471.42057360099,1813.77268793346,1455.63385745353,2831.64465522483,1662.00785296644,1643.10526056748,1608.28128830046,1927.79949654112,1631.38109631987,1626.36500494479,1891.11382317506,2479.42306518745,1473.95369942898,1698.98100018273,1831.70974714103,1556.06935649813,1506.19808278697,1512.97738436546,1672.85054036868,2300.72278086164,2440.10474078463
1463.68346311901,1396.95897595082,1285.00599924459,1283.58529690538,1558.35835558569,1379.83490947782,1085.32089425873,1411.11146308412,2003.79773561879,1326.20254775572,1506.57609089561,1340.4023212068,1928.24196907603,1425.37021966044,1410.90819855564,1418.32880796083,1643.95092075391,1392.5034627961,1425.65181010016,1599.62413060657,1829.30545452599,1362.07892468803,1423.06378154308,1433.23180046575,1342.95983553205,1364.98262192245,1357.09683566086,1461.73435212735,1889.67371277065,1643.92182245946
1320.96425526803,1222.01606196249,1177.49575306562,1197.98501870418,1378.95363446525,1235.98031891309,1044.77663143077,1293.37580263668,1586.06134814134,1164.11276596197,1354.378969533,1195.47656184335,1526.9212823319,1273.53920128158,1241.90900609279,1245.6199972146,1502.00707812918,1242.57924131979,1328.49037440519,1467.48115641177,1505.56823956168,1234.13756559666,1206.15163952919,1242.49418870664,1202.525122252,1278.89048267194,1249.3544210894,1281.52206970895,1496.12766407754,1340.02237636745
1230.98365530687,997.025291189599,1017.72939367993,1079.22662587177,1211.63301215252,1117.24878404866,967.612420208758,1025.71878798319,1246.22150365843,1020.56650490199,1200.23756066668,1121.50433096499,1209.37011776339,1021.83732591585,1022.70952343017,1115.85423733371,1312.11888535483,1046.17138638634,1212.79452054596,1327.69154728902,1060.56800963666,1145.09532570443,991.489300988449,1031.44039714626,1074.94844247168,1200.64948423955,1173.90297356893,1139.18639909519,996.082899384788,1004.21173651474
1187.70503389,718.248304760431,942.715235466609,1047.48650519045,1149.78841162708,1069.14863237175,952.318305895028,869.493687339755,917.377739850069,952.03958566664,1139.1642305667,1079.55651812853,820.277430259091,897.917122089283,898.608413286044,1084.35729395433,1266.95867459685,936.167330764489,1175.43747948958,1293.06949099295,675.821766300022,1109.67243070772,820.285605000586,890.601042892888,1021.34112058918,1188.91764891493,1160.27408221199,1104.36292039976,553.942900469532,605.885909338433
1186.45390604845,686.004006470357,932.565182807771,1046.89280385448,1148.9610613677,1067.64685209086,952.035020736985,863.88301586444,897.312037661084,949.622512041207,1127.82231186363,1076.13295663365,767.291245139289,893.631935396245,893.927269731878,1062.04540859713,1266.62926482206,931.656198588769,1172.09240831047,1292.50532062313,629.420224027051,1108.67066482789,815.121179412165,885.291434989226,1016.58419128932,1188.82781697761,1160.17015167654,1104.106157488,344.339117812741,452.2518595775
1186.45195512424,685.611442204651,930.10173706442,1046.86777005701,1148.96090458338,1067.64434900233,952.034983813986,863.877998349548,897.23647570517,949.620389673964,1127.82081675537,1076.13087396905,766.762388962188,893.625236744575,893.920185072277,1058.16103906975,1266.629169603,931.650171577364,1172.06078325452,1292.50524349789,629.311639257002,1108.6692192632,815.112822695436,885.280879463791,1016.57926715069,1188.82774095072,1160.17013718782,1104.10134517671,342.442391781412,450.04484998211
1186.45195290982,685.610623719374,930.098434203453,1046.86737510887,937.492367619348,1067.64434618875,714.735450164488,863.877990183541,897.236291127149,949.620387120638,1044.42815496991,1076.13087225239,766.761964390371,893.625231913372,893.920175172821,1058.16085122632,1194.46912827488,931.650163103984,1172.05967066431,902.428594416702,629.311302733282,1108.66921768341,815.112813568035,885.280869254284,1016.57926276308,1107.59375576351,1108.97853154233,1104.1012278764,342.421711594044,450.024623955217
814.40903657213,685.610621114824,930.098424501538,1046.86737492804,925.554470633384,1067.64434618569,712.06753630433,863.877990176771,897.236290541544,949.620387118334,990.789971312626,921.906638086502,766.761949647635,893.625231908534,893.920175162377,1058.16085106953,1191.49700084733,931.650163096406,1172.05966828292,892.367480476394,629.311302068101,909.504830142736,815.112813559658,885.28086924492,1016.57926275895,1033.82614230966,1108.45297074772,1038.81122723286,342.421542646285,450.024462239556
361.375148944694,685.610621111277,930.098424494698,478.115888705149,925.553845625859,556.838763113997,712.067365435336,413.244432108763,897.236290541179,468.242226807479,990.783048549037,677.204599251258,766.761948935512,518.157247339109,678.028186596473,812.386287644793,1191.49693839599,285.935369511015,431.830978186805,892.36628348865,629.311302066727,398.702107328606,383.337916347958,595.989816715197,290.227825977508,1033.82492410005,1108.45290222204,1021.53550806575,342.421541422323,450.024460877599
360.47547737151,533.951490217408,839.271974281249,435.157345156963,503.680584201526,555.971321022444,368.992769437513,410.584634838369,526.474124435323,467.370977972335,948.946668788152,677.05491195939,766.761948932703,516.375563947114,676.521011108726,812.350176908089,1102.94934224362,283.883339925606,430.164054107895,551.859695199194,476.577193059046,397.342449520276,380.308337760464,594.441144963131,287.289796614489,552.663214118579,474.40723138956,1021.53227625964,342.421541408514,450.024460868342
360.474746211944,411.832226742843,677.468890580063,435.140023415462,489.261238780342,555.970462510026,358.868596881353,410.582881356241,479.469387886204,467.370267082176,773.660332637967,677.054820790509,766.761948932703,516.374286998981,676.519465376441,812.350172185309,1100.82827271001,283.88166070948,430.163449862825,433.301234915744,399.464897524633,397.34148793731,380.306089161039,594.440217134408,287.287701378469,436.858914984759,448.542865744843,1021.53227552847,342.421541408514,450.024460868342
360.474745307621,411.680313567057,677.288688914275,435.140015243344,489.260155729625,555.97046122544,358.867442211341,410.582879563858,479.376585231349,467.370266323518,773.646862862359,677.054820730497,598.319231373011,516.374285749908,676.519463903745,405.597989320889,1100.82801098551,283.881659285037,430.163449653912,433.291195125319,399.363220870361,397.341487037722,380.306086742245,594.440216226092,287.287699763928,436.852986947829,448.540907707231,732.137165625193,342.421541408514,450.024460868342
360.474745307489,411.680120081232,677.288496686366,435.140015239887,489.260155593794,555.97046122544,358.867442062182,410.582879563327,479.376440351497,467.370266323284,409.945619094857,382.408152820326,533.096682628183,516.374285749572,546.659297607375,372.921149302669,425.04003308365,283.88165928462,430.163449653912,433.29119429822,399.363087564814,397.341487037522,380.306086742245,580.344809158854,287.287699763317,436.852986490607,448.540907461526,730.083172896246,342.421541408514,450.024460868342
