5834.56476137821,6454.01551490176,4431.41060489563,4464.79739785157,7357.27752827444,9072.60631758986,3496.5992884208,5741.76630205236,7639.62321774889,4555.35774398464,6651.52673272157,6974.98681884807,7014.67952512471,5575.2403905052,6254.74983108937,5619.21385928649,5435.32957163033,5132.4507758753,5455.84706749017,8169.91528259717,5586.04680338918,7934.85192409664,5855.81210673318,8654.08620381172,7703.55704164949,5085.03931979215,4769.34715098452,5336.96300621755,8176.24359922785,8157.79780234185
5834.56476137821,6454.01551490176,4431.41060489563,4464.79739785157,7357.27752827444,9072.60631758986,3496.5992884208,5741.76630205236,7639.62321774889,4555.35774398464,6651.52673272157,6974.98681884807,7014.67952512471,5575.2403905052,6254.74983108937,5619.21385928649,5435.32957163033,5132.4507758753,5455.84706749017,8169.91528259717,5586.04680338918,7934.85192409664,5855.81210673318,8654.08620381172,7703.55704164949,5085.03931979215,4769.34715098452,5336.96300621755,8176.24359922785,8157.79780234185
5834.56476137821,6454.01551490176,4431.41060489563,4464.79739785157,7357.27752827444,9072.60631758986,3496.5992884208,5741.76630205236,7639.62321774889,4555.35774398464,6651.52673272157,6974.98681884807,7014.67952512471,5575.2403905052,6254.74983108937,5619.21385928649,5435.32957163033,5132.4507758753,5455.84706749017,8169.91528259717,5586.04680338918,7934.85192409664,5855.81210673318,8654.08620381172,7703.55704164949,5085.03931979215,4769.34715098452,5336.96300621755,8176.24359922785,8157.79780234185
5834.56476137821,6454.01551490176,4431.41060489563,4464.79739785157,7357.27752827444,9072.60631758986,3496.5992884208,5741.76630205236,7639.62321774889,4555.35774398464,6651.52673272157,6974.98681884807,7014.67952512471,5575.2403905052,6254.74983108937,5619.21385928649,5435.32957163033,5132.4507758753,5455.84706749017,8169.91528259717,5586.04680338918,7934.85192409664,5855.81210673318,8654.08620381172,7703.55704164949,5085.03931979215,4769.34715098452,5336.96300621755,8176.24359922785,8157.79780234185
5834.56476137821,6454.01551490176,4431.41060489563,4464.79739785157,7357.27752827444,9072.60631758986,3496.5992884208,5741.76630205236,7639.62321774889,4555.35774398464,6651.52673272157,6974.98681884807,7014.67952512471,5575.2403905052,6254.74983108937,5619.21385928649,5435.32957163033,5132.4507758753,5455.84706749017,8169.91528259717,5586.04680338918,7934.85192409664,5855.81210673318,8654.08620381172,7703.55704164949,5085.03931979215,4769.34715098452,5336.96300621755,8176.24359922785,8157.79780234185
5834.56476137821,6454.01551490176,4431.41060489563,4464.79739785157,7357.27752827444,9072.60631758986,3496.5992884208,5741.76630205236,7639.62321774889,4555.35774398464,6651.52673272157,6974.98681884807,7014.67952512471,5575.2403905052,6254.74983108937,5619.21385928649,5435.32957163033,5132.4507758753,5455.84706749017,8169.91528259717,5586.04680338918,7934.85192409664,5855.81210673318,8654.08620381172,7703.55704164949,5085.03931979215,4769.34715098452,5336.96300621755,8176.24359922785,8157.79780234185
5834.56476137821,6454.01551490176,4431.41060489563,4464.79739785157,7357.27752827444,9072.60631758986,3496.5992884208,5741.76630205236,7639.62321774889,4555.35774398464,6651.52673272157,6974.98681884807,7014.67952512471,5575.2403905052,6254.74983108937,5619.21385928649,5435.32957163033,5132.4507758753,5455.84706749017,8169.91528259717,5586.04680338918,7934.85192409664,5855.81210673318,8654.08620381172,7703.55704164949,5085.03931979215,4769.34715098452,5336.96300621755,8176.24359922785,8157.79780234185
5834.56476137821,6326.46976506322,4424.64185651726,4464.79739785157,7241.37529802968,9072.60631758986,3454.77506365795,5741.76630205236,7415.86836649819,4501.78196224045,6271.45160542758,6974.98681884807,6723.00952493847,5500.13933616175,6147.25603779135,5437.63431582856,5435.32957163033,5069.89752487428,5455.84706749017,7840.57440242775,5586.04680338918,7676.96806824735,5581.69807676706,8654.08620381172,7703.55704164949,4925.86231510592,4676.34845537364,5298.3513668483,8176.24359922785,8157.79780234185
5761.58129151654,6326.46976506322,4283.22933220343,4304.13618277189,7103.6369458738,9072.60631758986,3331.76085793549,5432.63633512477,7340.14623425886,4245.71256520494,6125.43601976924,6658.11644880838,6463.37032135711,5367.95055587641,5758.17877850125,5116.73089149826,5300.23459469324,4944.81559727362,5323.91605379476,7583.5740220302,5302.70023020916,7550.9120831152,5360.27819827903,8160.77969439351,7436.60566700425,4709.08331110341,4439.21791252291,5099.18731600711,8075.17711690227,7952.27532772745
5260.63567604587,5384.39636588607,3715.39583626984,3781.91826949827,6321.58111357256,8597.784812397,2989.46578445769,4736.3301545337,6293.09818655597,3599.64086827036,5284.83465556498,6332.70582622155,5560.89583116927,4515.48174486433,4964.89144292056,4450.27443225797,4929.76146078056,4220.3826243284,4757.24373295743,6633.559038345,5032.47709753635,6711.82523995647,4480.16686046305,7432.70739716174,6935.880692767,4146.29941203889,3824.80022752601,4321.30813897793,7244.87894789551,7037.01393459993
4262.68759951744,4067.1453712541,2852.02824944835,2904.65738604756,4672.83640770248,6290.06548612036,2375.36856656085,3442.59497108648,4370.81199694336,2597.84351195,4233.22571563274,4188.62199295801,4155.65823397181,3506.69034683826,3480.78019079956,3323.82551421311,3837.11109309682,3180.35526728466,3177.92524321003,4707.70551168106,3736.53888774165,4503.55705543768,3245.63947747593,5812.8210111292,4846.86785381109,3118.55914028632,2826.65105846752,3014.1104277612,5365.57609136966,5153.27483847027
2628.07909044322,2341.56751985693,1613.17872448625,1971.40525795078,2014.76304357881,2883.48612682576,1529.78328418463,2173.47116254528,2384.28814892413,1870.29571559381,2653.84193141015,1451.42859957276,2230.33405550509,2112.39847298333,1982.17625291803,2124.28334425345,2252.80976229006,1924.91439719466,1707.67988228223,1914.30536017569,1961.73815593613,1328.3112445573,2245.76529951659,3088.04384340578,2293.67878501815,1988.74187065938,1729.87098371428,1786.5845113704,2844.66860781346,2632.00913429601
1406.26659983455,1278.9994521898,1029.26136823679,1719.26503404443,1127.01460457705,1114.61793280754,1108.18561531744,1632.65250664912,1308.02648443286,1625.93686321792,1596.4927920756,764.265459190055,1448.23281827005,1366.55794415263,1387.39478260724,1533.1014155027,1284.66784763757,1049.52175508253,1200.74015762465,1067.66078461254,1147.01076777258,258.299342897275,2074.3123379484,1262.78290269021,1122.10824861935,1384.86089889246,1269.6821199823,1287.50864116698,1479.51435562559,1350.46804567896
1093.21449261025,1186.46906692627,933.87226214753,1717.59646247763,871.3248627575,797.362863631707,1094.48443964318,1609.1412290026,1203.16291844785,1623.09494886907,1572.51542486122,567.913280865931,1404.078441859,1261.15829657139,1365.64415222449,1506.69681481101,1122.06112326596,962.658256574226,1175.69091853109,1011.50079430857,934.777346200797,104.59279402835,2074.02195652215,889.227781176442,838.075827548318,1355.88933451871,1249.27228627456,1276.03927914401,1354.88351793297,983.48646097196
1092.16220835826,1186.45951516132,933.712494409392,1717.58593897313,870.434718117559,795.696591999319,1094.48002669719,1609.13220938906,1203.0535491063,1623.0900656424,1572.51115175441,566.919569682427,1404.06831882223,1261.06080239759,1365.63578474313,1506.69456493629,1121.07656751498,962.569874574097,1175.68196448463,1011.4841175659,933.597921777513,100.003141383199,2074.00114211754,886.660664981147,836.697592684835,1355.88186691209,1249.26392297929,1276.0359755068,1354.73105849588,981.91724685723
611.010542274689,975.251303393463,701.031574647251,795.490928965638,624.493723605403,763.257993203282,586.945936459279,887.797475805745,712.973902150768,504.7386184522,667.853769086091,566.919560391682,909.195604273299,875.837103747845,842.82339946062,820.817589592493,1121.0765567453,571.062316306482,708.238284053612,628.294426007765,811.579168318762,100.000000725967,640.729009190994,886.660644817133,832.144166584126,875.231021454345,702.162474699769,789.780720595924,858.438452511769,747.5242020726
