41011.3635465824,75126.0886599731,29480.4035471463,120870.72481422,25796.6893207205,61376.3080263179,44074.3051499439,42713.8924544346,54209.3041739945,39528.3278951551,26152.1172155601,37757.8296524134,85828.7868906206,111135.35122486,146118.576345803,102451.562937081,33855.3176000916,16794.0694067004,36981.1234091092,30274.3053247686,42494.3154392262,38205.0069442808,52978.4888954343,54559.2333401592,54141.5920352419,36141.2093970062,48983.0630834387,70530.8481469396,58555.3231123069,34558.4137994359
41011.3635465824,75126.0886599731,29480.4035471463,120870.72481422,25796.6893207205,61376.3080263179,44074.3051499439,42713.8924544346,54209.3041739945,39528.3278951551,26152.1172155601,37757.8296524134,85828.7868906206,111135.35122486,146118.576345803,102451.562937081,33855.3176000916,16794.0694067004,36981.1234091092,30274.3053247686,42494.3154392262,38205.0069442808,52978.4888954343,54559.2333401592,54141.5920352419,36141.2093970062,48983.0630834387,70530.8481469396,58555.3231123069,34558.4137994359
41011.3635465824,75126.0886599731,29480.4035471463,120870.72481422,25796.6893207205,61376.3080263179,44074.3051499439,42713.8924544346,54209.3041739945,39528.3278951551,26152.1172155601,37757.8296524134,85828.7868906206,111135.35122486,146118.576345803,102451.562937081,33855.3176000916,16794.0694067004,36981.1234091092,30274.3053247686,42494.3154392262,38205.0069442808,52978.4888954343,54559.2333401592,54141.5920352419,36141.2093970062,48983.0630834387,70530.8481469396,58555.3231123069,34558.4137994359
41011.3635465824,75126.0886599731,29480.4035471463,120870.72481422,25796.6893207205,61376.3080263179,44074.3051499439,42713.8924544346,54209.3041739945,39528.3278951551,26152.1172155601,37757.8296524134,85828.7868906206,111135.35122486,146118.576345803,102451.562937081,33855.3176000916,16794.0694067004,36981.1234091092,30274.3053247686,42494.3154392262,38205.0069442808,52978.4888954343,54559.2333401592,54141.5920352419,36141.2093970062,48983.0630834387,70530.8481469396,58555.3231123069,34558.4137994359
41011.3635465824,75126.0886599731,29480.4035471463,120870.72481422,25796.6893207205,61376.3080263179,44074.3051499439,42713.8924544346,54209.3041739945,39528.3278951551,26152.1172155601,37757.8296524134,85828.7868906206,111135.35122486,146118.576345803,102451.562937081,33855.3176000916,16794.0694067004,36981.1234091092,30274.3053247686,42494.3154392262,38205.0069442808,52978.4888954343,54559.2333401592,54141.5920352419,36141.2093970062,48983.0630834387,70530.8481469396,58555.3231123069,34558.4137994359
41011.3635465824,75126.0886599731,29480.4035471463,120870.72481422,25796.6893207205,61376.3080263179,44074.3051499439,42713.8924544346,54209.3041739945,39528.3278951551,26152.1172155601,37757.8296524134,85828.7868906206,111135.35122486,146118.576345803,102451.562937081,33855.3176000916,16794.0694067004,36981.1234091092,30274.3053247686,42494.3154392262,38205.0069442808,52978.4888954343,54559.2333401592,54141.5920352419,36141.2093970062,48983.0630834387,70530.8481469396,58555.3231123069,34558.4137994359
41011.3635465824,75126.0886599731,29480.4035471463,120870.72481422,23421.4967865245,61376.3080263179,42191.1922144435,42713.8924544346,54209.3041739945,39528.3278951551,24570.3308160389,37757.8296524134,85828.7868906206,111135.35122486,134036.157157522,102451.562937081,33423.2958724692,16794.0694067004,36981.1234091092,30274.3053247686,41225.8319575416,38205.0069442808,50383.5634746638,50918.5242061787,54141.5920352419,33530.3065849602,48983.0630834387,70530.8481469396,58555.3231123069,34558.4137994359
38933.6329951214,63730.8090093915,28740.8871191748,109955.310597219,23213.7950102592,56234.2479143092,37784.3336928059,40013.8292295457,52141.1839918305,35715.8084241588,21962.9217226187,37375.8459767237,78688.8972951909,109360.087739174,117338.29693012,90980.8767484439,31701.7263762142,15668.4151933617,34204.1967935629,28996.7225478638,40831.485361752,38205.0069442808,49605.1611844795,48350.7726819456,53110.2259535828,33530.3065849602,46204.0390689215,68004.6871680378,51846.6794845889,29875.7054733697
30767.7051507306,56883.2916194391,20575.2777463773,93992.0564339789,17703.4411622058,53548.3690839807,27442.5551660302,36638.6370148177,44350.9582850279,31701.1302558567,15191.9815884381,31958.5611213063,61683.4990817648,97421.7722352936,80563.9729005858,78645.7898039372,25116.1158503033,12630.389098813,31618.3163011374,23870.9912783392,35298.0136512788,35903.5910560894,42411.2521522507,33737.6290485694,44912.2510670464,23304.5847612246,39966.0899609265,58941.8310332839,47540.9083725975,25980.3022956736
18970.8083468615,30226.1150951515,13341.6755149003,54177.1534482303,7146.01344098611,39292.4032858619,13972.6039211284,24755.9452495859,31560.2678825565,19354.239151834,5566.84611274048,20739.7104765808,33682.4069933684,65090.7579395789,20035.4795390899,37292.8955625706,14295.4470141281,8592.76700088872,22590.4310418485,15321.8656650134,22243.4097711358,25162.3992193578,25118.26757457,14304.8599280191,29032.7357350078,10236.8492992251,25818.6094012851,36696.4502115825,30673.4498724312,13799.4690951639
5205.25302902142,7350.63141703111,6727.79592533125,11566.0772048364,1938.75255159317,17682.0330157515,3437.48208149979,9348.53217225978,8749.91253563703,6322.95395003268,1719.73287144262,8756.24037510089,9623.95575432292,20817.1900582416,3160.40984968149,5593.72491715922,4491.35634825169,4650.53434609306,10098.499630365,4766.86641048511,9113.08355762832,11829.9551218234,5517.98736062123,3480.62063766711,11098.9680326076,2185.90905950339,10631.1037459159,11026.1553610789,9534.10930595764,3643.73528530205
1011.01801714736,1492.38034485828,1693.38327318563,2017.09940911459,665.561346400512,3251.26446113975,745.132951798993,1616.14560613046,1461.2060815029,1105.53726937979,608.954552714323,2059.09310379427,1833.21857101053,2793.11971859538,652.439961482215,1039.68986332953,829.398643975437,1336.92604689715,2127.50240332165,1017.48417064243,1828.98727525361,2788.20421744565,848.520826021449,716.800233201453,3254.68367053891,615.639808674192,2549.02276320528,1878.1755914488,1840.43097697724,825.906339246303
528.643504530533,568.304148961533,568.297033369297,571.020648478177,531.292498000777,651.772527916622,510.908323949818,526.261798918883,524.927541826076,523.776484331617,528.843263800905,570.993959338321,557.190712699805,608.336773337342,517.808346924279,525.178593082527,557.005435908849,523.223737279803,575.158557586235,533.024028016742,549.461118936847,633.34356715079,488.560925572991,529.757711061598,645.290786326569,521.162252166434,563.803016057594,508.678969042812,577.146520509315,513.305613361902
508.069238471406,524.456084704007,512.111473302537,520.549011237507,522.324399528455,512.814801878483,509.879316796005,509.244650089622,509.14392905956,512.47701444658,513.835020042369,465.534881333092,513.090119842147,520.119935608482,509.750496666334,483.985643275823,523.742917461818,508.717785351149,517.099990466455,515.725748186872,514.621508958393,540.03035447643,472.052525960104,514.841818558106,521.074233999661,518.700139850071,507.934994049224,461.265383353465,511.00880616982,508.236622804203
507.729830718557,507.73643677707,507.720898393538,507.737730609359,479.784611381343,509.207519443178,507.749367148769,507.7505987712,507.715551406107,507.734780529681,501.578051569936,462.52074685772,507.700705082903,508.306026420636,507.758774809571,462.400403374951,515.93517284564,507.70952613933,507.733928714229,507.696520078479,502.367851403861,507.745281847476,462.819536514623,501.774623856386,507.725416731581,513.696391848453,507.716149510846,459.744309142863,509.182640856522,507.882746604203
507.694692886969,507.694692852908,507.694693061867,507.69469319021,469.617276690121,507.746547999056,507.694693848592,507.694693108653,507.69469321959,507.694693064559,496.820102731618,458.848722726049,507.69469285918,507.740380386087,507.694693146051,458.848722725787,507.694693453745,507.694692916114,507.694692850242,507.694692876851,499.42790996655,507.69469544268,458.848722725792,496.82096761669,507.69469376585,510.236052425866,507.694693856032,458.848722726306,507.744012815754,507.694698751873
