97213.0167486939,7180668.88827518,117244.019958463,55225.3110361681,148525.737310335,123877776.028432,4658702.22306742,17110.8342025501,20843512.770582,27799685.6168913,337216340.209233,126008.183092349,163776.582523275,208622950.543036,298668.145390246,147822204.387903,60127.5464812851,12889643.4507603,14523106.4690323,414349218.930624,37617.5115686873,6092948.85245303,38709307.7681494,3968.42106329147,5950268.35588457,2339177.0077822,18462160.429249,180054266.659739,43760.5153645052,1348762.84385891
97213.0167486939,7180668.88827518,117244.019958463,55225.3110361681,148525.737310335,123877776.028432,4658702.22306742,17110.8342025501,20843512.770582,27799685.6168913,337216340.209233,126008.183092349,163776.582523275,208622950.543036,298668.145390246,147822204.387903,60127.5464812851,12889643.4507603,14523106.4690323,414349218.930624,37617.5115686873,6092948.85245303,38709307.7681494,3968.42106329147,5950268.35588457,2339177.0077822,18462160.429249,180054266.659739,43760.5153645052,1348762.84385891
97213.0167486939,7180668.88827518,117244.019958463,55225.3110361681,148525.737310335,123877776.028432,4658702.22306742,17110.8342025501,20843512.770582,27799685.6168913,337216340.209233,126008.183092349,163776.582523275,208622950.543036,298668.145390246,147822204.387903,60127.5464812851,12889643.4507603,14523106.4690323,414349218.930624,37617.5115686873,6092948.85245303,38709307.7681494,3968.42106329147,5950268.35588457,2339177.0077822,18462160.429249,180054266.659739,43760.5153645052,1348762.84385891
97213.0167486939,7180668.88827518,117244.019958463,55225.3110361681,148525.737310335,123877776.028432,4658702.22306742,17110.8342025501,20843512.770582,27799685.6168913,337216340.209233,126008.183092349,163776.582523275,208622950.543036,298668.145390246,147822204.387903,60127.5464812851,12889643.4507603,14523106.4690323,414349218.930624,37617.5115686873,6092948.85245303,38709307.7681494,3968.42106329147,5950268.35588457,2339177.0077822,18462160.429249,180054266.659739,43760.5153645052,1348762.84385891
97213.0167486939,7180668.88827518,117244.019958463,55225.3110361681,148525.737310335,123877776.028432,4658702.22306742,17110.8342025501,20843512.770582,27799685.6168913,337216340.209233,126008.183092349,163776.582523275,208622950.543036,298668.145390246,147822204.387903,60127.5464812851,12889643.4507603,14523106.4690323,414349218.930624,37617.5115686873,6092948.85245303,38709307.7681494,3968.42106329147,5950268.35588457,2339177.0077822,18462160.429249,180054266.659739,43760.5153645052,1348762.84385891
97213.0167486939,6949007.46756687,29438.2999618181,47986.2591023945,60186.5158577063,74175807.7332393,1814520.71265579,16588.2275620257,14930187.7046908,19858992.1145319,251088391.327407,47007.8466309973,163776.582523275,187963832.017932,113892.338722184,87981227.1058595,52311.8612649545,12889643.4507603,14523106.4690323,331693411.118062,31237.1026671854,3059357.43038986,38709307.7681494,3671.13668317442,5216230.6556904,1430610.49161456,12282833.2469499,163338393.956401,26067.2200939889,747953.748914939
45509.1920614306,4041628.73135371,29438.2999618181,27483.6346184978,60186.5158577063,58596866.6423706,1557259.25100126,9114.2522082941,8928034.23872133,14774419.535774,125638715.966405,33506.9535382129,77432.6471230684,92361206.9862622,95890.046111366,54090985.6382323,25494.7484510726,5443707.2979265,14523106.4690323,250182313.602156,20826.2171219704,2336294.58064542,21644777.0364257,3399.30327685632,2561586.06514589,644261.87718114,5863559.8691517,115951224.004665,15731.3878507139,166626.217048776
20716.3512613717,1466329.49082399,9799.37047033889,8116.07542912452,15676.0564454428,10771502.2905605,172632.315695274,6123.85358270352,1869777.96459051,3368130.28944814,47573022.4668928,9126.32586634394,16434.4504789661,51632172.6409789,16151.9737090109,21633455.9172873,4144.16757872912,2199632.52923469,6713804.75699687,69958813.2703276,7427.83332360182,212119.887078232,9336447.62520195,3369.69572739922,326554.961093968,177949.235599226,2027277.33330825,42492367.4918671,7048.39688751592,49422.8613766988
10522.373508634,16241.1419425219,4062.79055626984,5433.58830203632,5689.88921554223,191975.494959218,7663.93897579563,4612.59393369935,7482.14154349418,80310.6553220956,159987.602102787,3838.11952558781,3386.39662643232,8581673.5831661,4106.74927996757,33522.3082967727,2840.4159128235,329750.706254967,645130.674089444,2042562.59743307,3751.0281872609,3751.57228244402,33234.3168176872,2867.47896493521,4152.50444742922,8173.5612353466,32182.9958665173,11308.8705454249,4955.65158330669,3095.01884370284
3703.44150681225,3091.20400350042,2418.98310404953,2712.60787168419,2422.44819580134,3013.13011890812,3335.45417100363,3355.73768120758,2966.87938294208,5595.93772929921,6004.25841688379,2737.81012014424,2365.43508564973,8491.43298138067,2813.59090114669,3257.58029409366,2188.88143922441,3904.95969760432,4813.35485456095,4177.28908575603,2448.01837910596,2552.70518945016,3215.08191987863,2330.98907382925,2298.38761335823,3547.26534970225,2982.37625367767,3626.98702021811,3106.68210069861,2359.10082905336
1924.06926770391,1696.81949626465,1588.47820417393,1684.20141229916,1718.74644145712,1978.17594166466,1801.03659304894,2490.63703676821,1974.66182443093,1916.62260947606,2075.10209938609,1970.04673087315,1665.84371141757,2066.96074163424,1906.09923098633,1770.73699846031,1866.64355057234,1722.32232065037,1751.02594376942,1647.31507207437,2014.1654602751,1578.20282461778,2015.05251393749,1790.31649317748,1537.12004269626,2085.42201768095,1575.07728280878,1769.13024283216,1868.19467302694,1990.01387726112
1058.74958906211,1222.58177947789,1215.57815972595,1408.34091571091,1546.9252520948,1624.0371658055,1424.69274204645,2276.93006300576,1763.31511314991,1247.73394646935,1167.94763723354,1557.42143157282,1298.00120666379,1386.79453850268,1431.15647652793,1498.20929004049,1790.5597681154,1087.44231553043,1092.3042253276,1156.80812297303,1630.26296380581,1251.68125047787,1187.75222303051,1533.16277997271,1369.16970751079,1614.97163393828,1012.10720789268,1385.42601853516,1327.82659320342,1860.25037436268
941.514402127598,1159.62803077423,1103.18373971445,1383.6721144423,1534.65760508981,1593.03810283351,1352.79306733891,2239.58649154426,1755.73888627951,1112.5026783911,1016.41154527249,1408.826416004,1250.52320574266,1290.09400842296,1236.19306198461,1473.29752463989,1784.95302956074,1017.52903162279,899.392253146392,862.871786038205,1462.80006955764,1170.83973883583,1127.93961965471,1489.95187361062,1273.78746286463,1430.19273959104,914.475443737414,1261.19884777536,1218.86608814698,1842.45642863625
744.2467147614,1155.36151962942,1022.42456889743,1381.83779352463,1533.58550610069,1592.68347481459,1297.04727860674,1814.50781446484,1745.68503811782,906.865654140915,986.523703541342,1392.81185674579,1244.85327037144,1287.468557339,1169.87889933378,1401.00985230625,1729.87588290554,1015.24386267899,853.682502957536,740.746474982201,1461.05358195146,1150.40994536362,1125.87695217382,1392.98163757349,1270.1283752036,1416.59696189506,888.06053825735,1212.78275043194,1178.64049035079,1830.98842409208
736.894519494274,1154.30410663232,1021.24560231246,1381.77366112463,1533.13689326801,1592.39184137217,1282.88222896691,1718.84726931979,1621.78842617191,859.861496985849,902.123676161159,1391.57872987463,1238.83715653161,1286.15869510055,1155.75669127032,1308.15626692608,1685.23794849255,1014.95327878725,853.185404610682,738.952080122875,1460.97861690337,1150.11550340518,1125.76687998665,1324.42015895002,1269.39982669375,1415.64900420361,876.977495922454,1057.42614010288,1164.61068097038,1830.37881510248
736.883697271458,535.648066241911,636.813742201867,527.603440733731,598.424699492377,514.566112337874,534.72629321377,879.665009893574,1009.3993636261,859.372930676027,505.286892650246,612.327252062653,647.768035604086,626.388716549935,764.461614005494,666.034701631484,465.69089736885,586.063493186583,521.124883366321,589.151134425086,641.564069448105,620.140792321307,552.398599010392,674.232906475181,588.973776304362,820.465704291398,643.268621994939,457.484395633378,704.337407716898,510.503241975818
