303331.67375582,7878874795265.78,32111371980618.4,276622.00477651,219377.065043562,654574024891.308,281357.277931196,1739816863902.98,293783.477609138,255861.721063946,317654.346039757,6991115.16013226,278516.140702971,203941.674769376,211775.814452321,5147912.48250195,5725467244232.43,284297.348503019,303706.36943354,198239.692764032,300695.204683892,254723.022725441,246998055795.965,209652.600045319,258667.470500723,11879965494431.2,326000.450550485,254975.8444317,309226.588023609,82469836585285.6
291206.810597792,212430.999840624,302636.464954059,276622.00477651,219377.065043562,256436.81979088,279914.184615705,211170.489895549,287412.803430491,255861.721063946,316926.959709158,195023.960205416,278070.550280198,203941.674769376,178395.008981891,238421.466561644,298550.699317419,284297.348503019,303706.36943354,198239.692764032,285278.546153254,224531.124197413,306647.234217246,209652.600045319,162221.503113371,298534.372799997,326000.450550485,211149.416701803,304835.184539074,273482.041823731
291206.810597792,186068.66148335,267049.507915939,276622.00477651,209152.053028116,240128.498301013,266579.529232182,192251.255943413,287412.803430491,255861.721063946,316863.777778529,190913.161764884,276678.095369521,203941.674769376,178395.008981891,215710.374803664,296061.87909105,284297.348503019,303706.36943354,198239.692764032,285278.546153254,206368.766509572,257090.680735017,209652.600045319,162221.503113371,276456.045354986,326000.450550485,205152.070394964,304835.184539074,228486.608937214
291206.810597792,186068.66148335,267049.507915939,276622.00477651,209152.053028116,240128.498301013,266579.529232182,190648.625229894,285999.453167682,255861.721063946,313052.304103569,190913.161764884,271894.449052186,203941.674769376,172077.80388625,215710.374803664,296061.87909105,283829.641951008,303706.36943354,198239.692764032,285278.546153254,206368.766509572,257090.680735017,209652.600045319,162221.503113371,276456.045354986,326000.450550485,205152.070394964,304835.184539074,213861.695476001
264921.438014413,186068.66148335,260953.810293951,276622.00477651,209152.053028116,240128.498301013,266579.529232182,177774.66777808,248546.331020458,252382.674384049,271214.378984222,168530.829742665,215916.323955803,203941.674769376,172077.80388625,215710.374803664,197922.279154892,243920.391744367,297747.46393361,198239.692764032,211255.001484045,206368.766509572,257090.680735017,207306.899453766,162221.503113371,190254.506565641,259061.234329341,185628.249498236,304835.184539074,213861.695476001
264921.438014413,186068.66148335,145101.558972281,217599.774377554,209152.053028116,126704.670018602,213373.1550165,54689.2678463044,49328.3387680108,44805.3226275748,48263.7648140947,42284.7260302298,43916.4141292948,203941.674769376,172077.80388625,206739.378090433,55555.6826400828,45578.0473533186,39314.8723553374,198239.692764032,53302.9686779801,140622.101693738,230498.17485922,72038.2427428152,162221.503113371,190254.506565641,25955.9473875088,185628.249498236,197407.993018329,213861.695476001
49982.936032471,35665.8561319878,95.2066895701329,566.671868893587,10477.3340482159,157.688689161283,358.520933258222,468.152543922547,351.074529250255,49.8473864302098,360.638144339112,1055.00687868172,181.653318280754,31293.1412565259,14222.8377117264,16723.153642829,36.982200535129,293.942371784798,29.5947443108241,9118.17807945659,39.3739613728895,123.560365768444,580.313546809807,446.00269257384,8164.84575215221,23728.5048098375,24.9022430414926,8288.58994773308,652.022485860037,71517.615871349
22.9310292045248,18.0807958232767,0.156098797360414,0.613204606095564,6.73737711108947,0.174574496391529,0.313280034991237,0.0979670242172119,0.0784191148608784,0.0401295594180624,0.0846011698720872,0.159011501151667,0.0423785394049787,15.3817767509273,9.46571087873133,9.82892426577558,0.0346519187543777,0.0673069028043187,0.0161940487680567,6.36031553019728,0.0279717002309781,0.119185399331343,0.544506527637282,0.152223599195054,3.9901447930435,13.1343135662065,0.0147214260809392,5.29935719113888,0.560230174049593,46.7419319708223
0.0163437894651679,0.0213458890386846,0.00020761927504509,0.000733248442429613,0.00723108199912303,0.000218083242259581,0.000365149677236332,4.07891819236283e-05,1.78956006493536e-05,3.37043298372919e-05,1.92100671370099e-05,3.0844943125885e-05,2.18944166476831e-05,0.0179884322884618,0.00986221010020927,0.0129288575047326,2.64991320477748e-05,2.34863027230858e-05,1.48700046906924e-05,0.0084141094865231,2.08074396255142e-05,0.0001385736304087,0.0006272253982047,9.47265964441613e-05,0.00572041568068471,0.0144172803200036,2.14806200915518e-05,0.00734941193451277,0.000589145222534171,0.0517432150429613
2.50331808615556e-05,2.3766951358084e-05,3.27924112752953e-07,9.36200876822113e-07,1.04329464534203e-05,2.33245657454972e-07,5.93610934629396e-07,1.05761728264042e-08,7.8677544479433e-09,5.47223635294358e-08,9.25138010643423e-09,1.56452415467356e-08,3.70999941878836e-09,1.65258525726131e-05,1.51422492535858e-05,1.19745110964686e-05,3.02446778732701e-08,1.0621192814142e-08,9.73290070760413e-09,1.01081942602832e-05,1.89664319805161e-08,1.7590099332665e-07,5.62204036214098e-07,6.65467609906045e-08,8.90346626647442e-06,1.6157001425654e-05,1.61938373821613e-08,7.10770387968296e-06,7.38951825951517e-07,4.13698715533428e-05
3.32346985487675e-08,2.81489747067099e-08,1.04228092823178e-09,1.20758159027901e-09,1.37357005769445e-08,3.30942384607624e-10,5.78438630327582e-10,2.09581685339799e-10,3.62945229426259e-10,1.47178980114404e-09,3.7920244722045e-10,2.80181211564923e-10,3.55498741555493e-10,2.29354668590531e-08,1.73237140188576e-08,1.77763013198273e-08,3.80509845854249e-10,1.02994590633898e-09,2.16800799535122e-10,9.88717374639236e-09,2.86718204733916e-10,2.18506102100946e-10,1.04506625575596e-09,5.38818767381599e-10,9.13337316887919e-09,1.99936494027497e-08,8.54299742059084e-10,9.30680243982351e-09,1.0355734048062e-09,4.36025970884657e-08
7.47263584344182e-10,7.7807271736674e-10,1.04228092823178e-09,1.20758159027901e-09,3.35376171278767e-10,3.30942384607624e-10,5.78438630327582e-10,2.09581685339799e-10,3.62945229426259e-10,1.47178980114404e-09,3.7920244722045e-10,2.80181211564923e-10,3.55498741555493e-10,7.29244220565306e-10,3.22245341521921e-10,3.88013177143876e-10,3.80509845854249e-10,1.02994590633898e-09,2.16800799535122e-10,2.72393663180992e-10,2.86718204733916e-10,2.18506102100946e-10,1.04506625575596e-09,5.38818767381599e-10,2.02419414563337e-10,4.54008386441274e-10,8.54299742059084e-10,1.9912249626941e-10,1.0355734048062e-09,5.51949597138446e-10
7.47263584344182e-10,7.7807271736674e-10,1.04228092823178e-09,1.20758159027901e-09,3.35376171278767e-10,3.30942384607624e-10,5.78438630327582e-10,2.09581685339799e-10,3.62945229426259e-10,1.47178980114404e-09,3.7920244722045e-10,2.80181211564923e-10,3.55498741555493e-10,7.29244220565306e-10,3.22245341521921e-10,3.88013177143876e-10,3.80509845854249e-10,1.02994590633898e-09,2.16800799535122e-10,2.72393663180992e-10,2.86718204733916e-10,2.18506102100946e-10,1.04506625575596e-09,5.38818767381599e-10,2.02419414563337e-10,4.54008386441274e-10,8.54299742059084e-10,1.9912249626941e-10,1.0355734048062e-09,5.51949597138446e-10
7.47263584344182e-10,7.7807271736674e-10,1.04228092823178e-09,1.20758159027901e-09,3.35376171278767e-10,3.30942384607624e-10,5.78438630327582e-10,2.09581685339799e-10,3.62945229426259e-10,1.47178980114404e-09,3.7920244722045e-10,2.80181211564923e-10,3.55498741555493e-10,7.29244220565306e-10,3.22245341521921e-10,3.88013177143876e-10,3.80509845854249e-10,1.02994590633898e-09,2.16800799535122e-10,2.72393663180992e-10,2.86718204733916e-10,2.18506102100946e-10,1.04506625575596e-09,5.38818767381599e-10,2.02419414563337e-10,4.54008386441274e-10,8.54299742059084e-10,1.9912249626941e-10,1.0355734048062e-09,5.51949597138446e-10
