84075804228.6575,46063860546.293,104899385853.287,37661215466.9615,34581628726.4888,27976580418.025,128419613030.728,34981345375.2875,51176701338.9698,150454621339.701,64704262384.4862,128827880059.639,92236475555.9479,43030863405.8016,60006356039.9469,38080462897.8141,32083416535.4395,66182245759.7431,95030095990.7303,82958845223.8598,50297413118.1922,53990527657.7948,58254929594.2517,86000718729.9695,41966069205.7668,50849298137.1517,85706522866.7739,49097594922.3102,71292649427.0682,119426784084.439
84075804228.6575,46063860546.293,104899385853.287,37661215466.9615,34581628726.4888,27976580418.025,128419613030.728,34981345375.2875,51176701338.9698,150454621339.701,64704262384.4862,128827880059.639,92236475555.9479,43030863405.8016,60006356039.9469,38080462897.8141,32083416535.4395,66182245759.7431,95030095990.7303,82958845223.8598,50297413118.1922,53990527657.7948,58254929594.2517,86000718729.9695,41966069205.7668,50849298137.1517,85706522866.7739,49097594922.3102,71292649427.0682,119426784084.439
84075804228.6575,46063860546.293,104899385853.287,37661215466.9615,34581628726.4888,27976580418.025,128419613030.728,34981345375.2875,51176701338.9698,150454621339.701,64704262384.4862,128827880059.639,92236475555.9479,43030863405.8016,60006356039.9469,38080462897.8141,32083416535.4395,66182245759.7431,95030095990.7303,82958845223.8598,50297413118.1922,53990527657.7948,58254929594.2517,86000718729.9695,41966069205.7668,50849298137.1517,85706522866.7739,49097594922.3102,71292649427.0682,119426784084.439
84075804228.6575,46063860546.293,104899385853.287,37661215466.9615,34581628726.4888,27976580418.025,128419613030.728,34981345375.2875,51176701338.9698,150454621339.701,64704262384.4862,128827880059.639,92236475555.9479,43030863405.8016,60006356039.9469,38080462897.8141,32083416535.4395,66182245759.7431,95030095990.7303,82958845223.8598,50297413118.1922,53990527657.7948,58254929594.2517,86000718729.9695,41966069205.7668,50849298137.1517,85706522866.7739,49097594922.3102,71292649427.0682,119426784084.439
84075804228.6575,46063860546.293,104899385853.287,37661215466.9615,34581628726.4888,27976580418.025,128419613030.728,34981345375.2875,51176701338.9698,150454621339.701,64704262384.4862,128827880059.639,92236475555.9479,43030863405.8016,60006356039.9469,38080462897.8141,32083416535.4395,66182245759.7431,95030095990.7303,82958845223.8598,50297413118.1922,53990527657.7948,58254929594.2517,86000718729.9695,41966069205.7668,50849298137.1517,85706522866.7739,49097594922.3102,71292649427.0682,119426784084.439
84075804228.6575,46063860546.293,104899385853.287,37661215466.9615,34581628726.4888,27976580418.025,128419613030.728,34981345375.2875,51176701338.9698,150454621339.701,64704262384.4862,128827880059.639,92236475555.9479,43030863405.8016,60006356039.9469,38080462897.8141,32083416535.4395,66182245759.7431,95030095990.7303,82958845223.8598,50297413118.1922,53990527657.7948,58254929594.2517,86000718729.9695,41966069205.7668,50849298137.1517,85706522866.7739,49097594922.3102,71292649427.0682,119426784084.439
81286404658.5281,43415144608.3346,104899385853.287,37661215466.9615,33160913004.6592,25399990616.4724,124405491846.748,34589366105.4217,48761845882.8761,150454621339.701,64704262384.4862,128827880059.639,90692120578.5702,40072771545.138,55979157798.2197,34357634455.3976,31011952074.8569,62504561935.2448,91174957791.4937,82184263582.114,46623070721.2862,48239141298.2882,51054742357.5775,83485560513.5735,35518170442.6494,45869831742.6008,80013321873.7148,48504696724.6996,69361460058.4614,119426784084.439
72207515168.1349,35337860557.651,101916187077.664,37361448541.7438,28649418068.6082,22494489381.184,112733043604.83,31622380466.01,44399910279.1384,147109488928.071,56524466933.8851,127342797540.515,82197554850.4256,39013867437.4624,48515581451.7113,34357634455.3976,23282644663.2055,50271306215.1616,79672988368.8987,77123175697.8457,42718117055.9185,43875491551.263,50391906556.8896,76195181830.3164,28971826285.2814,36349580877.6565,68980972714.8373,46196747974.3854,67262610082.5196,102316557635.154
49164428312.4115,19345900637.4989,86702601886.0173,26864520296.7776,18338791568.8614,18566568137.4802,90743742396.1103,20090547653.936,34772995099.3491,99672572081.2747,37935701694.8418,106397414202.621,53694734500.0304,22956378403.4804,39314798364.4677,19161922103.9486,8952571988.15407,28143067639.2229,56325392626.9121,62200270116.9152,29503676245.4611,28101696128.8731,42122005666.1075,49793769615.0286,11163858987.9755,16251984634.2479,44231785915.7182,38219220079.7472,53470300949.9851,73154201748.6568
8294334357.87901,2338439989.28603,59808106630.4261,11992335800.7877,1815431937.36623,5236995941.14219,26603561233.7374,2740895002.88974,14646679422.0335,36957061138.5569,5964474685.64486,51385951691.0905,5440017755.00894,5596608253.41058,18394900088.6328,3417270665.67579,905643509.750842,1818548690.74689,18340691588.6848,24158851389.6681,7961943487.37897,2725853420.80932,16692982816.4829,11332834082.5469,1114558535.67438,822077055.586245,5705141797.21492,12057310003.4549,17226395133.8592,13138093637.2995
309559398.257502,175583058.250518,4718992660.31575,424515016.339286,293590640.032599,489797992.598464,682586253.249697,354459468.554946,1586798152.51641,617353725.48745,338957652.381273,2450149035.44933,239157355.2302,232852819.220882,920210358.634018,265091888.583099,221924666.355965,249335804.941689,651167865.408944,356400796.276894,430634198.562265,290747864.687799,547229422.893401,452470553.486818,256153568.222473,220052907.540595,493182190.312324,730246003.142,618709239.822923,255308832.504868
85097402.4765884,65160283.7180198,213368338.418808,166621399.690984,118655324.028553,157107652.911407,140139660.362341,149934372.274494,385910310.524119,181438431.636365,114756228.741844,292246857.577868,90016884.599991,117208368.817712,198880216.539088,107017177.404909,108529918.576539,92248875.7280529,223616474.537916,121536932.729566,128452555.482852,121372302.574225,141867811.083793,146176256.800658,121437137.462516,86451487.0094378,160321859.486594,250450237.044962,112479917.983286,85476659.7009791
28160259.3038905,29841910.2682274,76726200.1068866,65011411.0245761,28402754.4526999,59109445.6416366,44439679.7291912,54727930.625095,99991800.9785577,41006433.3622863,30302708.8538216,74647738.2736369,22242809.6985984,37391384.6275876,84374845.478986,45776249.1948346,30753591.2300448,43910736.6383416,55025423.1881287,32207323.1764833,37339980.0541427,32783445.2507207,44286061.5383764,55989058.7434405,36326336.0117808,28507460.3435444,36591121.9908704,62108061.9083225,33907661.6398224,39101254.6983403
10996525.5458889,8750433.17453291,13988129.0718315,11930148.8799998,12279941.2765457,21147075.6747932,11173781.6360777,14140692.3212791,18073728.0760816,16020118.7479219,8215003.23809745,45446230.9063697,7430902.20161944,12187064.5968333,17183362.911525,15044565.0084452,6195071.12557864,8715914.99429657,10776781.1205364,6129896.29060051,12102854.8206582,8836713.50496129,13153722.8110269,9302264.89947797,7266164.80318514,6725036.39141776,6090968.82824128,21413830.1887142,10575960.6762766,7237836.88059699
3265178.56501736,2168111.78418289,3419216.13020346,3130177.84580651,2341066.21710029,4859075.97472766,3126578.47840912,4023156.14562905,3750844.96765796,3310337.8563679,2660625.38235016,7475573.30045134,2403818.34631027,4415004.09995855,2385929.12963572,3237549.97500312,1993328.42608334,2284194.0853434,3533762.71753414,2168980.26432315,3777134.50707917,1805277.19549286,4831139.43017669,2090184.46025313,2231574.01238985,2301922.9134774,2531807.44611324,3927438.82828373,2941415.27570901,2626614.32914126
1455378.15975429,697689.532127778,1658844.04360996,1268325.08172639,981488.043167784,2499416.67900295,1393003.61678146,1063238.56036199,1363020.53962943,1229047.20058901,1333243.75598593,2458120.63772243,1035662.03510454,2281054.94918855,1365875.02199748,1380791.72535874,786075.793806385,1086663.33308896,1605942.70091547,1256021.97578869,1671502.95839148,870708.178228056,1435989.18684458,1144656.53023403,880011.768552508,883711.457188121,1376589.12012061,2068679.43461799,1213227.42337804,1188452.6530766
