223306578838.551,162634341783.905,114575680257.373,137926897793.495,188122846638.081,198936042553.151,159094241047.213,106108776873.33,136970603620.275,208256449239.293,140806017280.212,209384062583.429,92641134647.6228,246548630835.034,145589105195.364,103070257904.827,72694524250.2276,97262089584.7491,124704726186.717,68999193590.6428,114205810340.978,189291287555.085,182188392357.974,155500525946.422,215208564159.455,180251332484.62,91652451511.6084,232637831862.138,109568290116.699,158239443959.487
223306578838.551,162634341783.905,114575680257.373,137926897793.495,188122846638.081,198936042553.151,159094241047.213,106108776873.33,136970603620.275,208256449239.293,140806017280.212,209384062583.429,92641134647.6228,246548630835.034,145589105195.364,103070257904.827,72694524250.2276,97262089584.7491,124704726186.717,68999193590.6428,114205810340.978,189291287555.085,182188392357.974,155500525946.422,215208564159.455,180251332484.62,91652451511.6084,232637831862.138,109568290116.699,158239443959.487
223306578838.551,162634341783.905,114575680257.373,137926897793.495,188122846638.081,198936042553.151,159094241047.213,106108776873.33,136970603620.275,208256449239.293,140806017280.212,209384062583.429,92641134647.6228,246548630835.034,145589105195.364,103070257904.827,72694524250.2276,97262089584.7491,124704726186.717,68999193590.6428,114205810340.978,189291287555.085,182188392357.974,155500525946.422,215208564159.455,180251332484.62,91652451511.6084,232637831862.138,109568290116.699,158239443959.487
223306578838.551,162634341783.905,114575680257.373,137926897793.495,188122846638.081,198936042553.151,159094241047.213,106108776873.33,136970603620.275,208256449239.293,140806017280.212,209384062583.429,92641134647.6228,246548630835.034,145589105195.364,103070257904.827,72694524250.2276,97262089584.7491,124704726186.717,68999193590.6428,114205810340.978,189291287555.085,182188392357.974,155500525946.422,215208564159.455,180251332484.62,91652451511.6084,232637831862.138,109568290116.699,158239443959.487
223306578838.551,162634341783.905,114575680257.373,137926897793.495,188122846638.081,198936042553.151,159094241047.213,106108776873.33,136970603620.275,208256449239.293,140806017280.212,209384062583.429,92641134647.6228,246548630835.034,145589105195.364,103070257904.827,72694524250.2276,97262089584.7491,124704726186.717,68999193590.6428,114205810340.978,189291287555.085,182188392357.974,155500525946.422,215208564159.455,180251332484.62,91652451511.6084,232637831862.138,109568290116.699,158239443959.487
223306578838.551,162634341783.905,114575680257.373,137926897793.495,188122846638.081,198936042553.151,159094241047.213,106108776873.33,136970603620.275,208256449239.293,140806017280.212,209384062583.429,92641134647.6228,246548630835.034,145589105195.364,103070257904.827,72694524250.2276,97262089584.7491,124704726186.717,68999193590.6428,114205810340.978,189291287555.085,182188392357.974,155500525946.422,215208564159.455,180251332484.62,91652451511.6084,232637831862.138,109568290116.699,158239443959.487
223306578838.551,162634341783.905,114575680257.373,137926897793.495,188122846638.081,198936042553.151,159094241047.213,106108776873.33,136970603620.275,208256449239.293,140806017280.212,209384062583.429,92641134647.6228,246548630835.034,145589105195.364,103070257904.827,72694524250.2276,97262089584.7491,124704726186.717,68999193590.6428,114205810340.978,189291287555.085,182188392357.974,155500525946.422,215208564159.455,180251332484.62,91652451511.6084,232637831862.138,109568290116.699,158239443959.487
213597020418.184,151368916414.387,114575680257.373,134667263366.816,178351726634.741,198936042553.151,146389968047.243,101267942667.781,132237171579.294,207152865273.477,136454797865.699,196363372876.299,83040880592.8607,233727781420.058,145589105195.364,98279969310.1025,69569779283.8994,97262089584.7491,122897272385.95,65199799738.248,112077994666.555,183772641624.608,178970955987.053,155500525946.422,206928293824.827,175840335925.02,87560320450.5089,221181291868.891,101271298745.692,158239443959.487
202253198414.796,149138949533.513,109296608362.543,126269796008.319,178304632360.06,186263226950.82,144069894634.944,93302605990.2429,128407160398.661,195185299154.563,132735312385.28,193296368506.473,78421435199.6708,224482887052.104,138150189235.269,94514986503.9982,65146541149.4925,95798747851.0852,115068428431.342,59121253359.327,102497536540.223,169366362298.292,164875558703.24,154974094074.854,196578502255.003,161322352089.832,82761744323.698,215480513664.794,95915157481.9585,148278887289.005
146865381948.339,107773321345.695,70965425656.2208,89173379251.1429,123434842425.817,144964260604.986,100000137076.089,61312744239.2644,92774564378.2072,149976840625.146,90383409528.8087,145923882374.495,60733492614.4345,163832111733.839,95242329353.1042,62695235839.3661,44097258185.9259,68087707960.1484,76865208046.1567,34538153924.3603,70815637152.9458,117460328495.068,119647699305.933,97431573049.0197,158940733319.315,108422782041.01,58022003544.1028,159087203624.027,62356828918.8013,109173052863.625
27856227100.6587,23022375110.8718,7238911207.95911,15662717748.8666,26081423294.9303,36290476730.2031,19795346377.7557,8773903060.2059,17006186709.8647,36693130217.3292,11690297835.8086,32381295326.5382,9497429852.59068,29464217316.1311,20154864674.592,8429206394.54643,5319935565.57845,10990862549.1522,12206048055.4957,3008058312.8924,7729944503.97631,15148840723.8382,18161820761.4737,10302309375.544,46821822299.0214,16127385565.5383,10175565124.6324,35050319341.7175,6540299741.28047,26320472454.5291
268009303.732069,170148869.996448,144194865.445468,304424897.489837,519281958.381654,331482357.456551,340191709.457857,625349291.555196,361948991.932408,274570207.522022,579772531.016822,517102379.365051,368624163.432895,401105407.168785,335407982.221038,508842799.786765,264291509.465248,344265100.450886,347085544.815476,370007361.529711,274126111.346271,262081418.881886,174354799.598555,311790792.40561,555550834.832741,280490318.550998,324758305.634935,529229813.832691,298755412.89532,470875747.860407
51876489.6643406,26578903.1447884,30968742.7649393,65739552.5126756,33101676.5974695,38465516.3169243,28305165.5445436,90460141.7121686,71280094.0920035,23103122.0425241,114232135.769485,39424394.7592082,38897863.4805554,40976438.3578364,26271405.7044302,83975705.3298593,41037325.9989103,30753431.8821054,88569230.9687024,122456317.35164,47139076.9001039,21105952.4766777,26569543.0735653,61169109.3708926,70590297.035198,41025316.0742696,43268581.314302,84682285.3385028,87982411.8820608,51433094.8110532
3515501.16613922,1530525.62669422,6599743.5573913,7388287.67185896,3044300.25782906,2632341.15190667,4475760.12798452,7425206.85095891,7337819.17270424,3028594.93506829,8840044.790378,4773648.79662566,4227908.72752251,3453424.51531532,2438673.1299642,8419851.69542567,4761567.68848714,4368659.000906,5562446.15073614,8230989.28955548,2397337.86927349,4005832.72230115,3651847.19613459,1788795.19565989,4450933.52339059,3458939.97360453,5126193.38043636,4127906.53108123,7599491.20777371,6890037.49079449
183205.078997063,93815.5764158839,193861.143827824,278612.953012666,121623.179979514,154835.653091056,121901.559374276,203611.233312394,207056.637891841,115277.98136532,289248.275885163,228692.660206077,186010.344454909,120259.027477354,75636.8767884796,281034.117525756,117102.265110879,249807.652213806,290806.360431233,438482.283039539,67355.9767317595,258215.625092159,137933.77648045,74143.4578472711,220316.596226342,222491.557728279,193559.565929615,132531.690239835,330809.856049789,158057.860892436
5421.81679160513,7324.90859326372,5564.69052746521,7789.38495816212,5572.61466314304,5008.06286132652,5471.25398626406,6159.55767792155,5594.63891048059,4460.06738024432,5405.05577342679,5194.47434639554,5057.51325525122,4068.04617141052,5611.67374928572,4593.83267902914,6588.09802710042,6607.92381928331,5911.37929114131,4929.90039905319,5658.206991566,4876.90661082222,6577.5389905931,6832.32459246289,5954.97135858618,7230.17207053381,5541.01703371114,4808.86548565126,5606.44960832758,7145.98802118139
