3929.76749723877,3618.12071898835,3323.71902011381,3889.61031748975,3583.3281454459,3517.08562616113,3920.92235703395,3276.98845908687,3528.26737668036,4151.37812516853,2894.27183014757,4039.21955352168,3498.10896477909,3125.34251023908,2159.77172457821,4608.69734335162,3090.18221988985,4892.78257534155,3126.55444806113,3414.97781839688,2665.39750649115,3314.34641125766,3937.72982882788,3419.57502760368,4728.10611133533,2980.01421196292,3410.61498070144,3226.95152850652,2117.84582608382,2707.40779889924
3929.76749723877,3618.12071898835,3323.71902011381,3889.61031748975,3583.3281454459,3517.08562616113,3920.92235703395,3276.98845908687,3528.26737668036,4151.37812516853,2894.27183014757,4039.21955352168,3498.10896477909,2498.25622661083,2159.77172457821,4608.69734335162,3090.18221988985,4892.78257534155,3126.55444806113,3414.97781839688,2665.39750649115,3314.34641125766,3937.72982882788,3419.57502760368,4728.10611133533,2980.01421196292,3410.61498070144,3226.95152850652,2117.84582608382,2707.40779889924
3498.23433814629,2677.58891520657,2288.31685576241,2120.99085079418,2843.27745383482,3034.14861783777,3376.74661402797,2889.81324690132,2205.48685111678,2552.32826285922,2317.1777993812,3404.06157489781,2668.00580887553,2498.25622661083,2159.77172457821,2954.77037783266,2248.73741655209,3270.58481336712,2458.47871276672,2890.11098795704,2245.07403699001,2570.23430903135,3078.47135192729,2588.17230562505,2973.24264826532,2875.8049639464,2920.90693223263,2265.03837825498,2117.84582608382,1912.39111322513
3498.23433814629,2677.58891520657,2288.31685576241,2120.99085079418,2802.36953702851,2585.11537149124,3376.74661402797,2539.93267265566,2205.48685111678,2552.32826285922,2317.1777993812,3404.06157489781,2668.00580887553,2370.83980228688,2159.77172457821,2954.77037783266,2248.73741655209,2714.479419629,2458.47871276672,2890.11098795704,2245.07403699001,2570.23430903135,3078.47135192729,2588.17230562505,2973.24264826532,2875.8049639464,2920.90693223263,2265.03837825498,2117.84582608382,1912.39111322513
3280.65097188148,2489.99334543578,2288.31685576241,2120.99085079418,2602.02782508002,2585.11537149124,3320.90186070489,2157.94965082124,2205.48685111678,2392.56462748921,2195.30856646144,3358.2285186714,2668.00580887553,2370.83980228688,1998.67185577104,2954.77037783266,2248.73741655209,2714.479419629,2458.47871276672,2702.61917641253,2245.07403699001,2364.56565586074,2818.95898974427,2588.17230562505,2484.89605595209,2794.63111573128,2859.39636206296,2044.65086766968,2117.84582608382,1912.39111322513
2755.13218161734,2436.48827192121,2133.53556554409,2120.99085079418,2520.38104408116,2585.11537149124,2677.18665334447,2157.94965082124,2205.48685111678,2236.76656586462,2195.30856646144,2471.95115974277,2594.45081848879,1670.25230480677,1998.67185577104,2438.42516700577,2248.73741655209,2138.17242110139,2029.47557497215,2592.01559557657,2245.07403699001,2053.5432980481,2696.21409100762,2588.17230562505,2277.40421680277,2606.67688913687,2859.39636206296,1871.51854185046,2056.8036140789,1770.00380749864
2370.86322345805,2436.48827192121,1431.13014673894,2120.99085079418,1815.03030954988,1703.88245294484,2214.62887080333,1903.40845384105,2205.48685111678,1925.78367893527,2195.30856646144,2398.64458883642,1795.91375288397,1327.81294984214,1834.09069815152,2089.02736174056,2124.82177278469,1980.74032458745,1774.42379763315,2064.01182653955,2245.07403699001,2053.5432980481,2196.31678043195,2317.61567679183,1997.2830576408,2316.25081879356,2859.39636206296,1871.51854185046,1922.39105165833,1770.00380749864
1317.4363615088,2348.59198791211,1252.24604072367,1893.35404895095,942.594861090045,1623.34121448346,1495.20515353232,1296.30358258696,1380.60218161699,1381.87376480025,881.352332221205,1302.42469868229,1327.79244497833,480.631123357512,1652.98361444116,1156.05835927753,1601.99922980309,1757.08293378586,1774.42379763315,1691.42876670064,2150.78152483682,982.141674342168,1704.19172755437,2317.61567679183,1072.490467323,2064.35656602241,2685.02062547895,1871.51854185046,1615.5729262369,1770.00380749864
629.71864001124,1711.96765366151,902.037195364035,918.807528030588,544.076074390323,758.314056359631,1246.73236168293,788.761050529312,1118.20778760914,661.218622353801,482.328785472659,455.037195086516,523.13148615369,480.631123357512,1524.33832397338,485.55802872528,1074.91418692506,558.462229604273,682.41115030947,295.029210540739,1574.86530167784,480.129437430966,620.578832111274,860.800960978987,808.437309125319,1692.96689727443,1365.95829504755,1481.03742911461,1615.5729262369,1167.02485968146
362.289332939899,364.028352038607,101.124171522385,413.952476425361,260.788644206144,685.29493080145,488.961589177819,421.793377062028,358.785537687671,524.513143013901,341.218725577101,455.037195086516,523.13148615369,480.631123357512,1478.22397152011,485.55802872528,622.270825878959,308.316986830514,521.550315866726,295.029210540739,401.655439009206,424.286671869716,493.382812088406,345.049058498982,398.320754155964,618.60895605304,574.674785040512,449.566884109809,530.862606924399,449.543923254891
362.289332939899,139.592955505321,11.459469126397,238.519710151527,260.788644206144,346.192244945125,341.716718026382,346.425759273933,313.558219054236,318.779967229691,242.301272552297,455.037195086516,523.13148615369,407.853463171998,1477.5578077523,229.357681628193,509.927468565999,304.778393859827,42.82237787177,295.029210540739,401.655439009206,57.5759360940703,334.171551280521,345.049058498982,398.320754155964,177.789417017953,365.631275069993,241.867623588066,82.2416153238482,287.385711665076
239.415648207204,0.165549891646816,0.0120321092086999,0.473912197817187,244.544743839609,346.192244945125,7.01585945827333,43.8356776232501,29.5390763291859,318.779967229691,242.301272552297,0.204094532376978,284.26220288788,217.567441041393,1477.55665018084,34.8340448245908,345.129380739714,304.778393859827,40.5388211402557,38.2568897017795,276.982571175892,0.00506028446215527,26.1263647165172,173.029419853612,398.320754155964,0.0756410803921646,42.161094340244,241.867623588066,0.233686141719506,148.946161940924
0.000111071118496767,1.2893306348499e-08,5.00486171025236e-10,1.93911894837933e-07,244.544743839609,231.242524731317,5.29418076417156e-07,43.1878916475019,27.1635834350582,40.2868327640525,242.301272552297,1.86698385640249e-08,1.0300281662099,217.567441041393,1477.55665013314,34.1827939179159,4.43869741134904,169.387472013934,40.4733861779002,34.549079894051,41.1320440992999,5.87859908899684e-10,5.27566086332968e-05,34.5491098208219,37.67848272353,4.36239067092016e-09,41.3242384852209,0.00109198772079815,7.62239854938745e-08,0.0774370103644226
1.69619873702231e-12,2.25700939419463e-12,1.93926356454691e-12,5.02368517156052e-12,4.11683921767603e-08,1.33860063774215e-09,1.90018371408011e-12,43.1878915064861,27.1635833968112,36.7594478308387,0.045997608621017,2.97288120047294e-12,4.24919358958202e-12,159.642220265671,1477.55665013314,34.1827939007491,5.22759613375001e-12,0.00028120983303032,40.473360794089,34.5490736465094,40.2331195836784,1.58154970601269e-12,1.75067368009726e-12,34.5490736465097,34.5490736465256,1.12176934408126e-12,41.3242379921565,3.53783669027052e-12,3.9137582064086e-12,2.80205488441728e-12
1.10282153779432e-12,2.25700939419463e-12,1.93926356454691e-12,9.16008010184062e-13,1.87353836148911e-12,3.72094947446537e-12,1.90018371408011e-12,43.1878915064861,27.1635833968108,36.7594478308374,1.92742118561758e-12,7.86481990644461e-13,1.81203200592487e-12,36.7594478308374,1477.55665013314,34.1827939007491,1.91158200379959e-12,1.77398836361438e-12,40.473360794089,34.5490736465088,40.2331195836783,7.73529388690501e-13,1.28667447067225e-12,34.5490736465094,34.5490736465098,9.92613398883198e-13,41.3242379921565,1.24744659046883e-12,8.47470242130536e-13,2.80205488441728e-12
6.32975153772956e-13,5.39124300757976e-13,1.06240941969797e-12,7.06249873398216e-13,5.85753667792233e-13,1.07291953099775e-12,1.10422782029218e-12,42.4227374167402,27.1635833968105,36.759447830837,6.13065154198011e-13,7.86481990644461e-13,6.48592290986016e-13,36.759447830837,1477.55665013314,34.1827939007485,6.16099763798654e-13,9.58048455383202e-13,40.4733607940886,34.549073646508,40.2331195836779,6.2564768181043e-13,9.0046488783931e-13,34.5490736465087,34.5490736465082,7.03955412480658e-13,41.3242379921564,7.06397903134833e-13,8.2896652505345e-13,9.29330686479564e-13
