75.8502043178141,88.0705898725673,83.6163215619827,78.4761427730887,77.4566332378931,80.4443507490205,82.2298195659714,92.26723902188,75.9394982181757,77.6172608932225,76.2290454273752,85.7855237137569,81.201840532317,85.2478575728373,79.8630417757427,76.7030004424696,76.3345079952096,91.6106993797498,79.3376216179608,74.1703258027833,76.4206582304887,75.9799458944999,81.9830576505819,76.3327797604788,75.5915191442778,78.3010982770143,92.6890837066517,86.8066349456835,77.9479302972277,77.5531623912862
74.7399664274476,74.6267999241086,78.6575986209577,75.4836775582653,75.3628323272578,75.0953703976111,76.5838643554039,90.2494074593897,74.6739438929626,75.1455693704002,74.8264033571659,73.6949584710583,77.8741765287527,82.9205929387776,75.9429378350164,74.9221251303079,74.3302282289528,77.2994515009673,75.918905879385,53.6381809635036,75.4323137341171,74.5431671795204,75.1287750190754,75.0882708117415,73.7213318334275,75.6556264204032,82.6016249862814,78.9541002688061,75.6785875713877,74.0527857379752
74.196208157683,74.2820688700017,78.2667200567789,74.0554958268335,74.7392808713325,74.5019753531824,74.834050440284,88.7795274369287,74.6739438929626,74.7862569464746,74.6668664026652,62.3390621760168,76.9512130925914,82.9205929387776,74.6884072920384,73.7624199727156,74.2725890424981,76.8712747286268,75.1533281601651,53.6381809635036,73.3592477030261,73.7946876052683,74.267911266234,73.9129779947989,72.9674731064015,74.2881675049625,81.781103733098,76.9521191289045,75.3430337027926,73.5436609445605
73.2296726801005,73.3261775594979,77.2538047251228,74.0554958268335,74.2840657197303,73.3166571167653,73.5290309711781,87.7263027281542,74.3439053435118,72.9543897139047,73.8099794946661,53.4354534633785,75.8525488399305,82.6116005493741,72.7954352100683,73.2458273723632,73.148521786979,75.0430025536552,72.8063680428336,53.1628449552522,73.2937778213109,73.0221958340535,73.5986573046016,73.4159860469817,72.9674731064015,72.7427776723753,81.625846738857,74.8942443984902,74.1022425413644,73.1077005515572
72.883335717765,72.0640117021658,75.7847081662121,73.6456225671768,73.9067533439215,71.0529189743884,72.8963773207802,74.4605327470504,73.0608385226305,72.6903876924471,72.7145974315167,53.1994272873085,74.8746807037292,78.8770938625444,72.7800382134201,72.9743851602539,73.0620090918092,73.5429204618899,72.4286674727878,53.1628449552522,73.1452333171078,72.8572316019408,73.5986573046016,73.031942965597,72.920116397735,71.9319585750736,78.4780247655781,73.7908604403028,72.932244352236,72.709186375364
72.489017075166,72.0640117021658,73.1888985896094,73.2848352276669,73.1189633841127,71.05260330291,70.932167680749,72.576014983284,72.6780772305392,72.6903876924471,72.6381591085269,51.4258907545291,74.8746807037292,78.2131064760752,72.703628516249,72.7770019442905,72.8285748249964,72.4086285419444,72.4286674727878,53.1417902440007,72.4673435803529,72.6562064266122,73.5831987748734,72.7731550409667,72.5610699272447,71.9319585750736,77.9676243542585,72.0518149510494,72.4363367403203,72.3955175160622
72.489017075166,72.0640117021658,72.548512843452,73.2848352276669,72.8758428146061,71.05260330291,70.932167680749,72.1386987998621,72.5732159047698,72.3444190661476,72.6381591085269,51.4258907545291,74.8746807037292,78.2131064760752,72.6265248586546,72.7770019442905,72.8285748249964,71.5921447824962,71.0598297160091,51.4766671960169,72.4673435803529,72.6547628533317,72.6479887382075,72.5575673761491,72.1132146026625,71.9319585750736,77.4644508486413,72.0518149510494,72.1282132139258,72.3955175160622
72.489017075166,72.0640117021658,72.548512843452,73.2848352276669,72.7498323694508,71.05260330291,70.932167680749,72.1386987998621,72.5732159047698,72.3118359909731,72.1750102838155,51.4258907545291,74.8746807037292,78.2131064760752,71.2261750553898,72.6725402666452,72.5428871608833,71.5921447824962,71.0591661852131,51.4766208006827,72.4673435803529,72.6547628533317,72.0096408036798,72.5575673761491,72.1132146026625,71.9319585750736,73.1404403677507,72.0518149510494,72.1282132139258,72.3323174932125
72.489017075166,72.0640117021658,72.5409384006371,72.1282693992671,72.7498323694508,71.05260330291,70.932167680749,72.1386987998621,72.5732159047698,72.3118359909731,72.1750102838155,51.4258907545291,74.1626420706889,78.2131064760752,71.2215328883681,72.5416084552849,72.4189162285979,71.5921447824962,71.0591661852131,51.4766208006827,72.4673435803529,72.6198230464302,72.0096408036798,72.4508628140156,72.1132146026625,71.9319585750736,72.3730517116064,72.0518149510494,72.1282132139258,72.2871741587369
72.489017075166,72.0640117021658,72.5409384006371,72.1282693992671,72.7498323694508,71.05260330291,70.932167680749,72.1386987998621,72.5732159047698,72.3118359909731,72.1750102838155,51.4258907545291,72.6993991488584,78.2131064760752,71.2215328883681,72.5414301160595,72.4189162285979,71.5921447824962,71.0591661852131,51.4766208006827,72.4673435803529,72.5892659030164,72.0096408036798,72.4508628140156,72.1132146026625,71.9319585750736,72.3730517116064,71.2537960869977,72.1282132139258,72.2871741587369
72.2582352413101,72.0640117021658,72.5409384006371,72.1282693992671,72.3046313118211,71.05260330291,70.9165639000034,72.0338503756693,72.3843127982914,72.1230067222109,72.1750102838155,51.4258907545291,72.4340190727039,72.4935977913196,71.2215328883681,72.2647961752364,72.1731077867266,71.5921447824962,71.0591661852131,51.4766208006827,72.4673435803529,72.5581463722929,72.0096408036798,72.4508628140156,72.1132146026625,71.9319585750736,72.3671106412953,71.0533653653038,72.1282132139258,72.2871741587369
72.2582352413101,72.0640117021658,72.4486729546502,72.1282693992671,71.6838475104864,53.3014783040448,70.9165639000034,51.301019324088,72.3843127982914,72.1230067222109,72.0322586076577,51.4258907545291,72.4340190727039,72.4935977913196,71.2215328883681,72.2647961752364,72.1731077867266,71.5921447824962,71.0591661852131,51.4766208006827,72.4673435803529,72.0446894891847,72.0096408036798,72.4508628140156,72.1132146026625,71.9319585750736,72.1440584538559,71.0533653653038,72.1282132139258,72.2871741587369
72.117028623436,72.0640117021658,72.3284912423437,72.1282693992671,71.6838475104864,51.3551720844957,70.9165639000034,51.3010193185751,70.903140749419,72.1230067222109,70.9380125965072,51.4258907545291,71.5937258877098,72.4925683690108,71.2215328883681,72.2647961752364,72.1731077867266,71.5921447824962,71.0591661852131,51.4766208006827,71.0678740210069,72.0446894891847,72.0096408036798,71.9831611821755,72.1132146026625,71.9319585750736,72.1440584538559,71.0533653653038,72.1282132139258,71.8291562931599
72.117028623436,72.0640117021658,72.3284912423437,72.1282693992671,71.6838475104864,51.3551720844957,70.9165639000034,51.3010193185751,70.903140749419,51.4186359518721,70.9380125965072,51.4258907545291,71.5937258877098,71.158763373192,71.2215328883681,72.0461815936665,70.8804789734427,71.5921447824962,71.0591661852131,51.4766208006827,71.0678740210069,70.9772920971313,72.0096408036798,70.9445078223407,72.1132146026625,51.250508243369,72.0886269885818,71.0533653653038,71.796223024211,71.8291562931599
