824.869294379576,703.636378167938,910.426637954759,760.255708348965,630.317854621106,804.116846104085,760.551548745629,565.191497629333,765.869825068135,722.427675207707,965.46621428403,1056.95002374838,756.838680083813,480.727424395113,955.013152757495,540.149593738272,560.47670150163,1123.95484736298,789.56937960602,743.824723319458,587.287756669438,458.329212356964,1147.00146057944,601.361166406725,595.787878764274,888.307357925914,468.322729418506,622.509497082619,600.241495286046,1233.07900153291
444.035855265557,295.63801435658,402.112573875225,372.871310249219,308.536977574793,729.107130748165,432.537156064176,310.708362673804,393.24654704253,340.930982637974,842.338097183153,492.089777813566,684.503771220735,300.059431256025,54.051329554308,58.2072449680923,560.47670150163,527.770231921781,50.8033480440022,566.819390914553,297.034038588263,436.265215504117,465.769755980561,349.031689575602,308.353250596676,888.307357925914,340.559704619319,232.50446252815,472.415531727893,251.046040730141
444.035855265557,279.575019780681,283.389892180564,372.871310249219,308.536977574793,572.613013825588,282.278987899442,25.705601180817,51.9542116539576,340.930982637974,304.621054307129,316.671539679689,360.826379239843,300.059431256025,41.7097980290059,43.6586133316807,343.392828522343,240.714886037299,36.3540336016772,566.819390914553,297.034038588263,405.126512291532,455.776516960582,168.030507511696,308.353250596676,465.682738013872,65.6517595438702,232.50446252815,331.289852792077,34.2579650019723
444.035855265557,279.575019780681,283.389892180564,220.726385958637,273.494838757457,572.613013825588,254.204064995148,14.8360218390944,20.5789268106014,340.930982637974,304.621054307129,316.671539679689,351.411199871178,300.059431256025,12.2317433180228,12.6923949313032,262.233435581911,240.714886037299,10.8660748553502,446.524209842473,222.333033523929,153.199736347497,455.776516960582,55.9819334482679,167.964670462304,409.705398227112,21.4833683004415,39.8799068640674,331.289852792077,10.2737229916486
173.955534393481,3.72969947493311,23.4854729965057,12.9791529565769,273.494838757457,18.7642136835491,228.547884515875,6.05759955654594,2.38151242014055,45.4949940878214,230.345164090093,189.176846321933,87.252681044811,18.9872542463595,6.55312445007121,6.85419177106223,226.183287869145,117.28170471826,4.13961104906184,141.809065975114,43.551382505867,93.327224576625,454.702054603745,4.34984938283401,167.964670462304,61.510861119868,5.31995471996174,5.19491554271167,19.6102969214,7.21314289603743
7.95171874923267,3.50334058686826,5.77187561051255,4.87030482238015,6.91764083992393,6.10062579612031,74.1147450228505,6.0565493860538,2.38024384021992,5.53604022851414,9.03833959272697,118.229423347946,5.37032888481167,6.43308814623606,6.55312445007121,3.99179886872207,21.3386687015998,6.63264379707925,4.13961104906184,4.86330855686924,5.51243652146104,3.70107020383466,224.782604437027,3.54963435604418,5.63940954106465,5.25521335112558,5.31995471996174,5.19477792730936,4.76839360663371,6.06195997254099
6.25209115329335,3.50334058686826,5.77187561051255,4.47229691120674,6.91764083992393,5.76182486664175,5.27302232533793,3.32927379820535,2.38024384021992,5.53604022851414,1.90822654220642,7.02114747356836,4.77374226985148,4.86478280576694,5.59923106437304,3.99179886872207,3.0522173121592,4.39095038046344,4.13961104906184,3.63239426770951,5.51243652146104,2.44237648574676,223.193469606163,3.54963435604418,2.13334780316382,5.25521335112558,1.79724542219992,5.19477792730936,4.29699984601348,6.06195997254099
2.83777174101624,3.50334058686826,5.77187561051255,4.47229691120674,4.73680920838751,5.76182486664175,5.27302232533793,3.32927379820535,2.38024384021992,3.64493472737058,1.90822654220642,7.02114747356836,4.77374226985148,4.86478280576694,5.59923106437304,3.99179886872207,3.0522173121592,4.39093028239631,4.13961104906184,3.63239426770951,5.51243652146104,2.44237648574676,212.282496551941,3.54963435604418,2.13334780316382,5.25521335112558,1.28362423830117,5.19477792730936,4.29699984601348,6.06195997254099
2.83777174101624,3.50334058686826,3.22714218870328,4.47229691120674,4.73680920838751,4.21982154514421,5.27302232533793,3.32927379820535,2.38024384021992,3.64493472737058,1.90822654220642,7.02114747356836,4.77374226985148,4.86478280576694,4.25792674299646,3.99179886872207,3.0522173121592,4.14473679668822,4.13961104906184,3.63239426770951,5.51243652146104,2.44237648574676,6.32539535111118,3.54963435604418,2.13334780316382,5.25521335112558,1.28362423830117,4.8834634830223,4.29699984601348,6.06195997254099
2.83777174101624,3.50334058686826,1.12730303327726,4.47229691120674,4.73680920838751,4.21982154514421,5.27302232533793,3.25405898952658,2.38024384021992,3.64493472737058,1.90822654220642,7.02114747356836,4.77374226985148,4.86478280576694,4.25792674299646,3.99179886872207,3.0522173121592,4.14473679668822,4.13961104906184,3.63239426770951,5.32994954328865,1.34938208904441,6.32539535111118,3.54963435604418,2.13334780316382,2.08559813501597,1.28362423830117,1.45608482659622,4.29699984601348,6.06195997254099
2.83777174101624,3.50334058686826,1.12730303327726,4.47229691120674,2.31080016112401,4.21982154514421,5.27302232533793,3.25405898952658,2.38024384021992,3.64493472737058,1.90822654220642,5.21736529079158,4.77374226985148,4.86478280576694,4.25792674299646,3.99179886872207,3.0522173121592,4.14473679668822,4.13961104906184,3.63239426770951,5.32994954328865,1.34938208904441,6.32539535111118,3.54963435604418,2.13334780316382,0.717320544904851,1.28362423830117,1.45608482659622,1.87381720875578,6.06195997254099
1.57117034980524,3.50334058686826,1.12730303327726,4.47229691120674,2.31080016112401,4.21982154514421,5.27302232533793,3.25405898952658,0.998194806409629,3.64493472737058,1.90822654220642,5.21736529079158,4.77374226985148,4.80489936388653,4.25792674299646,3.99179886872207,3.0522173121592,4.14473679668822,4.13961104906184,3.63239426770951,5.32994954328865,1.34938208904441,6.32539535111118,3.54963435604418,2.13334780316382,0.717320544904851,1.28362423830117,1.45608482659622,1.82405647551946,6.06195997254099
1.57117034980524,3.50334058686826,1.12730303327726,4.47229691120674,2.31080016112401,4.21982154514421,5.27302232533793,3.25405898952658,0.912790570353764,3.64493472737058,1.90822654220642,5.21736529079158,0.98257592825189,4.80489936388653,4.25792674299646,3.99179886872207,3.0522173121592,4.14473679668822,4.13961104906184,3.63239426770951,5.32994954328865,1.34938208904441,6.32539535111118,3.54963435604418,2.13334780316382,0.717320544904851,1.28362423830117,1.45608482659622,1.82405647551946,6.06195997254099
1.57117034980524,3.50334058686826,1.12730303327726,4.47229691120674,2.31080016112401,4.21982154514421,5.27302232533793,3.25405898952658,0.912790570353764,3.64493472737058,1.90822654220642,5.21736529079158,0.98257592825189,4.80489936388653,4.25792674299646,3.99179886872207,3.0522173121592,4.14473679668822,4.13961104906184,3.63239426770951,5.32994954328865,1.34938208904441,6.32539535111118,3.54963435604418,2.13334780316382,0.717320544904851,1.28362423830117,1.45608482659622,1.68768915408373,6.06195997254099
