5417.99243595745,5794.14027817713,4651.60013765302,4826.43985108526,4992.44626684888,5041.52420675684,4311.82295907369,5187.48146728047,5308.22491746637,4495.63089875816,5310.10552982749,5159.0162937282,3587.76273680717,5392.04844941736,4022.34503481421,5879.50168195682,5165.29774343266,4842.79330348491,3832.03403071813,4768.7276008742,5446.11793385586,5020.26230473392,5439.46199027261,5193.65026134892,4588.11525578102,5601.48648582047,3670.44644850964,5675.32359124094,5215.51547850119,4647.10675680528
2371.38890760061,3794.2673688021,2221.46878332792,3315.66074720672,3474.24399327417,2994.62959908693,2360.93243733678,2678.70817386991,2133.50097801628,3523.04850493681,1701.6250135669,2064.20033922382,2076.02332870902,3642.37767714422,2443.75664976066,3040.0046498023,3855.02257392003,2273.66622136091,1820.9289314189,1971.54658932531,3266.85925057902,3440.06468520961,3284.67652705846,3263.99786895431,2787.93747369956,2063.93562717872,2075.78973387453,4439.51849086417,2352.6698629474,2163.39627172511
1194.89584370032,3565.37664176197,1311.62134276386,1906.85627039553,1519.02831381729,1305.61992783276,1061.1840288777,872.413742995874,1106.56949695366,1381.21899942893,1005.60747068129,1417.19065750747,946.53036004825,1920.17518986501,1535.63064985645,1240.73559366031,1317.55334187011,1363.61927691069,1535.92731208709,1262.01377518153,969.066737139457,1511.25106738685,1593.05033156308,829.33053935891,1583.4908981129,1502.07097856315,1444.4667251947,1902.77493518668,1786.29649641717,1238.43967190304
540.881602894789,1105.19259786565,967.055612482497,421.135419760309,361.797766977062,344.995876397876,131.838366006195,330.112094586618,113.862595184618,184.623494743618,236.285196426847,366.799520182683,169.929067318741,1010.7162181621,318.722416137045,765.369300928618,264.767673334072,1022.16695307464,247.785413467593,223.925045745014,969.066737139457,902.024516854102,656.059507189885,98.0091656679106,243.003363604557,1086.64046874234,572.354295599442,1078.57353305832,366.143524498947,834.037379876929
258.186489678037,181.255473338631,180.243159389391,96.5539355672613,75.3449109933381,155.351420171502,96.981759263781,284.09865774902,65.0092757536063,80.0361600002989,201.790369232602,139.634621920897,141.110289379915,92.970180843065,197.267528086281,86.4331758037069,79.6273582885451,107.155787129001,73.0982777260674,176.741791042925,70.0415196669701,87.2922676637068,85.936847655882,85.6867768179336,63.6154181302504,100.84659306029,56.5564726144103,182.976843565035,196.878679092513,96.458679873615
258.160895916791,181.127955445985,180.198210688307,96.5331346183111,75.329069451057,155.348811404967,96.9799282560884,284.097760117004,65.0082019322422,80.0316083215289,201.789320768154,139.623325774067,141.110089627196,92.7793164354021,197.263008241695,86.4040068442714,79.604356956349,105.86880407766,73.0887960206828,176.740774720009,69.9986772863695,87.2601435658421,85.9162233687262,85.6865829801764,63.6133285782767,94.5827639367008,56.516941424301,182.16714097254,196.872832952924,93.6278513169946
175.335530685193,57.8199371033215,43.2432611943145,73.8787840891905,39.4923697699915,74.9394044923615,72.9311982655477,284.097760117004,2.45301430368272e-05,80.0316083215275,28.7935621471825,99.9253143632586,0.000108935751541139,82.2392194201607,0.000281580204955389,86.4040068442691,0.00362320581461972,46.4337453665057,48.1244972043696,36.4692895770154,20.2831615597133,87.2601435658398,85.916223368708,44.6662092899332,63.6133285782767,11.4143794871388,56.5169414242955,150.508094437334,71.5129393134575,11.3274609820596
175.335346397294,57.8123204317449,43.2240067018979,73.8435902398742,39.4922746356174,74.9394001021274,72.9311807243171,284.097760117004,4.54747350886464e-12,80.0316083215275,28.7935134410404,99.9224801030355,2.72848410531878e-12,81.8166912055513,4.54747350886464e-13,86.4040068442691,9.09494701772928e-13,46.1898136380128,48.1237157938558,36.4690220642428,20.2831439319025,87.2601435658398,85.916223368708,44.6661600211191,63.6133285782767,8.8220986071974e-11,48.1237157938649,150.48720798548,71.5129366816436,1.16415321826935e-10
69.3770029075554,57.8123204317449,2.68255462287925e-09,43.2240067744856,39.4922746356174,4.63842297904193e-11,72.9311807243171,93.021588268577,4.54747350886464e-12,48.123715793879,1.19728611025494e-07,35.4847162430387,2.72848410531878e-12,20.2831441147182,4.54747350886464e-13,36.4690220643301,9.09494701772928e-13,9.66878360486589e-07,35.4846308812644,4.01460056309588e-08,20.2831439319025,3.09682945953682e-10,2.00925569515675e-08,44.6661600211191,63.6133285782767,2.72848410531878e-12,48.1237157938558,7.46240402804688e-10,71.5129366816436,1.36424205265939e-12
59.1697223958545,0.000293934894216363,9.09494701772928e-13,6.96183869877132e-05,33.7735225053666,1.81898940354586e-12,2.35852030527894e-06,33.4166811588088,1.81898940354586e-12,4.28274006480933e-06,4.54747350886464e-13,2.30722165828865,2.72848410531878e-12,20.2831439319029,4.54747350886464e-13,0.0128869183599818,4.54747350886464e-13,4.54747350886464e-13,35.4846308775809,1.36424205265939e-12,20.2831439319025,1.36424205265939e-12,9.09494701772928e-13,0.0337948842156948,36.4690229386501,2.72848410531878e-12,48.1237157938558,9.09494701772928e-13,0.000277311568424921,1.36424205265939e-12
33.4166865142329,4.54747350886464e-13,9.09494701772928e-13,1.36424205265939e-12,28.7935197323673,1.81898940354586e-12,1.36424205265939e-12,1.26635386667931,9.09494701772928e-13,1.81898940354586e-12,4.54747350886464e-13,9.09494701772928e-13,2.72848410531878e-12,20.2831439319029,4.54747350886464e-13,4.54747350886464e-13,4.54747350886464e-13,4.54747350886464e-13,35.4846308775809,1.36424205265939e-12,0.00596438113325348,1.36424205265939e-12,4.54747350886464e-13,2.27373675443232e-12,4.57895578865646,4.54747350886464e-13,46.1934000270162,9.09494701772928e-13,1.36424205265939e-12,4.54747350886464e-13
0.000130983353756164,4.54747350886464e-13,9.09494701772928e-13,0,0.000392856804410258,4.54747350886464e-13,4.54747350886464e-13,1.36424205265939e-12,0,9.09494701772928e-13,4.54747350886464e-13,0,1.36424205265939e-12,0.000588214072195115,4.54747350886464e-13,4.54747350886464e-13,0,4.54747350886464e-13,0.0458624274115209,1.36424205265939e-12,4.54747350886464e-13,1.36424205265939e-12,4.54747350886464e-13,1.81898940354586e-12,0,4.54747350886464e-13,2.74203970137478,9.09494701772928e-13,4.54747350886464e-13,4.54747350886464e-13
4.54747350886464e-13,4.54747350886464e-13,9.09494701772928e-13,0,9.09494701772928e-13,4.54747350886464e-13,0,1.36424205265939e-12,0,9.09494701772928e-13,4.54747350886464e-13,0,1.36424205265939e-12,4.54747350886464e-13,0,4.54747350886464e-13,0,0,4.54747350886464e-13,4.54747350886464e-13,0,0,4.54747350886464e-13,0,0,0,0,9.09494701772928e-13,4.54747350886464e-13,4.54747350886464e-13
4.54747350886464e-13,4.54747350886464e-13,9.09494701772928e-13,0,9.09494701772928e-13,4.54747350886464e-13,0,9.09494701772928e-13,0,4.54747350886464e-13,4.54747350886464e-13,0,0,4.54747350886464e-13,0,4.54747350886464e-13,0,0,0,4.54747350886464e-13,0,0,0,0,0,0,0,9.09494701772928e-13,0,4.54747350886464e-13
