599406634600.312,527486014367.255,559794633441.518,600959686101.657,688994537623.659,461190151791.253,509898070818.039,459869720729.655,581732371059.714,285864585465.076,461871300185.594,631343809215.858,513152817359.808,655748749894.736,448072702815.529,728823373077.452,583045539192.062,546133286668.989,642931803096.283,582832904303.959,448392093358.513,481001279909.055,665947403194.692,696146320835.805,423330375631.916,584843424174.021,617340426332.318,471966049062.116,529704327000.359,510098125225.517
599406634600.312,527486014367.255,559794633441.518,600959686101.657,688994537623.659,461190151791.253,509898070818.039,459869720729.655,581732371059.714,285864585465.076,461871300185.594,631343809215.858,513152817359.808,655748749894.736,448072702815.529,728823373077.452,583045539192.062,546133286668.989,642931803096.283,582832904303.959,448392093358.513,481001279909.055,665947403194.692,696146320835.805,423330375631.916,584843424174.021,617340426332.318,471966049062.116,529704327000.359,510098125225.517
599406634600.312,527486014367.255,559794633441.518,600959686101.657,688994537623.659,461190151791.253,509898070818.039,459869720729.655,581732371059.714,285864585465.076,461871300185.594,631343809215.858,513152817359.808,655748749894.736,448072702815.529,728823373077.452,583045539192.062,546133286668.989,642931803096.283,582832904303.959,448392093358.513,481001279909.055,665947403194.692,696146320835.805,423330375631.916,584843424174.021,617340426332.318,471966049062.116,529704327000.359,510098125225.517
599406634600.312,527486014367.255,559794633441.518,600959686101.657,688994537623.659,461190151791.253,509898070818.039,459869720729.655,581732371059.714,285864585465.076,461871300185.594,631343809215.858,513152817359.808,655748749894.736,448072702815.529,728823373077.452,583045539192.062,546133286668.989,642931803096.283,582832904303.959,448392093358.513,481001279909.055,665947403194.692,696146320835.805,423330375631.916,584843424174.021,617340426332.318,471966049062.116,529704327000.359,510098125225.517
599406634600.312,527486014367.255,559794633441.518,600959686101.657,688994537623.659,461190151791.253,509898070818.039,459869720729.655,581732371059.714,285864585465.076,461871300185.594,631343809215.858,513152817359.808,655748749894.736,448072702815.529,728823373077.452,583045539192.062,546133286668.989,642931803096.283,582832904303.959,448392093358.513,481001279909.055,665947403194.692,696146320835.805,423330375631.916,584843424174.021,617340426332.318,471966049062.116,529704327000.359,510098125225.517
599406634600.312,527486014367.255,559794633441.518,600959686101.657,688994537623.659,461190151791.253,509898070818.039,459869720729.655,581732371059.714,285864585465.076,461871300185.594,631343809215.858,513152817359.808,655748749894.736,448072702815.529,728823373077.452,583045539192.062,546133286668.989,642931803096.283,582832904303.959,448392093358.513,481001279909.055,665947403194.692,696146320835.805,423330375631.916,584843424174.021,617340426332.318,471966049062.116,529704327000.359,510098125225.517
599406634600.312,527486014367.255,559794633441.518,600959686101.657,688994537623.659,461190151791.253,509898070818.039,459869720729.655,581732371059.714,285864585465.076,461871300185.594,631343809215.858,513152817359.808,655748749894.736,448072702815.529,728823373077.452,583045539192.062,546133286668.989,642931803096.283,582832904303.959,448392093358.513,481001279909.055,665947403194.692,696146320835.805,423330375631.916,584843424174.021,617340426332.318,471966049062.116,529704327000.359,510098125225.517
599406634600.312,527486014367.255,559794633441.518,600959686101.657,688994537623.659,461190151791.253,509898070818.039,459869720729.655,581732371059.714,285864585465.076,461871300185.594,631343809215.858,513152817359.808,655748749894.736,448072702815.529,728823373077.452,583045539192.062,546133286668.989,642931803096.283,582832904303.959,448392093358.513,481001279909.055,665947403194.692,696146320835.805,423330375631.916,584843424174.021,617340426332.318,471966049062.116,529704327000.359,510098125225.517
391335200871.945,362471902310.441,439379071495.339,531582797632.743,545185864239.733,365306670659.027,381086378227.433,345295373699.071,438651775510.85,240221788135.729,360846063629.412,461789505051.538,432456377853.844,389743601993.551,316806437745.542,543117682168.608,523239431517.55,412218032081.11,506216177385.538,490543080832.708,346811638847.685,373204293228.405,518109402111.955,540839479490.866,350941054095.806,426092910876.325,460661230378.652,349504824001.351,393640658740.48,400276380735.872
244266079545.745,253055034052.069,301156706534.624,307051816147.47,367925715700.187,226455489762.564,245663729488.07,223413904009.928,274932900323.387,136279730504.122,224836018254.213,277734346585.189,272309860468.814,253407006203.901,190024439198.16,370089341619.235,331082282954.535,288364216984.345,341727935049.665,328981310985.367,216995285258.588,247151756288.892,324617030348.203,333220723424.892,198509846320.39,302491451599.33,296719602813.841,202383712973.114,273022437431.636,261658921131.185
15962585759.1418,21626487135.4887,40762002386.8339,63831438486.2197,61485830894.4436,34325855056.622,33341304374.3488,27895615463.9958,51478475620.2837,11570698213.9729,15807615227.2037,50311946058.8258,23129867172.2481,32477960744.5254,14626312310.2022,46070815487.8954,60858764200.5053,38148329515.076,67734242117.2477,35703625383.2625,34429006010.8943,25341470665.8616,24625035538.8887,55446237504.0327,24443474002.4355,39175170046.2549,24320330898.2991,17432479762.1244,31147616371.4074,33890549169.0582
551793973.448977,1305056370.41926,890554239.156198,1831997745.88369,1266260809.05725,1630976378.61077,1852350794.63429,1441129949.40051,1200109230.04822,637168255.929134,1425125714.03891,1557968150.01849,1696801194.0712,1344208237.07373,1014093071.30293,767778403.526178,1230960239.28697,1347334857.30801,1215144150.71862,1211996798.47537,1455508372.34199,953735577.902713,1125944056.34072,1164634401.3212,1363500311.74839,968936144.045268,1295336438.00754,1224195040.12843,1233755446.34221,1045209941.24159
224266509.714946,316792520.796732,142163667.857985,251227798.675651,245453678.216199,561795126.551622,746493389.208241,303661733.33465,358052497.82816,157056773.557688,435252478.896981,411676700.968934,404290194.093068,440829591.462896,308536773.051008,186964986.397676,350484520.715975,254532672.249966,269855740.172104,314899423.25129,279596729.300831,210228000.678216,350395875.432058,342123014.216891,507709953.543454,235202808.04395,198358569.753841,398915156.934906,212201660.3598,168169669.703285
26131078.7317002,37877203.0171498,50195616.1566673,22127653.6345361,12707735.2803078,51670899.0628891,19730071.0484961,31689596.7814327,52143177.7791652,29759101.7282831,32352133.7555049,18066173.7876066,39154788.7902111,37896200.532213,35140596.774739,29390746.3248294,35169213.6499535,28318884.8552675,42062955.8356407,50856861.0513337,43002250.6002692,33457847.5186264,35203894.2343797,27371703.1643001,11164684.9959856,30669481.6012547,39143568.2384557,30790514.5864389,17364818.6705727,33278917.0719352
2487891.04521194,2552840.09926567,3367782.89561014,1329812.05733191,1288841.23264764,2064579.9662231,1902297.02712866,1508522.6681732,4210659.81876235,2315461.99590834,1276112.98042633,835783.519202004,1525114.98266626,819230.953204653,796259.657949446,2488808.89594351,1209117.97824795,999212.07152511,1087278.9183368,2924865.74561662,812145.514152127,1060108.65596126,1916638.32590287,2189530.02362371,2456007.06460421,2267580.93782572,4050991.51691529,4246951.07028978,1171290.40369001,2707660.09777994
71253.9091016423,98656.4426880527,65167.4569726241,22096.5577128451,63956.3517892247,58142.2610938795,83434.2574853881,43575.6171896098,109190.919784115,40674.7751667576,55358.0425405416,61303.6863438324,61503.3498608423,49370.4926094234,45576.2793024281,38468.1706388384,39942.7364672525,65120.5315771183,66332.0454257283,77700.5206134367,84330.2891245136,117077.955172279,59772.2702550057,50952.9053545653,56103.8184257893,52400.0485447831,67814.9330486319,72786.0471718098,87068.5118455695,38624.411147723
