75938.5798386742,146977.427210671,74570.3589418264,92836.5600105382,99537.5320951065,91964.2167440271,34837.4684338731,89281.6517739267,408244.109517018,289549.652883027,389267.529826206,71187.8101359469,106230.098986414,130630.08716386,80582.8081320091,65977.7246389386,97181.1545530924,56410.2578009867,95673.8052931019,75081.3395434075,61125.1637042748,65845.1220553298,58292.6487119519,106218.83843,169213.104750796,46864.1384962552,81049.7483619515,116951.446000621,51346.7706605126,68722.982410061
75938.5798386742,146977.427210671,74570.3589418264,92836.5600105382,99537.5320951065,91964.2167440271,34837.4684338731,89281.6517739267,408244.109517018,289549.652883027,389267.529826206,71187.8101359469,106230.098986414,130630.08716386,80582.8081320091,65977.7246389386,97181.1545530924,56410.2578009867,95673.8052931019,75081.3395434075,61125.1637042748,65845.1220553298,58292.6487119519,106218.83843,169213.104750796,46864.1384962552,81049.7483619515,116951.446000621,51346.7706605126,68722.982410061
75938.5798386742,146977.427210671,74570.3589418264,92836.5600105382,99537.5320951065,91964.2167440271,34837.4684338731,89281.6517739267,408244.109517018,289549.652883027,389267.529826206,71187.8101359469,106230.098986414,130630.08716386,80582.8081320091,65977.7246389386,97181.1545530924,56410.2578009867,95673.8052931019,75081.3395434075,61125.1637042748,65845.1220553298,58292.6487119519,106218.83843,169213.104750796,46864.1384962552,81049.7483619515,116951.446000621,51346.7706605126,68722.982410061
75938.5798386742,146977.427210671,74570.3589418264,92836.5600105382,99537.5320951065,91964.2167440271,34837.4684338731,89281.6517739267,408244.109517018,289549.652883027,389267.529826206,71187.8101359469,106230.098986414,130630.08716386,80582.8081320091,65977.7246389386,97181.1545530924,56410.2578009867,95673.8052931019,75081.3395434075,61125.1637042748,65845.1220553298,58292.6487119519,106218.83843,169213.104750796,46864.1384962552,81049.7483619515,116951.446000621,51346.7706605126,68722.982410061
75938.5798386742,146977.427210671,74570.3589418264,92836.5600105382,99537.5320951065,91964.2167440271,34837.4684338731,89281.6517739267,408244.109517018,289549.652883027,389267.529826206,71187.8101359469,106230.098986414,130630.08716386,80582.8081320091,65977.7246389386,97181.1545530924,56410.2578009867,95673.8052931019,75081.3395434075,61125.1637042748,65845.1220553298,58292.6487119519,106218.83843,169213.104750796,46864.1384962552,81049.7483619515,116951.446000621,51346.7706605126,68722.982410061
75938.5798386742,146977.427210671,74570.3589418264,92836.5600105382,99537.5320951065,91964.2167440271,34837.4684338731,89281.6517739267,408244.109517018,289549.652883027,389267.529826206,71187.8101359469,106230.098986414,130630.08716386,80582.8081320091,65977.7246389386,97181.1545530924,56410.2578009867,95673.8052931019,75081.3395434075,61125.1637042748,65845.1220553298,58292.6487119519,106218.83843,169213.104750796,46864.1384962552,81049.7483619515,116951.446000621,51346.7706605126,68722.982410061
75938.5798386742,146977.427210671,74570.3589418264,92836.5600105382,99537.5320951065,91964.2167440271,34837.4684338731,89281.6517739267,408244.109517018,289549.652883027,389267.529826206,71187.8101359469,106230.098986414,130630.08716386,80582.8081320091,65977.7246389386,97181.1545530924,56410.2578009867,95673.8052931019,75081.3395434075,61125.1637042748,65845.1220553298,58292.6487119519,106218.83843,169213.104750796,46864.1384962552,81049.7483619515,116951.446000621,51346.7706605126,68722.982410061
75938.5798386742,146977.427210671,74570.3589418264,92836.5600105382,99537.5320951065,91964.2167440271,34837.4684338731,89281.6517739267,408244.109517018,289549.652883027,389267.529826206,71187.8101359469,106230.098986414,130630.08716386,80582.8081320091,65977.7246389386,97181.1545530924,56410.2578009867,95673.8052931019,75081.3395434075,61125.1637042748,65845.1220553298,58292.6487119519,106218.83843,169213.104750796,46864.1384962552,81049.7483619515,116951.446000621,51346.7706605126,68722.982410061
75938.5798386742,146977.427210671,74570.3589418264,92836.5600105382,99537.5320951065,91964.2167440271,34837.4684338731,89281.6517739267,408244.109517018,289549.652883027,389267.529826206,71187.8101359469,106230.098986414,130630.08716386,80582.8081320091,65977.7246389386,97181.1545530924,56410.2578009867,95673.8052931019,75081.3395434075,61125.1637042748,65845.1220553298,58292.6487119519,106218.83843,169213.104750796,46864.1384962552,81049.7483619515,116951.446000621,51346.7706605126,68722.982410061
24443.3661110676,65517.2852685353,36726.4567351166,43959.8369588439,39912.6253266938,30350.6816894598,17374.5646330778,42503.057165921,89671.719684569,104676.782972726,115286.122852999,25806.8480809213,36466.6195152491,34093.2076342723,32128.0553832146,28962.0775114074,40516.0714165433,25165.8288854722,45221.9618488122,27036.682478501,30185.5842648279,28151.4564093593,30232.0911196411,47700.6403258716,96969.3528988941,21095.5606281196,38855.7017743497,45394.8166906806,27791.1303468205,32747.6791137395
16097.8960954629,27533.467660393,18684.3624914224,23104.1718466671,19317.6330594779,20448.481090139,12895.2755721106,25231.3499043175,48652.3199438903,40670.1793669607,54717.5265107919,11280.7298740699,15156.2815837945,18222.7104509152,14723.6391633673,15290.0025828504,22809.6843007429,14909.5551786147,19603.018953702,14805.2703993463,14256.9335432587,14891.5293966789,16500.7161525068,27385.2702051163,47276.4989506672,11509.9384265273,17302.1305838172,23988.0982539904,14487.0705250502,18174.9879203946
6580.25465912781,5642.28880389044,7252.78767685514,7461.83082349524,6836.48605208249,10238.6071566268,8051.2423656383,8480.4607779047,10167.3670512905,6498.96654252623,9910.22037631822,5394.91718710761,5429.56780831501,6104.38813595054,5551.86046149651,6106.11805673983,9621.89848832093,6319.33524165026,7787.40305414879,9556.38918083136,5860.7369893863,6917.9301904948,6013.24332296027,6464.51155448717,11030.30223459,6768.49182470293,6514.84288413615,10560.9843619303,5172.33111462116,9508.94559544171
4250.06352541626,3551.86113719759,6590.98534076067,5433.55529642738,3904.3393536874,3307.83776061068,2800.42477076997,6090.38793842786,3477.06486470701,5176.42090806918,4014.67452293934,4662.61371796837,5031.87045354369,4291.70589512958,5354.90577771329,5006.44182978856,3539.16760828657,3060.3846417103,1925.24843135643,3651.08661613166,5213.78035122515,6280.14976019378,4924.19625251403,5273.96721316749,3670.72367643566,5481.25788354086,5846.02575397634,6624.79358989847,4332.20283383905,3120.62921443496
3838.80617569056,2815.32047763636,5224.93767355122,4657.67239152408,3631.30758191601,2176.12968696085,2582.83576544182,4748.0809000435,3243.64711652651,4390.58720648404,3713.17021214239,3309.15964381023,4093.52004940266,3713.90242694196,4593.60589415143,4079.55696236454,3321.77378286749,2743.1147406088,1644.65223315358,3494.47080956008,4661.51448707632,5989.53949185244,4108.77519354623,4631.17199064369,3488.15469468667,4398.31588409075,4704.02354645549,3586.22456333447,3785.64218773001,2929.45368077651
3570.94976223721,2617.87508843484,4892.24048906963,4375.9480133316,3438.36474635203,2063.89958558957,2378.02531975347,4371.63824111825,3125.90855813471,4036.46222803621,3429.15891661267,2998.31070509661,3696.53367872776,2995.47116911801,4397.86924788802,3803.42076182467,3229.12417921713,2516.88325714365,1352.86413691753,3375.00642855164,4475.60927785677,5811.62310739658,3726.54274290618,4387.1270519487,3284.66577705755,3989.02159924323,4187.91503332354,3335.44477190473,3535.50686045934,2801.11874338672
3280.47579482901,2359.12402101314,4522.07611359358,4082.5590608536,3163.35708332404,1726.64494705548,2167.71736441186,3999.72649935172,2885.47920286942,3753.59421035581,3146.61774585901,2696.99005179311,3354.82303828714,2568.31177057022,4154.4331603024,3429.23957127982,2931.1013655098,2243.63369440349,1076.59740234937,3190.28486943329,2160.45707964332,3761.97821656961,3463.45884694536,4055.79778775317,2936.42397741315,3497.75100487052,3640.6855564475,3097.91157325181,3249.08101746289,2510.79062052809
