150996972.960867,29123727414.3601,75060295.0787269,381090716.239139,491781169.247519,394559946.359685,55200265.3950903,34989258242.5883,23166979637.0041,40179078.2152681,21228463545.6634,88297880.9513213,27300842633.9386,39733573080.045,997930712.84471,64469470.6409411,37899124373.6416,106375969.867074,420999699.536417,39874485.5908469,920390793.067644,130883333.465333,13571830804.8906,307489362.711801,9642719388.43999,127897536.602051,292026493.780483,956561097.960651,80217919003.4862,139700733.048616
23606532.3169617,5967512158.55231,14053295.3348591,3611997.73446933,4525199.72254209,5103036.41427375,20344759.9775413,10125373405.4152,6304688585.39172,18200359.8605893,1113753290.12298,23592796.552874,6062776309.67268,16640155145.388,17480371.2796905,47453226.6881685,14733900711.3737,4607613.20204984,465399.090891285,24426524.3538892,47798420.7508988,12623755.4328783,73217007.7936307,10958023.3906863,724320205.27255,10016294.6106029,3723801.87664464,2833503.5781827,28992252757.7617,61380950.3963548
17947454.5363534,286572236.722127,10631673.3022462,3446571.66857963,4306229.63948236,4671324.84588757,17184988.2392505,1090668045.36951,737718146.816858,15510795.0088401,18162933.764667,19219459.9886447,166333679.125883,6598760743.97871,14998861.159231,33385819.984127,2902641149.98016,4296454.40795353,458667.49387725,17823761.1989592,36820275.0985975,11067456.0508943,9470521.1937492,8889050.00480268,9200090.31576027,8933725.49793106,3581656.82533878,2694698.09329615,6785516049.7522,29658373.6940985
9313759.67613475,4344240.33101475,5293381.85911499,2856851.39377185,3524674.22709118,3445138.14393076,9787693.83266778,70748006.3956742,74057308.9495946,9092830.87916385,15929912.4295655,10505095.7542957,16934681.8028546,44046641.043131,9256883.12488853,14062395.8578374,13239796.04962,3325623.9185945,430177.463024932,8366759.22144393,20202977.0723387,7295875.13650513,8895958.87004884,4616705.51991421,8612064.41955711,6053794.73824102,3070378.10556147,2224376.53695095,6103005.94915058,9398731.99408873
1481436.89563264,4010019.37626293,1009441.04274067,683910.883571413,963126.386918968,1086514.03237346,1001059.12983481,28299470.9810364,42642632.9720059,1281032.78398452,9453878.36585893,1019393.50791627,13982429.0618105,29636174.6026347,1484142.25968018,1314535.06926715,10074271.9886255,887686.100110843,208656.873778592,1423750.96599393,4719547.94342495,1279972.75332889,6453155.0199001,786058.351774628,7160807.04801726,1099385.40096941,863819.848974858,632583.100614966,4997497.63552146,1763799.07031078
135507.884483145,2583831.69127286,221881.812729023,47546.0380055364,132501.836881618,131225.198967917,49571.8820893634,4887582.82630375,11214423.0059316,222209.839198595,1849849.13770668,65657.270382277,6465674.95731954,15002542.9727556,126405.114058833,112328.493728757,7126881.35045317,166486.542488233,28642.87771152,210882.14113913,914952.103955037,143787.527114732,1672828.57125709,371776.147202444,2681466.09671964,30408.1814546775,49104.7083469709,86154.7985062519,3427845.11791161,181601.401484646
15305.563758005,956627.810121148,43179.6600075829,25132.3230518717,20486.098021018,25854.7714613091,19418.4182152062,1135591.92179097,3065983.58567172,38783.1147025006,702105.948641255,17557.6238651188,2128378.47848136,5716079.49967574,19282.3165358779,21951.1302674002,3821658.14091002,42489.5388275933,17063.0861867136,16431.3678411129,298042.550471203,25496.41507728,523881.641664882,27904.764061389,760345.061422012,16091.2614370876,15514.9819551886,26189.8463973326,1434036.70881822,44393.3362206263
3405.9252417831,249743.240996979,8187.15784067691,7104.6373555118,4196.12954797949,8004.96309071154,9720.41514632559,530064.517758945,1234661.6457278,8269.87169976273,404107.654523123,5543.80625487494,761230.909810579,2419192.62456126,6176.40481082435,3811.87248959016,1877598.81397837,7309.12033757985,4327.10274020102,6399.216801061,60702.7545213315,3464.5854466272,204156.384032917,10970.2740583956,319119.408209545,994.760674423594,3382.30259659975,6245.32260530759,422750.38659332,5364.4888470669
2688.08644041787,95145.1400101786,4096.86607991551,6397.75492088567,4109.40725040544,2920.24390695452,8630.52879826308,371476.112393257,742294.072720517,3522.03077247545,249112.687748786,5476.45825304148,391228.488306566,1171952.20377679,1072.16176972848,3642.50699006038,993916.261362974,6297.45599511122,3326.27475531054,3613.76080399571,11603.7672279876,3134.36829550865,93231.0331249212,3063.38635785761,224485.679077711,987.123901659339,3169.84681071733,4678.83717486535,148338.762172976,2025.02567638011
1428.0376218553,68548.9835849138,1716.75733811329,3044.76819896478,4105.82580883863,1487.83318748506,1690.96255943521,255818.593038577,473118.5709478,1244.69925721316,170962.227517398,2512.25177674913,240425.443459488,586033.207719991,997.598457764921,1176.43069950881,529663.461604058,474.430361671622,3050.97216369036,697.183871156346,8776.68191261056,1387.56842644537,55799.5525869829,2386.19385172373,151620.275992942,980.173144109883,1784.16839150849,1193.68019640266,73626.5622521429,1100.42435786107
1365.38743758739,61755.9772252356,1406.10652255574,1533.87064829471,4100.42161650412,1400.92712687748,851.359991588969,143038.280754898,258879.319256098,1199.9503113281,61497.9455423271,1027.01600435414,174187.892002842,431407.829294425,924.299272715779,1138.38686813465,385791.708154739,387.044867139229,1694.55993962356,667.107842423335,8108.84068743136,1215.63970484138,22145.8187780087,758.333992537664,50795.7619572076,926.465046424405,1267.44419729308,1130.18381216108,41667.0518141434,1095.74888291417
1080.49049473389,60794.8457984354,980.233073436762,1495.16245875044,3849.7200513307,1064.84477454494,563.05058620839,132718.844577985,258862.428544486,718.851865379519,25829.6762637007,1011.81760404404,168024.738418927,431407.829294425,851.014672783989,1117.56133902223,385791.705020175,349.301857751806,1685.2771453893,402.843455486424,5837.76609907188,1044.49955148793,11792.4273259646,723.029577071756,28005.9206750204,887.595212245953,1244.93319425078,1105.81253499579,33980.4373904156,1073.36765564909
1045.67435431329,60794.8457984354,956.663744238288,1445.11230348672,3827.28110897867,1043.9158948675,546.50956833779,132718.844577985,258862.428544486,703.205305181887,20640.6758213884,921.534007840588,168024.738418927,431407.829294425,808.355161804609,1053.15900952988,385791.705020175,307.999954665768,1646.45048211577,358.29472352024,1507.9249067383,1016.57071484014,9702.62112349595,647.502759388979,26310.8138889652,795.545199435593,1198.05441359516,1004.72479476468,33980.4373904156,1032.26609660883
995.047539545806,60794.8457984354,873.455852872442,1386.70060882581,3778.23264331766,997.468546867378,474.481621893597,132718.844577985,258862.428544486,670.511923190791,20640.6758213884,902.098095212827,168024.738418927,431407.829294425,762.808665776659,1025.75368396653,385791.705020175,275.083244732345,1597.33163510366,319.388831173422,1503.60613907271,933.249667126645,9702.62112349595,614.779088377305,26310.8138889652,756.649124336343,1180.02526910391,956.632742933433,33980.4373904156,1016.43690106914
