508.349512255469,2087.21311345108,610.000902764336,495.185114858853,343.316261833555,867.315122258709,993.78061663193,630.51981185075,1067.66146392795,791.20069628642,561.070467974351,773.707090490073,499.408059785798,795.088058616381,1611.61714804908,1136.866991269,433.128612364506,561.670894296246,449.870494489751,1105.50652897268,914.507201767523,433.57239797579,797.323033340083,915.873107798635,431.06300310909,645.006603988787,668.700938691186,1063.41638262514,1352.33633283507,511.256760664621
367.190193577359,353.950466819447,320.771950686598,495.185114858853,288.787367232817,508.621626500392,726.502565569888,464.559099110404,788.940555805559,532.224421240146,477.628016278753,461.838024601386,377.939975018135,668.759297680563,853.423272034462,458.669479631803,409.410159794811,504.837878912418,291.984639072335,183.434216752304,571.212210067559,335.695534331062,531.861014314334,253.833342701853,428.333304267261,444.431350115617,625.72333683926,848.116106609144,715.821990487193,317.774427309004
255.243007141543,353.950466819447,273.84754892137,258.141166293496,124.790422193569,241.06502139581,492.39704444513,323.566899922057,584.688216655892,275.649748806276,198.744513653793,461.838024601386,377.939975018135,604.846447758158,633.37724319136,223.570223370935,329.525201307871,498.843152688056,291.984639072335,74.1711244356485,310.051456729108,208.663887407763,331.047760786205,242.309681147647,428.333304267261,444.431350115617,398.091843886947,578.522443684808,715.821990487193,317.774427309004
247.295628844422,293.975220712741,238.187288341042,104.495645765715,99.7132881664735,241.06502139581,155.674023286752,323.566899922057,506.887694750722,68.9037119636106,198.744513653793,333.082186495833,351.595813599009,320.440673456558,549.261414999084,144.935147685494,324.986266074289,484.38169079782,291.984639072335,39.2487602948063,99.1968769474709,161.476763782606,165.542043188475,35.0212602180313,349.235770379179,432.412033352686,85.3727800101658,394.293637445602,594.351902697666,167.442366724795
223.387570640845,293.975220712741,77.5776360174524,66.5518286109674,40.011019781172,241.06502139581,36.943359205542,182.41642771423,366.32542593637,24.365190323581,59.5338858515525,105.243271247079,330.527092706998,140.916057401284,64.0599295064075,132.776102627384,251.500761931774,469.761478052475,54.0491325891324,15.0029527380455,43.535950989109,135.403438716962,60.2751232271217,35.0212602180313,337.927746352401,416.252091492221,44.4497319914215,52.4720704686853,422.834979059045,125.054184859771
221.697808295863,45.4753579431735,9.77967136322759,3.39732283342619,1.84535189295673,142.357157278815,24.0776849698988,131.415651003122,357.1335446948,14.7057771529529,4.28430096766741,4.18436891618725,309.463081316575,122.390998840837,64.0599295064075,132.154692977595,249.543410626278,467.301330608165,4.31855843656292,1.79407549199176,2.95785604202299,133.738933447899,4.19842363269925,8.08229269973912,337.296424675269,415.027650696659,2.93067557965156,24.0868978421936,416.294165675024,120.394445221827
221.30825612777,10.6916957254575,1.97638411480868,1.70561949240937,1.17125523202456,141.355954133328,23.2831661677029,131.089992780243,356.168427634617,13.5670872743167,1.58039338283964,1.50878087738313,308.980218835504,121.114443429374,64.0599295064075,131.899056308512,249.213763763178,467.258417494935,3.79925471099477,1.16784845542179,2.05289854142241,131.421239176415,2.45329471966309,1.94164749986921,337.263766268687,415.013963173618,1.56020896633361,24.0868978421936,416.110939502112,119.688607445621
221.161619526052,10.6916957254575,1.88199751236303,1.64901446585975,1.14381870738962,141.307474583195,22.8340138982039,131.088905222695,355.882344354246,11.7265917581314,1.53502135619491,1.43442330481589,308.978715287822,119.909760970081,64.0599295064075,131.481541243876,249.141656213674,467.251410705316,2.66875509159922,1.03792514180311,1.71689653997646,130.697721560499,1.65058552642894,1.83268868227186,337.263763817178,157.541251468965,1.43561073271796,24.0868978421936,415.112987432038,119.651022675004
136.850197609655,10.6916957254575,1.87422036112829,1.464766800398,1.13866925472942,141.303679259331,22.8117020326397,131.088905222695,355.861924146815,11.5706540680464,1.45899495630782,1.43313979829036,163.648896591054,119.661553812395,6.82880255431486,130.997798091811,249.136737354839,227.817407213912,1.29190010840282,1.00714409431606,1.67303435204988,130.686560512589,1.48353660087838,1.8198366126123,252.320247709064,130.698701322822,1.37877396200205,22.1835744572481,164.968041866399,35.0526457374271
119.254199097826,10.6916957254575,1.87216853099093,1.37645274902552,1.13710454265545,141.30367660193,22.8116269708141,25.1188866370299,137.757009009483,11.5642631147778,1.31745836299593,1.43313979829036,2.55558886874166,119.645486343354,6.82880255431486,130.990988669051,68.883861883218,120.028804498516,1.13337960553039,1.00372152154522,1.64979472321645,3.89980668211763,1.45630550031078,1.8198366126123,248.774927913108,130.558084907169,1.3489905623888,14.326225284151,120.160099555694,34.0901105124598
88.6957582012354,10.6916957254575,1.87143042904209,1.37579089436134,1.13710454265545,118.963968097987,9.63734726133979,23.1389848763974,131.089809006768,3.12380791394805,1.31494118454877,1.43313979829036,1.22570604338261,119.64485356327,6.82880255431486,130.990516618883,12.402624186403,119.206710077715,1.12685405715822,1.00372152154522,1.64587495951938,1.19467187747,1.45223780344956,1.8198366126123,248.631033034966,1.47048996903699,1.34669569264848,12.4821529996875,119.13179358097,13.0239917650992
14.1008585837195,10.6916957254575,1.87143042904209,1.37579089436134,1.13710454265545,118.831814661101,0.978667097441681,23.0736302443726,131.089809006768,0.591762546963524,1.31494118454877,1.43313979829036,1.18506437882876,119.64485356327,6.82880255431486,130.990516618883,12.1098815389727,29.0052989648301,1.12685405715822,1.00372152154522,1.64587495951938,1.14390597950244,1.45223780344956,1.8198366126123,248.569056267219,0.520380443039358,1.34669569264848,12.0261810580771,17.9993803238792,12.1441384787727
11.9006541845123,10.6916957254575,1.87143042904209,1.37579089436134,1.13710454265545,40.6568026116031,0.867949416470039,23.073484907791,14.813706824505,0.519411327547649,1.31494118454877,1.43313979829036,1.18506437882876,119.64485356327,6.82880255431486,130.990516618883,12.1086673480956,22.9251587301368,1.12685405715822,1.00372152154522,1.64587495951938,1.14383243933356,1.45223780344956,1.8198366126123,248.569056081532,0.519431831296,1.34669569264848,11.9124145404682,12.2109784377711,12.1086705592783
11.9005297641643,10.6916957254575,1.87143042904209,1.37579089436134,1.13710454265545,23.1135910705441,0.867949416470039,23.073484907791,14.813706824505,0.519411327547649,1.31494118454877,1.43313979829036,1.18506437882876,119.64485356327,6.82880255431486,130.990516618883,12.1086673480956,10.9670812958893,1.12685405715822,1.00372152154522,1.64587495951938,1.14383243933356,1.45223780344956,1.8198366126123,133.081459497122,0.519431831296,1.34669569264848,11.9005299245985,12.2109784377711,12.1086705592783
