1104.61354217485,527.363530823923,276.305763315885,519.657454316012,543.17589652605,1029.88468602776,788.513459563349,835.247950222201,723.772132886721,751.095336549024,933.253473074809,995.649862940475,888.733046728306,641.916713299877,452.459595907935,237.525980648079,1053.22071730974,434.495061339098,331.037335855774,561.281086117363,569.935069654558,786.654283334207,1133.60593508958,434.196124954081,195.786995204351,695.080169823515,388.680593085485,905.889072402542,946.159575001246,506.972906627875
541.210672297406,256.447871952626,91.5060587360896,144.570735754872,275.233216162561,303.771433199668,141.364437591656,182.744457742668,304.282965606779,250.236749841334,311.321568017195,405.404641600371,234.313836719208,203.603803695226,113.386824876646,92.3204674771955,293.609496433734,114.387378702216,112.178962274308,134.51275302622,138.749714751976,277.483821365123,330.824232102928,175.736322247608,84.210284424136,166.649016810572,100.299041349602,370.034656531428,425.795147636753,165.643207746225
266.633265086342,184.731922378369,91.5060587360896,144.570735754872,97.1598942638365,158.538683791156,133.493785661594,128.306463578228,77.6203915870755,187.946814815772,167.087436917258,92.3713176693424,87.087278042416,73.4103578115912,99.0234429723039,90.9404932230166,105.759754151526,78.1534814672692,82.0940875819217,91.8987277961783,138.749714751976,153.99698186875,262.912051243827,96.1404342353521,84.210284424136,129.057872484046,85.7069762434033,111.34963656701,134.955137021369,148.581755790885
75.5101880430069,82.6095866525966,56.5185058436441,113.344469157424,75.6331895742525,107.331760457638,81.5079776031854,71.7187577013398,52.2349908647396,99.463784293435,118.487684376891,77.3090320125883,70.8999178738044,50.7066912481828,47.3194454367858,58.7579050246323,82.3872958298807,62.764214962044,57.8889913765324,66.4758583709419,90.003221681751,82.5666904708494,75.9239690590011,87.3622540816184,46.0754316816599,82.166938370735,72.6608814745219,68.5743211130047,85.4664630414622,84.6520490732724
12.8853587308425,15.1805189762059,7.94852729863519,18.1439705087757,15.0894157843213,18.3508917184758,12.4787280874609,15.8086832025694,12.5118043512397,15.4555291052148,15.5735712665582,16.9277809175114,11.4720220693598,7.94274470168391,13.885384886837,10.3475460187168,12.2130114775461,10.1111982179116,10.4346979490962,11.3880461638052,13.8450790502401,18.3156337741567,22.3820579975176,13.7793899617843,10.9178210058218,15.307953347566,11.9832310534036,13.2548099629905,14.1751288512775,13.0288659971909
0.0263534228162301,0.0693250778114716,0.043094374273048,0.105613309433891,0.0535806502592408,0.0586528775686253,0.090630480603612,0.172052568677409,0.0459968909499064,0.0476870620916178,0.0990960707138973,0.0589605192201771,0.0349684256068559,0.0266746735200343,0.0854079591892717,0.0249659518183566,0.0299255819015565,0.0382279796940416,0.0490655613653692,0.0772706458413417,0.049066072350114,0.0581971285917659,0.310355677822179,0.0684223332885569,0.0457774752836638,0.0627460865873272,0.0635850910694777,0.0945136963117391,0.124513466126078,0.123212114430385
0.000156445673491629,0.000599907244740047,0.000196977919995405,0.000698402828692474,0.000343285757695911,0.000330213127607671,0.000841669452847284,0.000889951886516774,0.00035169199575779,0.000347679842855872,0.000280136768449525,0.000540674746863766,0.000395070353907588,0.000265859926096139,0.000220625057545142,0.000206417483883982,0.000597371932832817,0.000231122484111971,0.000207069462889631,0.000332612278513499,0.000655517559342552,0.000418722453840426,0.000754237359694441,0.000455413044590878,0.000415818472382586,0.000636598795879524,0.000260972871822016,0.000699896746081317,0.000401284959610214,0.000688293869860524
1.31135454934796e-06,3.86793265494554e-06,2.23591727001411e-06,5.6889035641541e-06,5.14413023884915e-06,2.70734892557632e-06,2.9192549458948e-06,7.78947428366216e-06,1.96746662913319e-06,1.93014717958544e-06,3.15302350909824e-06,4.91424404838653e-06,3.55088900486225e-06,3.53142462434225e-06,3.11199685168573e-06,8.40776933366755e-07,4.40947264268798e-06,1.57344284891917e-06,1.96453261145832e-06,2.26348257311305e-06,5.37455303199797e-06,1.86576753514282e-06,5.70758877851889e-06,1.35233093039955e-06,2.41785812637204e-06,2.45070719277297e-06,2.73352796697944e-06,4.12428514441912e-06,2.14956144169508e-06,5.97682780168533e-06
2.6271326319696e-07,2.56411921603624e-07,3.53452058997948e-07,2.81774754553157e-07,2.39637171069152e-07,3.06952757216466e-07,2.21952939264371e-07,3.32669233502537e-07,2.51554062471107e-07,2.53135006579207e-07,4.12521660056907e-07,2.93635902453547e-07,3.36938744078349e-07,3.86302796673737e-07,2.53938787085152e-07,2.91850917053851e-07,2.18869014770257e-07,4.37475787891047e-07,3.40883785162148e-07,2.99978106202188e-07,3.29184197855066e-07,2.89468121620127e-07,2.03245980733836e-07,3.66334690718057e-07,3.72704751065686e-07,2.93097730057957e-07,2.47714618954667e-07,1.40242256606583e-07,2.36944903069559e-07,2.85674379688067e-07
2.6271326319696e-07,2.56411921603624e-07,3.53452058997948e-07,2.81774754553157e-07,2.39637171069152e-07,3.06952757216466e-07,2.21952939264371e-07,3.32669233502537e-07,2.51554062471107e-07,2.53135006579207e-07,4.12521660056907e-07,2.93635902453547e-07,3.36938744078349e-07,3.86302796673737e-07,2.53938787085152e-07,2.91850917053851e-07,2.18869014770257e-07,4.37475787891047e-07,3.40883785162148e-07,2.99978106202188e-07,3.29184197855066e-07,2.89468121620127e-07,2.03245980733836e-07,3.66334690718057e-07,3.72704751065686e-07,2.93097730057957e-07,2.47714618954667e-07,1.40242256606583e-07,2.36944903069559e-07,2.85674379688067e-07
2.6271326319696e-07,2.56411921603624e-07,3.53452058997948e-07,2.81774754553157e-07,2.39637171069152e-07,3.06952757216466e-07,2.21952939264371e-07,3.32669233502537e-07,2.51554062471107e-07,2.53135006579207e-07,4.12521660056907e-07,2.93635902453547e-07,3.36938744078349e-07,3.86302796673737e-07,2.53938787085152e-07,2.91850917053851e-07,2.18869014770257e-07,4.37475787891047e-07,3.40883785162148e-07,2.99978106202188e-07,3.29184197855066e-07,2.89468121620127e-07,2.03245980733836e-07,3.66334690718057e-07,3.72704751065686e-07,2.93097730057957e-07,2.47714618954667e-07,1.40242256606583e-07,2.36944903069559e-07,2.85674379688067e-07
2.6271326319696e-07,2.56411921603624e-07,3.53452058997948e-07,2.81774754553157e-07,2.39637171069152e-07,3.06952757216466e-07,2.21952939264371e-07,3.32669233502537e-07,2.51554062471107e-07,2.53135006579207e-07,4.12521660056907e-07,2.93635902453547e-07,3.36938744078349e-07,3.86302796673737e-07,2.53938787085152e-07,2.91850917053851e-07,2.18869014770257e-07,4.37475787891047e-07,3.40883785162148e-07,2.99978106202188e-07,3.29184197855066e-07,2.89468121620127e-07,2.03245980733836e-07,3.66334690718057e-07,3.72704751065686e-07,2.93097730057957e-07,2.47714618954667e-07,1.40242256606583e-07,2.36944903069559e-07,2.85674379688067e-07
2.6271326319696e-07,2.56411921603624e-07,3.53452058997948e-07,2.81774754553157e-07,2.39637171069152e-07,3.06952757216466e-07,2.21952939264371e-07,3.32669233502537e-07,2.51554062471107e-07,2.53135006579207e-07,4.12521660056907e-07,2.93635902453547e-07,3.36938744078349e-07,3.86302796673737e-07,2.53938787085152e-07,2.91850917053851e-07,2.18869014770257e-07,4.37475787891047e-07,3.40883785162148e-07,2.99978106202188e-07,3.29184197855066e-07,2.89468121620127e-07,2.03245980733836e-07,3.66334690718057e-07,3.72704751065686e-07,2.93097730057957e-07,2.47714618954667e-07,1.40242256606583e-07,2.36944903069559e-07,2.85674379688067e-07
2.6271326319696e-07,2.56411921603624e-07,3.53452058997948e-07,2.81774754553157e-07,2.39637171069152e-07,3.06952757216466e-07,2.21952939264371e-07,3.32669233502537e-07,2.51554062471107e-07,2.53135006579207e-07,4.12521660056907e-07,2.93635902453547e-07,3.36938744078349e-07,3.86302796673737e-07,2.53938787085152e-07,2.91850917053851e-07,2.18869014770257e-07,4.37475787891047e-07,3.40883785162148e-07,2.99978106202188e-07,3.29184197855066e-07,2.89468121620127e-07,2.03245980733836e-07,3.66334690718057e-07,3.72704751065686e-07,2.93097730057957e-07,2.47714618954667e-07,1.40242256606583e-07,2.36944903069559e-07,2.85674379688067e-07
