861.413448534061,1325.44105910102,917.072492973815,390.253234189888,845.358349909563,414.984975860013,275.86735966566,917.028022505073,280.250664678392,314.821524949449,380.979198527505,325.10798373554,454.747855580003,327.219984597638,427.80471968966,528.909517928255,412.364288954643,883.802025638666,963.120763061859,339.941581456574,325.080179521137,569.553311661433,341.204671343697,683.079187954791,356.780134583886,1360.76795532397,644.903094236072,1214.58090138817,265.159802171395,462.94775246341
560.590667966047,646.194837435105,768.486691931128,390.253234189888,386.231087582218,270.654569499279,174.597265337704,567.634521574772,183.090891844827,314.821524949449,289.33736887003,325.10798373554,248.90630397482,230.137114497945,233.060130913915,417.889455074702,412.364288954643,471.250843629401,536.454154627406,250.655239826368,182.595159613376,479.916336393541,181.992676483102,539.37275216162,268.93803906227,734.363146678985,350.945432279427,1214.58090138817,130.032609384307,389.714128161103
560.590667966047,314.840086526473,768.486691931128,234.615391662072,379.653966390035,204.172603230066,102.87124444539,465.055086919862,181.933038129108,166.868656876739,282.055848548553,311.779744704628,113.297029191896,178.536693599074,233.060130913915,282.389700700906,197.63761280156,280.15632130409,460.081922553318,118.363834298149,182.595159613376,290.812735235491,134.019497637022,377.304514020789,171.940583474081,495.834365621431,281.270505144217,563.647531337525,110.668160053627,389.714128161103
308.313429590321,182.693170371752,399.996511511282,118.448848743676,182.26286422446,204.172603230066,102.87124444539,182.99963611033,108.744935331458,90.9561987780924,88.0637156708902,175.044071834666,83.7448935381599,123.503706696623,128.005706502919,141.238962178087,92.6074415982491,173.885754987275,451.646727031888,70.1456077732237,119.261459976144,261.241482059429,134.019497637022,346.813101967085,106.797192489708,245.231843324532,134.690942887922,563.647531337525,96.7722785141206,106.860852002231
216.784558863201,77.4161057750094,282.987768946163,88.9487179546425,65.0452742518482,137.772334642311,59.0402603072987,101.610145072008,78.3539482388754,75.9060693376246,81.4727607754045,104.537783918716,78.8803968083339,80.2404238558386,79.2524747775672,87.6005487100939,81.212530642819,116.396472455875,125.925191829439,70.1456077732237,60.76267273373,85.2797564816924,91.1624291986608,316.040488048869,66.4388288880392,131.388314561359,67.4734001660455,526.092683423939,53.8710077444587,88.2577762486936
138.318686028929,77.4161057750094,161.102036435963,70.774965246535,54.2315693817751,90.0883634061222,59.0402603072987,74.5630237307145,78.3539482388754,71.6743469477627,66.2285372540379,59.9414380249276,72.4627810411779,78.4908454885725,61.4359107195996,74.9223804671429,54.2401672198896,71.5002371928599,52.6964298216144,64.6978488810086,60.4690961801024,78.1083292434241,71.2946437263956,155.717861943842,57.8556085289131,78.2859992537999,60.7415347853229,236.43769821912,53.8710077444587,50.3426055295276
94.0731904999766,68.0486577640802,81.6869643733886,70.774965246535,50.3034420195593,90.0883634061222,59.0402603072987,61.1051557496197,62.500026759348,71.6743469477627,52.3958677118982,59.9414380249276,47.7769677766415,55.2276731351285,57.5484354148091,65.1414655941486,54.2401672198896,67.353014911566,52.6964298216144,52.6663743181332,60.4690961801024,64.8003265862604,71.2946437263956,86.4685389766042,57.8556085289131,46.9979256420172,55.1364927827391,76.4114290702468,53.8710077444587,50.3426055295276
62.0477759952335,68.0486577640802,70.6133188322488,62.6843341806816,46.431433454486,68.9906628647108,59.0402603072987,61.1051557496197,62.500026759348,67.4770663497513,52.3958677118982,59.9414380249276,47.7769677766415,55.2276731351285,57.5484354148091,62.4525716911127,54.2401672198896,62.7776821174185,52.6964298216144,52.6663743181332,60.4690961801024,62.1754629516556,62.9806560230348,54.9734078619992,52.6574551329603,46.9979256420172,55.1364927827391,72.0934141508351,53.8710077444587,50.3426055295276
36.5351595449673,66.6445024640611,70.6133188322488,59.314530450995,46.431433454486,68.9538070230091,59.0402603072987,61.1051557496197,62.500026759348,44.0203371666536,52.3958677118982,59.9414380249276,47.7769677766415,55.2276731351285,52.7807946434441,57.1117465425376,54.2401672198896,62.358005981592,52.6964298216144,52.6663743181332,52.6787966922188,62.1754629516556,61.6566191237275,54.9734078619992,52.6574551329603,46.9979256420172,55.1364927827391,46.288561617623,53.8710077444587,50.3426055295276
14.3455748795213,47.9453233397522,56.3155265168347,59.314530450995,46.431433454486,67.9336903102267,51.8209488913703,61.1051557496197,53.8293914247616,44.0203371666536,52.1103879349843,44.9539078271489,47.7769677766415,54.4100540820968,52.7807946434441,57.1117465425376,54.2401672198896,54.6590402751275,46.8361147708006,52.6663743181332,46.0638833578107,50.7826205205068,61.6566191237275,50.0930188237912,52.6574551329603,46.9979256420172,52.6289451619662,46.288561617623,53.8710077444587,44.738351606953
14.3407772970601,47.9453233397522,15.555001466648,44.7900462183964,46.431433454486,55.419458226609,51.8209488913703,61.1051557496197,50.3255929735457,44.0203371666536,52.1103879349843,44.9539078271489,47.7769677766415,51.2241067185312,48.7310451871246,46.0611561254319,54.2401672198896,54.6590402751275,13.5066898227769,42.5595076021534,46.0638833578107,50.1457931371622,40.4774689031916,47.5746198494575,52.6574551329603,46.9979256420172,52.6289451619662,46.288561617623,53.8710077444587,44.738351606953
14.340777295007,47.9453233397522,14.2272134314176,40.0835635275512,44.313235456583,55.419458226609,45.6119674497813,42.8566316381919,48.6459168815023,44.0203371666536,48.6806644066962,44.9539078271489,47.7769677766415,46.4580256214779,35.2474762307672,46.0611561254319,44.4274519068045,54.6590402751275,13.5066898168935,42.5595076021534,46.0638833578107,50.1457931371622,40.4774689031916,5.0778567818669,49.8001294335872,38.6153569448254,52.0310899989087,4.30796469405334,53.8710077444587,44.738351606953
14.340777295007,47.9453233397522,14.2272134311106,40.0835635275512,44.313235456583,55.419458226609,40.3614158598342,42.8566316381919,45.7588732702571,41.9201812162836,45.8064295079723,16.441778095879,38.9899253481348,46.4580256214779,35.2474762307672,46.0611561254319,44.4274519068045,52.0411827496337,13.5066898168935,42.5595076021534,46.0638833578107,18.479546080512,40.4774689031916,5.06897624123542,49.8001294335872,38.6153569448254,48.1894099821419,4.30794311084264,44.6679785288999,44.738351606953
14.340777295007,16.0150654560196,11.8393603602588,40.0835635275512,13.5923786491824,53.2887667927696,39.380206807984,42.8566316381919,45.7588732702571,41.9201812162836,45.8064295079723,16.441778095879,38.9899253481348,46.4580256214779,14.9569597276439,46.0611561254319,44.4274519068045,42.4396865249,13.5066898168935,42.4185165102849,46.0638833578107,18.479546080512,40.4774689031916,5.06897624123542,48.5250841978329,38.6153569448254,38.0819168807698,1.623929287078,13.0247160029771,44.738351606953
11.5768068599571,16.0150654560196,11.0518971091525,40.0835635275512,13.5923786491824,13.2412840844736,39.380206807984,33.7340378328056,36.4092893360603,41.9201812162836,44.3720378324758,16.441778095879,38.9899253481348,15.1592239327438,14.9569597276439,46.0611561254319,44.4274519068045,14.9136302465195,12.0687802021708,42.4185165102849,43.0936582384488,18.479546080512,12.4197147858287,5.06897624123542,40.4728232644837,38.6153569448254,38.0819168807698,1.623929287078,12.8251493884912,41.239928701615
10.7209965595368,10.3669207754989,10.3669207754989,0,10.5303071141934,10.3669207754989,10.8154154704534,10.4613396864157,10.5033038741987,10.5033038741987,10.4666291520529,10.3669207754989,10.8357561836867,10.7464480428267,0.00467960360822417,10.6723698451433,10.366920775499,1.98991812269924,10.9964497166001,11.6471004069916,10.4358882031256,10.3669207754989,10.6520291319102,5.06897624123542,10.5303071140421,10.366920775499,10.7224817168749,1.623929287078,0.509385981301421,10.3669582470012
