32969221.1175921,45833637.9465247,87403328.4311558,55132259.5825488,6113203272.237,9816921615.46317,633834160.296018,341664579.74167,2243284446.30504,56992502.953827,1362284308.86634,4597576876.58575,8969953056.38633,151986120.971994,379364032.182768,1650063183.99024,1757972894.26394,3066110471.75064,2982933617.75572,10143012694.7517,1393361659.30389,1219154508.45852,4078273846.5907,4666405.88401757,64034613.152011,105082535.690297,13823839513.1954,12473115655.9567,21949463.6809539,1537854058.55426
32969221.1175921,45833637.9465247,87403328.4311558,55132259.5825488,6113203272.237,9816921615.46317,633834160.296018,341664579.74167,2243284446.30504,56992502.953827,1362284308.86634,4597576876.58575,8969953056.38633,151986120.971994,379364032.182768,1650063183.99024,1757972894.26394,3066110471.75064,2982933617.75572,10143012694.7517,1393361659.30389,1219154508.45852,4078273846.5907,4666405.88401757,64034613.152011,105082535.690297,13823839513.1954,12473115655.9567,21949463.6809539,1537854058.55426
32969221.1175921,45833637.9465247,87403328.4311558,55132259.5825488,6113203272.237,9816921615.46317,633834160.296018,341664579.74167,2243284446.30504,56992502.953827,1362284308.86634,4597576876.58575,8969953056.38633,151986120.971994,379364032.182768,1650063183.99024,1757972894.26394,3066110471.75064,2982933617.75572,10143012694.7517,1393361659.30389,1219154508.45852,4078273846.5907,4666405.88401757,64034613.152011,105082535.690297,13823839513.1954,12473115655.9567,21949463.6809539,1537854058.55426
32969221.1175921,45833637.9465247,87403328.4311558,55132259.5825488,6113203272.237,9816921615.46317,633834160.296018,341664579.74167,2243284446.30504,56992502.953827,1362284308.86634,4597576876.58575,8969953056.38633,151986120.971994,379364032.182768,1650063183.99024,1757972894.26394,3066110471.75064,2982933617.75572,10143012694.7517,1393361659.30389,1219154508.45852,4078273846.5907,4666405.88401757,64034613.152011,105082535.690297,13823839513.1954,12473115655.9567,21949463.6809539,1537854058.55426
32969221.1175921,45833637.9465247,87403328.4311558,55132259.5825488,360626845.233075,9816921615.46317,633834160.296018,341664579.74167,2243284446.30504,56992502.953827,1362284308.86634,724353705.476638,8969953056.38633,43657508.6827827,379364032.182768,1650063183.99024,1757972894.26394,3066110471.75064,2982933617.75572,4006647731.8189,1393361659.30389,1219154508.45852,4078273846.5907,4666405.88401757,64034613.152011,105082535.690297,13823839513.1954,12473115655.9567,21949463.6809539,1507904928.40838
32969221.1175921,45833637.9465247,35075832.3328227,32884341.4346489,58436453.0714114,683514734.109852,323494716.341243,29577236.1542467,90179566.3136389,56992502.953827,1935712.86379442,262745176.973272,47119136.7920686,24532606.9367698,195125616.60034,15358198.130504,98788812.3741448,196180618.217281,71350775.3918042,506356090.281275,254049797.15331,88762933.1313817,324776006.228646,4666405.88401757,64034613.152011,50877117.4600498,381117982.108514,742813012.028558,16917135.7291028,32712876.9771869
3340271.99196295,15655493.400529,20487290.4502103,21559530.1551472,13433674.930687,323302178.892869,69448187.9014636,9574335.76292255,24343282.652086,9696806.30569995,1935712.86379442,24948428.2787868,25771424.2296175,5505252.02800609,6390559.05770264,7668545.98864075,52830721.8419784,17229786.261838,8880864.30746563,63632735.0743661,121829474.605313,42798683.9619137,46614594.6248476,4666405.88401757,4772140.81027289,9487940.80474038,7491422.31799485,301980574.886591,749891.869670385,9446194.47698023
2530231.1460609,9575858.39037079,4105001.31021602,14149431.242555,680244.743221731,15320657.3669337,5018333.44330098,9574335.76292255,8894167.50376304,3987397.65709646,1519254.30277589,9378951.13208242,281011.662402944,674889.500447508,6390559.05770264,2024961.91518254,24180660.9790534,4924292.74463829,4784987.39700149,61506571.590463,4201432.43348613,4519339.87138558,2961734.35916049,1993432.5056103,2326673.96056521,7368920.93663164,3689917.79330665,783375.003912035,207259.384711725,3763125.81058048
1436608.04847998,2380129.96309604,395657.096789362,4062365.78965718,455497.940921619,764267.402667035,1957331.29634454,5390563.2229855,5901129.64412525,2107151.68819915,165392.119913389,4801579.83263094,281011.662402944,386318.208038972,2082769.75884067,1685710.33253252,7849702.48671736,512162.212124608,2232422.06941853,524220.690717682,720304.281266134,1814503.1707838,1149699.8507346,1502540.66466332,807905.858796341,4688707.89257475,875590.574757144,58412.4257494964,49294.5007352212,1798693.29757686
403085.411400896,238570.386849487,395657.096789362,356229.148326095,398163.766558091,127899.643366101,19962.0280723844,231976.676996751,161324.729318941,143625.060609596,78347.3465652997,216045.279669612,147063.200571635,326946.714279035,267087.895339681,1548895.6146678,27314.0119876712,245455.550188024,818464.235355483,185171.56237258,387293.389994119,818454.566745761,1069161.2917166,151168.921169159,255836.113775379,2449923.25929376,399087.529738633,3709.0373581984,48008.542521428,178596.293886625
197163.286047877,76065.8038706589,352071.58709312,195733.930336973,66772.7222661302,21991.7091318119,9061.66434618827,52527.9725237202,36521.8878875016,124389.57891259,71770.8235562117,74336.8024472882,80544.3838416481,131214.925320181,30270.8624785022,256692.874838052,4294.72183344377,98436.1711696171,209189.578483957,60877.4699499145,56895.4804780958,375885.833726498,496086.292778076,110180.501427475,65522.8865786962,472592.806601755,225192.656454584,2872.08407225603,44079.2341411035,166443.324238662
66848.2010136163,6498.28913677222,194627.105064915,87154.1834498899,10109.9717984122,1936.7567479804,4453.56256351998,13980.1582392376,16440.7445885597,34246.1120879057,6769.2990459094,4043.87224211407,18913.8632042394,30896.1760368418,9298.87959506911,6191.2886812058,3519.30899415276,22717.6223463368,57743.7694210716,20694.0659857673,2213.76207106047,5225.5600310995,4563.9181705038,52087.0767257077,30133.8325575326,27921.0521285355,7146.43898101172,2029.85081987957,8643.01884940934,64719.4233004311
5581.38550415335,1926.0306488938,1967.46066446162,924.723047786356,2437.99683734081,1486.52182225302,774.681201248684,2490.3225805044,1080.74712644897,2399.29233802639,980.468162003582,837.44900914586,3319.86426503484,2149.03505973793,1386.57027565823,1189.76035563244,1845.19261542507,1770.02375679318,849.311085652084,2527.31454833663,481.534588274771,2638.09811047853,653.200706352676,5293.784433914,4778.39580745367,4411.47107757933,2605.37185665192,1165.44897787167,2244.82583608682,1834.3624459878
611.102919710016,704.811888766338,950.270807489012,219.135502205486,980.487284111421,941.391497726332,539.131622145318,559.579140625274,709.21977715022,894.393943762857,365.495759151918,162.393284375816,698.169002129525,696.147772714907,790.917121536604,549.160747620985,1202.45763136112,655.517021030188,314.314592602991,501.192476430282,352.168751451975,509.594397284139,582.678475264892,998.523465571806,599.284751940507,1220.25230400144,459.868137642015,951.573265054557,809.499686363736,933.24468393878
584.6981985342,691.498940544446,586.510284581449,157.794989706733,919.662389044681,708.873294756261,453.185741150857,458.778926924143,558.612420521068,720.888951423981,315.242146011064,128.848080988211,398.776087378245,628.623151696172,442.41455709529,387.229842884624,959.883740589923,637.595498454532,301.268431037867,487.762542026135,254.842801411971,384.045764459574,546.119289487659,590.360659609115,202.522207153972,1177.88190612243,454.073507631219,730.592352192489,795.769715729562,813.422250590474
92.7040630620086,115.809681375923,13.5100065276915,113.584454264071,124.818789133232,124.734434447467,122.353250988686,58.4302398075215,105.487351833841,44.2715398049427,52.6382749456775,50.3657744421753,94.8695983480716,51.1935976635482,83.3813391805279,160.045136455494,98.6133586545625,74.946368774999,86.7032286138624,58.2940185127741,135.419397465174,125.907721141709,123.921851320217,113.72000940662,112.68175054583,105.562252550295,119.432042285135,122.293504401795,143.035747633749,161.086918916113
