1021.17397962434,260.862908887257,635.84859442008,846.758716142292,1591.74753987232,416.551318380875,313.724917090372,437.890192808148,584.240540781665,516.900931365626,1070.16994401738,439.868315564535,1291.68768393752,465.189849637344,697.213753723657,440.640366352538,877.41857299215,334.168607421124,666.025665011908,1201.23222663553,876.057678876625,399.846149579569,483.817028529153,621.886683590445,1175.24440775214,688.621613285188,592.043026757834,400.810524440932,1000.90032073991,1215.97949539997
747.46796165924,260.862908887257,597.167465720624,136.360546383649,745.180866816659,237.784341655391,313.724917090372,437.890192808148,584.240540781665,516.900931365626,474.538259889571,244.15733096104,316.412250436727,465.189849637344,364.142376532923,440.640366352538,532.466657571369,334.168607421124,406.284125711424,877.775509813876,876.057678876625,399.846149579569,393.982640053283,259.06771818138,456.003890819244,606.551742709329,592.043026757834,400.810524440932,658.580298739351,408.56841682127
280.531108746576,260.862908887257,448.910456145087,136.360546383649,344.070388430594,161.693133172362,313.724917090372,437.890192808148,151.107336912213,454.356068154182,474.538259889571,105.081487458637,316.412250436727,219.275633690681,278.436221716749,440.640366352538,532.466657571369,334.168607421124,293.657075324451,850.221493105669,511.705198475794,399.846149579569,161.991930533704,259.06771818138,431.584504812866,247.517342113677,314.478906280919,277.523343012141,574.654119189849,408.56841682127
280.531108746576,131.967475704948,319.00271515568,126.761321894916,344.070388430594,129.89286856065,215.83363640266,173.213266262121,128.272382327822,454.356068154182,474.538259889571,72.3666491120271,316.412250436727,95.3032701249875,149.078559221813,440.640366352538,178.414914550266,307.952343724246,144.613718148435,754.42496297627,511.705198475794,384.258675796537,110.807841553336,227.608308917864,304.282959159504,137.204055952495,314.478906280919,103.508880975885,230.797225031497,148.918811564723
126.654192277639,64.1692923289505,214.677676364851,71.4413941125923,147.340424231623,94.2726596830123,95.3649092159037,113.175796608144,92.6552155357668,454.356068154182,122.892294482945,59.5274822054452,159.707801459128,57.8400183582965,61.1196305988522,179.739182773041,161.861148750125,91.7543953561982,65.3159234993386,314.894024599327,265.087205332396,210.583026089792,75.0409499996733,116.059441096023,106.842395578797,89.4704504925896,180.584568864819,73.9124725003935,76.4264922571584,148.918811564723
55.5124900404504,51.8805282033059,65.0418645270653,51.5760886505647,64.3797465044766,54.5143788508456,54.8835330547524,55.4293809229261,56.9517372664566,142.029260610692,89.8135059350738,51.4586936890772,61.6241355966214,52.0827630097056,51.412551159634,59.7879817230127,98.0824789978123,53.1455219281661,54.1101235794035,82.0196580846436,72.9742577888047,58.7712262577333,52.7789738377719,70.8889784803821,57.4205329505342,55.9391178748172,63.6509216185593,52.0376505502978,52.8407223546391,63.023892576256
50.3778446343579,50.3580484510993,51.5305294286195,50.7331993974832,50.1577269711359,51.3113914715194,50.9432731222595,50.0035424758978,50.5110508662723,65.3121556579423,61.7501948839406,50.8953609208168,50.6929642532229,50.3184002760911,49.7933160239515,50.7835532024509,83.6631666733206,49.4446566878777,50.2051636795016,51.1798726051552,52.8276219825082,51.4024944999206,50.5637360082129,51.6778224401475,50.7414449201215,50.8885562258968,50.860259681407,50.487388074294,50.44920434373,51.2577552851504
50.1488701660174,50.1159058174538,50.3550489561838,50.1065795807438,50.1224091707604,50.491470163345,50.5743390292625,50.0035424758978,50.5110508662723,50.0593336274773,51.2545140727295,50.2151284723771,50.444308782898,49.6633302623027,49.7933160239515,50.1454739532394,80.6230167137139,49.4446566878777,50.0995798494426,50.0925822532414,51.084737911807,49.9734631758394,50.3667245791138,50.2156263060293,50.5363450454482,50.0442618370255,50.2703416180536,50.487388074294,50.44920434373,50.4972107111518
50.1488701660174,50.022159781494,49.3439310164572,50.1065795807438,50.1224091707604,50.4807943100925,50.3777529087549,50.0035424758978,50.3823869089489,49.8495865118032,51.1199740338919,50.2151284723771,50.444308782898,49.6633302623027,49.7933160239515,50.1454739532394,51.3060768122661,49.4446566878777,49.9440586034176,50.0371326791789,49.7419069503787,49.9734631758394,50.3020852228326,50.2156263060293,50.3749032636223,50.0442618370255,50.1067220672542,50.0625259957654,50.44920434373,50.3386137845369
50.0941219788947,50.022159781494,49.3439310164572,49.9857116987898,50.1224091707604,50.3991135857646,49.9429308169523,50.0035424758978,50.3738572098736,49.4004043769694,49.9533339019376,49.5897204098821,49.7369613850159,49.6633302623027,49.7933160239515,49.9154544861399,49.9940528026558,49.4446566878777,49.8968866086065,50.0371326791789,49.7419069503787,49.9734631758394,50.1888040519976,49.9137112572212,50.3749032636223,50.0442618370255,49.7990917961694,50.0084537912957,49.6376334313888,50.3386137845369
49.5538789829013,49.8756820931887,49.3439310164572,49.6350233171722,49.8366938447061,50.1049158097494,49.9429308169523,50.0035424758978,50.3738572098736,49.4004043769694,49.9533339019376,49.5897204098821,49.7369613850159,49.6633302623027,49.7197657820975,49.9154544861399,49.9940528026558,49.4446566878777,49.8968866086065,50.0371326791789,49.6540103150886,49.9734631758394,49.9878985899585,49.575588439956,49.831027533472,49.822828955005,49.7990917961694,49.7444523914426,49.6376334313888,50.3386137845369
49.5538789829013,49.6857833261315,49.3439310164572,49.6350233171722,49.6820505291212,49.7792979248883,49.4915140642198,50.0035424758978,50.0405650193966,49.4004043769694,49.9533339019376,49.5897204098821,49.7369613850159,49.6633302623027,49.7197657820975,49.8287434374974,49.9940528026558,49.4446566878777,49.8968866086065,50.0371326791789,49.6540103150886,49.9734631758394,49.6969369573348,49.575588439956,49.0804857470511,49.822828955005,49.7990917961694,49.7444523914426,49.6376334313888,49.9391185845187
49.5538789829013,49.645049546951,49.3439310164572,49.4913609537241,49.6820505291212,49.7792979248883,49.4915140642198,49.6918458709923,50.0405650193966,49.4004043769694,49.9533339019376,49.5653062317476,49.7369613850159,49.6633302623027,49.7197657820975,49.8287434374974,49.2946656403853,49.4446566878777,49.832646957775,49.6584046277858,49.6540103150886,49.6134271467439,49.6969369573348,49.575588439956,49.0804857470511,49.4182883709986,49.7990917961694,49.7444523914426,49.6376334313888,49.9357220409102
49.5538789829013,49.6317415509418,49.3030196242629,49.4913609537241,49.6820505291212,49.6360238804512,49.3048086195408,49.5659902553428,49.5315173293434,49.4004043769694,49.5759922983052,49.5653062317476,49.7369613850159,49.6633302623027,49.4332387293873,49.6477449280133,49.2946656403853,49.4446566878777,49.7421499964917,49.6584046277858,49.6540103150886,49.5079557644827,48.8872624581313,49.575588439956,49.0804857470511,49.4182883709986,49.752783821317,49.6939404272326,49.6376334313888,49.8798062625329
49.309269713396,49.4738027207038,49.3030196242629,49.2324961160602,49.6820505291212,48.9748070676325,49.3048086195408,49.1973365826272,49.3367065571745,49.4004043769694,48.9701006129993,49.1528679235936,48.6599208305365,49.6282184554987,49.4332387293873,48.9306971508856,49.2946656403853,49.4446566878777,49.7418028661033,49.6584046277858,49.6008364411618,49.4098115239379,48.8872624581313,49.3186896610401,49.0804857470511,49.1342714533711,49.7346565576175,49.3632006318988,49.0610434149121,49.4779000209132
49.309269713396,49.139081892425,49.2391820123373,49.0641099787231,47.9902219681335,48.9748070676325,49.1028507315666,49.1458234288694,48.883566006926,49.0148372432797,48.9701006129993,49.1528679235936,48.6599208305365,49.1117800287387,49.0395903140704,48.9306971508856,49.2013741008307,49.1112049759011,49.1785219466537,49.1181299285161,49.1540171540762,49.1324117521858,48.8872624581313,49.2316451958235,48.981947165785,49.1342714533711,49.0984314475996,49.0939030853128,49.0610434149121,49.0960852599112
