77.2148683144615,80.3044215443815,77.6686123683576,77.1138576274407,84.1326858165767,85.4936738777333,78.4403285619219,80.1731616882585,81.6130083817106,76.099141663517,83.4396070361549,78.4214086400475,79.179717246805,73.391820985767,80.2473144033156,75.7617794797384,77.7609066131927,86.0911888464639,82.3948629336742,76.4193215599116,78.6492963583505,75.9166726759654,78.906543473146,84.6992974020109,76.4510334453307,76.537186527285,78.1279114841932,81.987979034393,78.4493328663348,76.6092377621944
74.9271646243842,75.3289241867938,74.4417838034542,75.4133860700063,75.1733977297099,75.4060542171019,75.943632859748,74.748819140852,75.1746907378279,75.4703285054411,74.6326748166543,74.9364051823177,75.098960795382,53.6780164906413,75.4096767093706,74.7741733526454,75.417389439272,76.2930201620957,76.1737805914522,74.6921393696139,76.7503622968256,74.4572889960427,73.9557289122681,83.1441821916369,54.7291794310877,74.4134170416182,75.183218868181,76.5563223728964,56.1786404488298,74.837279208693
74.6331228869199,74.8691343883283,74.2628793949866,74.805347392215,74.3866445603653,74.4306663618331,74.7299442089152,74.7042458574983,74.0232496306921,73.9214625520272,74.0413041602224,74.7175492509223,74.67045104421,53.6780164906413,74.471287768512,73.9770754981578,74.0777592441968,75.4182821568543,74.2242025974342,74.4828912544622,74.6200414493164,74.3316113108117,73.9557289122681,83.0880167792056,53.3329055920722,74.4134170416182,74.3698075882371,76.4100210656734,53.717222674125,74.1796758796172
72.6386169361658,73.5509223231115,73.3957046035371,73.9211109190992,73.5045110558267,73.6466972358294,73.4474634125745,73.6732461345141,73.3087026220614,73.6290546611995,73.0223084195732,73.9175562095661,73.4647688897808,53.3814806904052,73.3889475580763,73.4453373551369,73.4221981829332,73.6460798548856,73.8063031091829,73.23390370368,73.8332279462943,73.7845635184071,73.6302772550207,81.5490849323742,53.3329055920722,74.3221876843731,73.2084131627339,75.6280233897733,53.342901798917,73.5188534509821
72.6386169361658,73.3291719126378,73.096516203293,73.0777246582925,72.6657020523421,72.8736284346505,73.3150808766309,73.6033193268331,73.1842154844044,72.925181271421,72.8752056903195,73.1469428522446,73.2140861358589,53.21527303937,73.351288102619,73.4453373551369,73.1545131768103,73.2647121692758,73.8063031091829,72.6568124892556,73.6318940504116,73.4308569555433,73.1840323311571,78.7629008612107,53.3329055920722,73.2174537425776,73.0602550968952,75.6280233897733,53.342901798917,72.9513430706602
72.6386169361658,73.0310495796552,73.0921993008787,72.8644563715784,72.6511725153709,72.8736284346505,72.6584821247934,72.7154949351857,72.6210368007751,72.2646892981106,72.8752056903195,72.7516367213875,73.007538265445,52.8303418883838,72.8644452069284,73.3366822019943,72.6282447850558,72.3568258200689,73.5179610500145,72.6568124892556,73.4502073289227,73.2880231137528,73.0244322243834,78.4835421452062,52.6317318775427,73.1469549167382,73.0602550968952,75.2907481679499,53.342901798917,72.6128260697737
72.6386169361658,72.7772092618584,73.0921993008787,72.8644563715784,72.6511725153709,72.8736284346505,72.6584821247934,72.6335667137573,72.6210368007751,72.2646892981106,72.5863903262143,72.7516367213875,72.8323119372881,52.8303418883838,72.7056837291057,72.7956689797566,72.6282447850558,72.3568258200689,73.5179610500145,72.6568124892556,73.4502073289227,73.150827714685,73.0244322243834,78.2161938581039,52.6317318775427,72.7829617900829,73.0602550968952,75.2907481679499,53.1637877362832,72.6128260697737
72.6386169361658,72.7772092618584,72.8635684801206,72.7278276866432,72.5325589650738,72.8736284346505,72.6584821247934,72.6335667137573,72.6210368007751,72.2646892981106,72.5863903262143,72.5801057762383,72.8323119372881,52.8303418883838,72.7056837291057,72.7956689797566,72.3240440591849,72.3568258200689,73.5179610500145,72.6568124892556,73.4502073289227,72.8207077471693,72.8430502316628,78.2161938581039,52.6317318775427,72.7829617900829,73.0602550968952,75.2907481679499,53.1637877362832,72.6128260697737
72.6386169361658,72.7772092618584,72.8635684801206,72.7278276866432,72.5325589650738,72.8736284346505,72.6584821247934,72.6335667137573,72.6210368007751,72.2646892981106,72.3029623283642,72.5801057762383,72.6408394903056,52.8303418883838,72.7056837291057,72.7956689797566,72.3240440591849,72.3568258200689,73.5179610500145,72.6474704680077,73.4502073289227,72.3430980941171,72.8430502316628,78.1031591032156,52.6317318775427,72.7829617900829,73.0536943138281,75.2907481679499,53.1637877362832,72.6128260697737
72.6345824729024,72.7085814731222,72.6784018630483,72.6035333060381,72.5325589650738,72.8736284346505,72.6584821247934,72.6335667137573,72.6210368007751,72.2646892981106,72.3029623283642,72.5581544920769,72.6408394903056,52.3726766832133,72.5672591292046,72.1738323359496,72.3240440591849,72.3568258200689,73.2103753816705,72.6474704680077,73.4233130756747,72.3430980941171,72.8388211957208,77.8745238038191,52.6317318775427,72.7829617900829,72.3973786756619,75.2907481679499,53.1637877362832,72.6128260697737
72.6345824729024,72.6489758208422,72.6784018630483,72.6035333060381,72.5325589650738,72.8652543290596,72.0321072039492,72.6335667137573,72.331408795731,72.2646892981106,72.3029623283642,72.5581544920769,72.6408394903056,52.3726766832133,72.4359122470069,72.1738323359496,72.3240440591849,72.0354898555693,73.2103753816705,72.6474704680077,73.397833560869,72.3430980941171,72.8219992415684,77.4622103924548,52.6317318775427,72.7829617900829,72.3973786756619,75.22635644004,51.2505082433699,72.5497380211382
72.081071466836,72.6489758208422,72.6679310724439,72.6035333060381,72.5325589650738,72.6188495678098,72.0321072039492,72.6335667137573,72.331408795731,72.2646892981106,72.3029623283642,72.5581544920769,72.6408394903056,52.3726766832133,72.4359122470069,72.1738323359496,72.180012850924,72.0354898555693,73.1291176293335,72.4772166378648,73.2665645515217,72.3430980941171,72.8219992415684,77.4622103924548,52.6317318775427,72.0553980943973,72.3973786756619,75.1722707703825,51.2505082433699,72.5497380211382
72.081071466836,72.544676689547,72.5777964582558,72.6035333060381,72.4106187440811,72.1591829680706,72.0321072039492,72.4498851371995,72.331408795731,72.2646892981106,72.3029623283642,72.3503893005482,72.6124179854287,52.3726766832133,72.4359122470069,72.1738323359496,72.1570926575228,72.0354898555693,73.1291176293335,72.4772166378648,73.2244902360003,72.3430980941171,72.5370253057326,77.4622103924548,52.4128479324158,72.0553980943973,72.3973786756619,75.0088355764296,51.2505082433699,72.5321628756651
72.081071466836,72.544676689547,72.4013764362744,72.5194315802596,72.30023015293,72.1591829680706,72.0321072039492,72.4498851371995,72.0502931568503,72.2646892981106,72.3029623283642,72.1401477362824,72.417530144352,52.3726766832133,72.4359122470069,72.1738323359496,72.1570926575228,72.0354898555693,73.0036620579467,72.4772166378648,73.2069861840296,72.3430980941171,71.915432710799,77.3056836293231,52.1334570863783,72.0553980943973,72.3973786756619,75.0088355764296,51.2505082433699,72.5321628756651
