2886.58216905762,23842.618569324,53729.1933987793,13701.0785049687,28025.4063304712,13394.0046532098,14194.7062621618,9622.3455412289,30709.1647221985,15346.0677443765,34997.4756742885,31748.8253295802,11656.6965667993,24788.5834982691,16048.0159730742,11893.8237560268,35163.886407916,73835.0426363081,3464.36947001692,14776.9814173047,16152.0856385859,7920.24894952359,29046.3923924,18163.275915107,83960.4742030611,9827.93164401214,35160.7449679852,43136.5843787736,46000.7276747367,24139.0501252138
2886.58216905762,23842.618569324,53729.1933987793,13701.0785049687,28025.4063304712,13394.0046532098,14194.7062621618,9622.3455412289,30709.1647221985,15346.0677443765,23902.1202052812,31748.8253295802,11656.6965667993,24788.5834982691,16048.0159730742,11893.8237560268,35163.886407916,73835.0426363081,3464.36947001692,14776.9814173047,12930.3730447743,7920.24894952359,29046.3923924,18163.275915107,83960.4742030611,9827.93164401214,35160.7449679852,43136.5843787736,26573.7562661339,24139.0501252138
2136.33758318642,18557.8402034307,38935.9456975749,13701.0785049687,28025.4063304712,10426.753674815,10553.6758124942,9622.3455412289,16952.0605018319,15346.0677443765,23902.1202052812,31748.8253295802,9155.85257633746,15992.147355038,16048.0159730742,9433.1735653812,23851.7796615986,73835.0426363081,2652.78037590639,10064.5724619435,10011.2029458876,7920.24894952359,23785.7734592047,18163.275915107,62138.8100616183,7798.01155206411,35160.7449679852,43136.5843787736,26573.7562661339,18634.2388242037
1636.46268479282,12156.7582942998,24488.1571007202,13701.0785049687,21596.4164758516,6987.04433449849,5397.71905198241,7118.52405157942,16952.0605018319,12389.6721493226,15811.7862849154,25357.5001703105,6876.23904558368,14071.0829370895,10421.4450415358,6535.06465223612,21449.1077590011,73835.0426363081,1869.32612378179,4257.28356419689,5968.20596106226,7920.24894952359,23785.7734592047,14777.5362659006,62138.8100616183,4857.41459430893,23528.1573994966,43136.5843787736,8396.30354758084,14115.3894779275
496.187083661681,2791.09284510827,8926.90492982455,6972.25505980725,21596.4164758516,2166.69817927463,1967.40208043562,5806.56460957633,12621.619970063,9187.24121207423,4557.91923425013,25357.5001703105,3680.7045020059,4674.48578272255,6674.52995123095,3339.28650303141,9726.34384965743,44694.0924009611,546.111816119104,2596.424078893,1679.48259873122,6037.47440231637,12431.0794147081,12803.4048439668,18670.0433742326,1673.05515177684,23528.1573994966,28355.4201211317,3477.54808510829,8339.52623903312
238.471723009986,657.533000116488,2501.88058170078,5081.97154277803,10557.2346386091,283.075463437902,629.328189242879,3006.94342406882,6038.8775533585,1833.29239947562,525.257853880236,15100.8199984973,558.096573355525,2772.62120093623,1238.22124576009,1488.53956210405,2636.8231181274,33074.518272297,417.989886304268,901.660782362003,264.32798195181,3308.1634131043,6937.28128867296,3800.23629117637,2849.65921129335,573.358712615373,10871.0118477111,23020.857375806,415.543023950004,1401.17086922343
107.067272208345,168.495233910307,263.602075218963,2003.31231973486,3847.15896443877,129.453051363804,138.758078864846,1352.37661934301,981.272144061051,914.332321092878,123.097396551521,3773.93646380411,160.534325395433,223.160916085528,268.556854673013,215.942158620781,305.980004146506,17163.5345932125,126.783047104794,177.030664501679,90.4124485427433,2443.57842361049,889.793711760688,643.191320624777,268.562760343203,109.940946727796,2408.09397064319,6562.1905003476,137.198249597447,261.356947905871
80.2345620906221,92.7586162734824,118.023565825654,478.136479337913,550.139186954783,82.9101199984734,83.151465280368,179.190405563733,122.327784477528,209.295068358953,72.8770819790361,574.950993151355,77.7378949139143,128.611478813481,112.850330719129,101.869621360832,102.596475829283,4650.71423889075,84.3209404985014,101.329476832479,77.4787965100018,415.167399471614,155.338623680575,195.09174241641,106.671757135356,78.87276935932,309.776671235362,2299.56863738076,81.896376572683,104.82097846674
67.9123478036913,67.2516457417678,96.2014183863535,155.867814581874,118.802918394679,78.8203616406468,73.7860027916058,91.9579871332717,80.2597718588595,93.0656814950212,65.4426030094764,131.545868766743,66.1538895271678,77.5570442544586,76.8963997798428,85.0437086336292,72.1164744964572,412.873676011049,70.3983667147918,92.1288845100321,67.2141936826674,177.784977087144,93.610732731152,91.4954374135978,79.0485877889182,66.6824200144019,141.060328361571,236.282364870925,79.241267504337,80.1130219579359
64.863900010027,65.162350759841,65.9377289565928,95.0817599159786,88.047976888819,67.19360271196,65.3638457487486,83.0232707082914,79.0468213181921,67.1495573623847,65.1623483521998,72.4630670002043,65.259282363168,65.4177964723549,70.994236960772,64.9676924803794,65.3230688955714,104.073320766154,65.1115568126861,88.1735202334912,65.2462458339469,119.454706908395,69.0595402297563,76.0781498543524,74.2476613164827,65.3421735079587,83.8068849961446,90.1903594825658,76.7616307583785,69.6314575210422
64.863900010027,65.1150127449496,65.3757717292451,82.1456918377094,85.2582374263839,64.7361481268777,64.8506891408592,80.7999668853167,78.7295622029396,64.899266013942,64.7218332048787,65.8589620596717,64.7624373452636,64.6616110453192,65.4945714608111,64.9676924803794,64.944421081761,86.1540337910264,64.8036511562445,80.1964040921134,64.8292002101889,96.9896271279586,64.7357445657954,65.4632688161059,65.2713401092533,65.0294552995933,80.62444948345,70.3677300694699,65.3399217750816,65.3518286616891
64.7651930614661,64.9415958498048,64.6924338790709,79.0886044633294,78.9314386715419,64.7361481268777,64.8506891408592,75.9455061937365,78.7295622029396,64.7916630370637,64.7218332048787,65.1485447314381,64.7383801843062,64.6616110453192,65.0023412007467,64.8684889471629,64.944421081761,83.5934912490607,64.7561551861977,75.8649358964512,64.4041534190451,81.6995454800158,64.7357445657954,64.7653858653157,64.636762057482,64.6644653002113,78.253046039466,63.8778130371488,64.726178041919,64.6792510531013
64.7651930614661,64.8649382672274,64.640804429197,79.0874758629534,64.8004536653884,64.7361481268777,64.713525308639,75.7849582905937,64.9077799583501,64.7916630370637,64.5378820032074,64.7323925715186,64.7383801843062,64.6616110453192,64.8672973280013,64.8542397595056,64.8791891407909,83.0289099850147,64.519743372945,64.4008940202439,64.4041534190451,76.0070708239446,64.6144732696157,64.7653858653157,64.462478504096,64.6644653002113,75.7178620314917,62.5895102742688,64.7020839125335,64.6792510531013
62.4166547117047,64.6052237434783,64.640804429197,77.7164694468661,62.4319017914463,64.60581422823,64.713525308639,73.5167441575809,64.7152522798001,64.7498504583318,64.4651824237508,62.4630359574981,64.7383801843062,64.6616110453192,62.461863367228,64.7228874672792,64.7938044635421,81.8968582246612,64.519743372945,64.4008940202439,64.4041534190451,75.4979050671554,64.6144732696157,64.7653858653157,64.462478504096,64.2304639497397,75.5045749433343,62.4039361760347,64.7020839125335,64.6717028723929
62.4165971863599,64.6052237434783,64.4680934114749,77.6141854610914,62.3846154236217,64.60581422823,64.5622716697276,73.244580280922,64.5828423760131,62.3573662794688,64.389831463352,62.4019183252835,64.4059577970002,64.5937187330619,62.4618624859218,62.4283242906258,64.4211956305298,81.8369414380218,64.519743372945,64.3296061902752,64.2316286652649,72.8841396990597,64.6144732696157,62.4677210997374,64.1328944953757,64.2304639497397,62.4062613009269,62.4039360927904,64.7020839125335,64.6717028723929
62.3454588048044,62.3454588048048,62.3468874478353,77.5965167011436,62.3454588048066,62.3454588048048,62.3501066348495,73.1932507026522,62.3444263989418,62.3454588048048,62.3454588048039,62.3463788376334,62.3418714549343,62.3691730563014,62.354047375321,62.3537167073596,62.3418714549339,81.8369414380218,62.35371670736,62.3454588048053,62.346887447834,72.8529452560238,62.3454588048048,62.3540473753205,62.346887447834,62.3513578129487,62.3418714549334,62.3524879654265,62.3418714549334,62.3416406854208
