88688463.7262256,114077865.320063,427805.708651205,37730523.5567976,50976121.3288923,6799980.56408397,16025665.9560219,1175236.23262163,7860069.08126085,25748082.39477,773496.884617505,93758516.0381925,14212159.9261324,21656798.4447628,18083213.9960035,11405260.6834446,6746164.24097986,53336300.6918513,59688304.7716684,2897806.36048789,7968944.63741671,22165959.8330679,31249587.3112269,21732075.0137635,4285094.61214874,41941517.6427484,7193339.16404005,1770759.98672214,23971135.9196176,16913408.6337655
3252125.35138909,176461.394199399,84745.3929275565,119147.961015688,884796.672814593,5898501.14772577,2520732.40224332,1175236.23262163,2226417.40329785,3906127.21778825,192844.78998943,6058153.33190487,571814.284991673,423398.815240845,1529311.18913262,3702968.58594913,86977.5963692731,1522229.46469453,4944119.55102042,635011.719760771,605636.54553993,4880341.64384102,5147779.94395982,1963595.44625766,1463487.85353026,5753658.89793792,712551.85212756,7875.4051658658,225582.999186055,1535078.70000427
10991.6309308453,176461.394199399,20106.0329385511,119147.961015688,884796.672814593,3100753.93134249,704374.419959031,760763.552761395,2226417.40329785,949729.999951927,192844.78998943,3411095.26546143,571814.284991673,423398.815240845,373100.429331043,399885.123539945,86977.5963692731,439997.179384993,3011864.82140696,221685.838179298,605636.54553993,398294.729673095,308214.325197023,1963595.44625766,491048.452939125,176960.085944213,712551.85212756,7875.4051658658,158729.883847766,303824.217228815
10991.6309308453,85008.3731891273,13567.6534050458,119147.961015688,474145.616931513,120580.708182431,639220.687662474,321754.70158141,352169.760584077,37786.5198995437,51638.0861911492,72573.5303666311,101824.369608493,36777.6071766725,373100.429331043,164103.726077771,86977.5963692731,141798.638014033,438653.823630078,79425.7539525394,135455.713440251,42162.2259320921,120466.747891331,168640.350616103,64679.5462699022,104121.739767093,32445.3926475057,7875.4051658658,34580.6015637219,155918.569810962
7136.26765899767,8193.24735282828,6342.36149399395,3798.12958981929,4416.43359138664,10668.4239549916,38731.7001154061,6443.39573446367,16776.7391883665,14225.6318223186,4347.98889817257,20001.721645869,1211.91641477901,16441.5019497278,7902.66473950747,4404.13696480047,1414.51744294666,16582.3465285119,13377.4512236243,4663.89175636491,2177.2666316536,1786.76369390996,8495.50976308243,10126.0818250242,5336.01528136867,1643.01661949652,5411.57911025351,6356.9801473519,3611.93651791551,1721.57017610102
830.011981551236,325.149869354633,318.064902248874,78.6556981845808,179.843394840423,1951.83006676065,371.212801115921,642.364586022489,623.082676510592,656.335842355214,787.252096274994,446.777058422948,594.116793220905,429.421211586736,13.2314189682816,684.102230716069,524.680429412083,121.879422181125,782.004334612511,222.548262138907,273.812387813246,819.388155704682,395.80642907839,1021.96668660318,684.581373721191,1062.58298602537,470.673257211182,632.238531336629,836.115019917484,257.779721033966
720.653284024971,306.488430753855,287.020078047588,15.4405640339264,8.56963236361048,437.122243428773,304.151316480161,613.351794559198,584.696354672968,582.824706689562,751.655266521957,340.716995440163,583.555053886363,222.444233990607,9.37118783053029,519.583957560689,492.437323049045,2.67135475582563,740.54321681781,156.249208833483,229.441186481262,785.912760446061,239.454520012943,239.402812214561,614.23508324707,1029.54515521991,424.263702229127,602.164290878436,603.279759223428,225.245347550556
720.645370954712,306.472560090122,287.014671613105,11.3810980750516,6.59417826000686,436.269257052522,303.16476824087,613.335942911036,584.685926565243,582.437135016363,732.007875101799,340.699500368989,583.432094077129,221.327643577258,9.37090741428779,519.216132488245,480.076279416062,2.40620409994267,740.427491354255,156.246489990112,228.500474717607,785.630151910301,239.444989034635,238.866587386103,614.029514662958,1027.34876805398,424.200350089155,602.162987820795,601.341250946603,222.322602629383
720.645370954712,306.472560090122,287.014671613105,11.3810980750516,6.59417826000686,436.269257052522,303.16476824087,613.335942911036,584.685926565243,582.437135016363,732.007872654493,340.699500368989,583.432094077129,221.327643577258,9.37090741428779,519.216132488245,480.076279359999,2.40620409994267,740.427491354255,156.246489990112,228.500474717607,768.201613040588,239.444989034635,238.866587386103,614.029514662958,630.291178345366,407.409923487987,602.162987820795,601.341250946603,222.322602629383
720.645370948273,306.472560037096,287.014671587543,11.3810980717155,6.59417825967944,436.269256896373,294.210289138169,613.33594290021,584.685926546239,582.437135016363,732.007872654493,340.699500365808,578.457324025764,221.327643569639,9.3709074114854,519.216132454987,480.076279351631,2.40620409994267,740.427491354255,156.246489983999,228.500474717607,765.492493310201,239.444989033923,238.866587345204,614.029514555936,615.325876193167,404.062691491574,602.16298782,601.341250946603,222.322602629383
720.645370948273,306.472560037096,287.014671587543,11.3810980717155,6.59417825967944,436.269256896373,294.210289138169,613.33594290021,584.685926546239,582.437135016363,732.007872654493,340.699500365808,578.457324025764,221.327643569639,9.3709074114854,519.216132454987,480.07627934473,2.40620409994267,740.427491354255,156.246489983999,228.500474717607,765.492493310201,239.444989033923,238.866587345204,614.029514555936,615.32587617448,404.062691491574,602.16298782,601.341250946603,222.322602629383
720.645370948273,306.472560027748,287.014671585813,11.3810980692342,6.59417825967944,436.269256896373,294.21028909216,613.33594290021,584.685926546239,582.437135016363,732.007872619634,340.699500365808,578.457324025764,221.327643569639,9.3709074114854,519.216132454987,480.07627934473,2.40620409560029,674.465440692769,156.246489982007,228.500474717607,765.492493253525,239.444989033923,238.866587345204,614.029514555936,615.32587617448,404.062691473053,602.16298782,601.341250945109,222.322602623304
720.64537094193,306.472560027748,287.014671585813,11.3810980692342,6.59417825967944,436.269256895548,294.21028909216,613.33594290021,584.685926544994,582.437135012761,732.007872619634,340.699500363837,578.457324018738,221.327643567505,9.37090740951248,519.216132454987,480.076279338877,2.40620408553855,674.465440692769,156.246489982007,228.50047471675,765.492493211995,239.444989033923,238.866587344073,614.029514555936,615.325876174002,404.062691473053,602.16298782,601.34125093808,222.322602623304
720.64537094193,306.472560027748,287.014671585749,11.3810980688349,6.59417825967944,436.269256895548,294.210289089164,613.33594290021,584.685926544994,582.437135012496,732.007872619634,340.699500363837,578.457324018057,221.327643567505,9.37090740904478,519.216132454987,480.076279338877,2.40620408541076,674.465440692769,156.24648998128,228.50047471675,765.492493210509,239.444989033411,238.866587344073,614.029514555936,615.325876174002,404.062691473053,602.162987817738,601.34125093808,222.322602623304
