1769.76588188683,1558.64611593838,1378.71104879038,1489.38720448274,2340.7179204658,2036.42933832872,1806.4161868083,1758.38292053333,1208.70386889533,1273.39644985983,1697.29906647785,1131.77163817944,1767.95353612333,1921.03400556722,1455.28520879071,1482.79395892297,2155.37458988939,1399.80028002499,1693.62045110407,1630.91828440681,1268.74738895461,1396.40400647939,1525.58699693401,1310.31951539202,1874.62892205337,1891.28263874915,1565.1813420057,1073.60452969542,2015.93181024125,1660.76153598973
694.361374352181,696.304661973388,616.375022409897,677.912599768471,909.329622227468,970.163549685084,650.926926487932,883.623439640733,728.443802762667,630.546501900081,717.068518929611,742.148644061557,786.956778917208,780.449924836296,788.793327153652,852.781130755195,752.608916502552,719.867261526865,837.36866916754,751.147714727139,648.025467518949,670.158073196444,725.341171030856,642.931155486665,973.199430498485,821.192221132686,842.743828624675,580.088985238648,738.427211123488,786.129401699233
641.705112452516,690.080275384576,508.752918543165,677.912599768471,638.790318726175,726.84856770487,537.998116504832,659.084537502871,695.082975567385,594.287401010856,650.133455253593,708.544500349598,718.431243034013,729.966093881561,788.793327153652,639.604219135023,648.033011559853,563.388560205333,830.921985648722,686.116820658068,642.619154034176,670.158073196444,677.034601265894,642.931155486665,702.702310249174,570.871547109284,821.70638909802,580.088985238648,738.427211123488,774.280009789192
450.80710129831,519.420668815729,427.640158850286,392.710181388081,454.806029395985,494.662098804003,429.480402002859,462.579042784351,460.976015020182,438.13867657049,432.906606571558,443.99406635672,501.243104098789,426.471153389234,462.231858837711,423.1812894,462.212448536939,496.655115075606,522.174364899869,493.628571602087,471.945722833807,472.856148575143,469.653475801014,406.587741747552,479.116784998031,416.094155424492,505.023398778148,429.181076977976,561.350369022609,472.461304536787
361.767073769684,337.264654776492,360.599082459024,329.570745428156,334.795201466374,320.625191851118,331.038418557698,358.024924023097,342.145698966867,342.414147973076,362.252913271433,362.356036470152,371.092230010211,346.96613139516,340.478769053183,337.329732964959,351.196670010846,333.266268016365,323.921898467206,355.30777097652,305.276360603397,344.039250639914,360.181457106125,347.296468014159,319.650508478185,345.162927247197,339.773255943378,315.969710216315,376.127409476943,319.991734774243
45.6836219192817,8.12864284850161,111.097903603124,5.74873113644253,7.94679616024428,278.506489246511,22.8386341611035,23.7694300319979,47.6801013671231,16.9466312538145,12.4096419133441,181.12265467083,26.896591464222,321.411939647252,5.49073205296054,97.2651679430205,340.52263645136,232.342694642671,309.583863459141,81.182317865597,7.91640670224342,14.3748750716734,26.9647396020277,16.4557448390613,33.7746389965973,33.2870736054408,317.615621375698,312.861534290029,10.2741201581775,319.991734774243
5.31402460478193,3.97984502939153,8.37939693531712,4.97479705601677,5.96975654939092,9.27118125254833,22.7866064282434,5.96984020428749,17.9269291865187,6.42016357492821,12.0101778204582,4.97764299778123,11.6429745997209,237.839664591211,4.63956516048302,6.05999948329213,11.2261124632278,11.8293962599994,7.12744022988818,4.97497921750505,7.87035363151085,5.9697782028677,4.97487954305393,9.19995255936328,7.31606975972386,25.7608433195901,5.61969825069923,11.4494672853148,9.61392982356824,14.3234496512473
5.31394133345657,3.97983623940831,8.37777534471252,4.97479529793441,5.96975435577315,9.26301424849885,22.7866063559727,5.96975435599097,17.9268302170644,6.42010796919385,12.0101748308746,4.97479528839244,11.642921421422,7.12216816180307,4.63956408587637,6.05995453615833,11.1424411254545,11.8278679960329,7.11346948085611,4.97479529961765,7.87035346404809,5.96975434471938,4.9747952944897,9.19992610248437,7.31595062348447,25.7608301098226,5.15999891571232,11.1182405713701,9.61392865968219,10.8576602715436
5.31394133345657,3.97983623940831,8.37777534471252,4.97479529793441,5.96975435577315,9.26301424849885,22.7866063559727,5.96975435599097,17.9268302170644,6.42010796919385,12.0101748308746,4.97479528752706,11.642921421422,7.12196435249803,4.63956408587637,6.05995453615833,11.1424411094513,11.8278679960329,7.11346941066381,4.97479529961765,7.87035346404809,5.96975434471938,4.9747952944897,9.19992610248437,7.31595062348447,25.7608301098226,5.15999878416915,11.1182401096876,9.61392865968219,10.8576579639823
5.31394133345657,3.97983623940831,8.37777534471252,4.97479529793441,5.96975435577315,9.26301424849885,2.12181447697571,5.96975435599097,17.9268302170644,6.42010796919385,2.13054985097801,4.97479528752706,4.42104160783219,7.12196435249803,4.63956408587637,6.05995453615833,11.1424411094513,11.8278679960329,7.11346941066381,4.97479529961765,2.26535734167214,5.96975434471938,4.9747952944897,9.19992610248437,7.31595062348447,7.92344858120077,5.15999878416915,11.1182401096876,9.61392865968219,10.8576579639823
3.98268181298681,3.97983623940831,8.37777534471252,4.97479529793441,0.000108546341607507,3.98017916941421,0.994993743487157,5.96975435599097,1.99051530971246,2.9850219883765,1.98992119484387,2.98559669728252,2.98491313239924,1.20383849939731,2.99967456959439,6.05995453615833,11.1424411094513,3.99104999153451,2.984921060229,3.98125411767751,1.98992423736445,0.000494124043143529,2.9899938461765,0.995387043258916,1.99098628340448,2.98493049792455,5.15999878416915,1.99052211081948,3.98513494507051,3.46686858140356
3.98262014484794,3.97983623940831,8.37777534471252,4.97479529793441,3.13193595502526e-08,3.97983627932717,0.994959085991923,5.96975435599097,1.98991812171676,2.9848772276298,1.98991818675131,2.98487718720253,2.98487718308547,0.994959798660147,2.98487725592031,2.98506874792997,0.995156459559666,3.97983625816255,2.98487722299433,3.97983628089446,1.98991814712463,2.25236362894066e-08,2.98487722360255,0.994959105438056,1.98991812930285,2.98487720750882,0.995103004177963,1.98991813374937,3.97983629162354,2.98488305012074
3.98262014484794,3.97983623940831,8.37777534471252,4.97479529793441,3.13193595502526e-08,3.97983627932717,0.994959085991923,5.96975435599097,1.98991812171676,2.9848772276298,1.98991818675131,2.98487718720253,2.98487718308547,0.99495907095752,2.98487719680497,2.98487721111655,0.994959071513222,3.97983623428649,2.98487722299433,3.97983628089446,1.98991814712463,2.25236362894066e-08,2.984877206688,0.994959105438056,1.98991812930285,2.98487720750882,0.994959077752128,1.98991813374937,3.97983629162354,2.98487719302034
3.98262014484794,3.97983623940831,8.37777534471252,4.97479529793441,3.13193595502526e-08,1.5272755713911,0.994959085991923,5.96975435599097,1.98991812171676,2.9848772276298,1.59261693463077,2.98487718720253,2.98487718308547,0.99495907095752,2.98487719680497,2.98487721111655,0.994959071513222,3.97983623428649,2.98487722299433,3.97983628089446,1.98991814712463,2.25236362894066e-08,2.984877206688,0.994959105438056,1.98991812930285,2.98487720750882,0.994959077752128,1.98991813374937,3.97983629162354,2.98487719302034
