381.943990555954,286.99472503455,401.182419177063,361.177905669684,378.849800460546,379.536681017021,459.477412921025,294.249326707373,362.237464852485,455.700039783636,245.183447819386,420.189063347058,342.495632458986,488.162708341212,310.300242359645,382.049671394467,297.501977888798,301.759272887959,330.232707552888,279.189298177558,473.478686582881,468.397731952681,281.142851480541,234.817091024765,314.24181449991,405.894784723256,269.400171648096,449.094067534741,399.399704567919,286.449898620239
197.291842175272,201.264200715694,239.736638268239,221.05748791397,230.730102893174,242.549950314909,272.806054834083,227.874442586145,236.909781057351,253.085050832555,207.661785301051,249.936265091756,216.985998364486,277.426108126298,199.229702717019,204.634621277332,216.785066639991,201.188143996843,210.428460344749,223.015446859188,235.775810938781,253.031733563681,229.912864721941,202.954590735191,225.3864481535,217.299129002976,215.045725255897,243.523867261937,242.149979984705,251.719299126959
197.291842175272,201.264200715694,203.256061432273,197.344921493553,218.735596241349,192.181129817339,234.448677496286,197.316327692547,202.961434222809,231.483521912854,169.678080875723,217.005106372502,212.963283098401,233.832178574393,199.229702717019,204.634621277332,206.399425827557,201.188143996843,210.428460344749,196.363064874372,204.892473752624,221.227458526223,181.274078658718,202.954590735191,210.473615937137,213.065932185999,215.045725255897,224.862105997189,213.283007808781,207.756726771569
197.291842175272,201.264200715694,203.256061432273,195.205788683044,188.315111819184,192.181129817339,205.456949331272,166.015144632309,202.961434222809,189.287642206722,169.678080875723,214.388375926023,199.144441354661,193.037409821178,199.229702717019,195.624253679326,197.547608718478,201.188143996843,208.900188484944,187.432190972278,199.483421443756,205.902275209052,181.274078658718,202.58244817084,201.705399165543,213.065932185999,197.315988196032,206.202115292725,213.283007808781,207.756726771569
194.632011502064,195.032876339618,179.405433006893,175.661489398089,188.315111819184,192.181129817339,189.74245041829,166.015144632309,182.049153991158,189.287642206722,169.678080875723,183.832291110407,199.144441354661,193.037409821178,181.012492173456,195.227970872349,192.132982383277,160.433650212221,185.931506555297,187.432190972278,195.839997008935,184.509928305497,181.274078658718,196.310959886637,167.713130648934,195.677079764046,174.189828269768,172.866221961426,189.358351139757,202.272937212033
147.352184057836,172.526067854165,168.609913010749,175.661489398089,34.9142478379883,187.118273961884,35.4724570992944,159.995118026595,38.6403158755083,178.963955451721,169.678080875723,169.931714326892,178.419484712711,33.8765085537561,168.361771015126,162.606037206704,180.080849429537,39.6242402615819,172.165702790591,174.657010275186,84.2068389287001,36.5839811764999,179.814148416612,190.870133622147,153.933317606299,166.20428915995,33.2255121773389,102.756088724174,189.358351139757,185.998133266985
36.9495833477863,42.1044703471734,47.3525381279478,34.4951083874646,34.7219492573086,39.8861292744011,35.4724570953281,159.995118026595,38.6016559312886,35.6131258462119,169.678080875723,35.954983874313,36.266285758086,33.8765084227784,34.547892085385,35.8859959711158,37.6733580790979,35.0414204697495,35.2827908483177,173.394380790167,36.1724721667592,34.7302953476858,35.3594238395799,36.6050649500387,45.236638187951,35.0870441304148,32.9484548366995,35.3792480565842,36.5440740481649,37.3366210155793
36.949368352005,38.4904023836914,37.1890613941707,34.4951083874646,34.7219492573086,33.100802024737,35.4724570953281,34.0100401179645,38.6016559312886,35.5890560488128,168.551529938258,35.9512732225776,36.2662813837696,33.8765084227784,34.547892085385,35.8859959711158,37.6733566238195,35.0414204697495,35.2827908483177,173.394380790167,36.1724721667592,34.7302953476858,35.3593960955773,36.5989269550964,35.834487360924,35.0870441241482,32.9484548366995,35.3792480565842,36.5440740481649,37.0280345580277
36.949368352005,38.4904023836914,37.1890613941707,34.4951083874646,34.7219492573086,33.100802024737,35.4724570953281,33.405044274316,38.6016559312886,35.5890560488128,167.97750796881,35.9512732225776,36.2662813837696,33.4506503704297,34.547892085385,35.8859959711158,37.6733566238195,35.0414204697495,35.2827908483177,38.7203189787301,35.2291133606354,33.8319238147174,35.3593960955773,36.5989269550964,35.834487360924,35.0870441241482,32.9484548366995,33.7438340255439,36.5440740481649,37.0280345580277
36.949368352005,38.4904023836914,33.4508223109131,34.4951083874646,33.3568408200774,32.9531991221472,32.1794777035234,33.405044274316,38.6016559312886,34.0133999370296,38.0145288382328,32.3110474140362,33.9443512764028,33.4506503704297,34.547892085385,35.8859959711158,37.6733566238195,35.0414204697495,35.2827908483177,38.7203189787301,35.229113355241,33.7654063298673,35.3593960955773,36.5989269550964,35.834487360924,31.6859550792037,32.1208435025826,33.7160896153632,36.5440740481649,33.5111806018795
32.946367901978,38.4904023836914,33.4508223109131,33.2537762370634,33.3568408200774,32.9531961208397,32.1794777035234,33.405044274316,33.2002503091569,34.0133999370296,38.0145287889263,32.3110474140362,33.9443512295172,33.4506503704297,34.547892085385,35.8859959711158,33.4009505642402,32.6586111844867,33.8454629468226,38.7203189787301,35.229113355241,33.7654063298673,35.3593960955773,36.5989269550964,33.0937137959847,31.6857376825701,32.113475391739,33.7160896153632,36.0590381262161,33.5110883829434
32.946367901978,34.1990302038043,33.4508223109131,33.2537762370634,33.3568408200774,32.9531961208397,31.8112458016158,33.405044274316,33.2002503091569,34.0133999370296,32.6239697514995,32.3110474140362,33.9443512295172,33.4506503704297,33.2200845808679,33.6943067242487,33.4009505642402,32.6585921446713,33.8454629468226,33.2479202811141,35.229113355241,33.7654063298673,33.6726213615657,33.0386165734712,33.0937137959847,31.6857376825701,32.113475391739,33.7160896153632,36.0590381262161,33.5110883829434
31.3606077573318,34.1990302038043,33.4508223109131,32.3838075668546,31.6072911552069,32.9531961208397,31.8098668434923,33.405044274316,31.8689426301237,31.8598546959697,32.6142532124366,31.3989975324939,31.0888227776197,31.2499837084531,33.2200845793946,33.6943067242487,33.4009505642402,32.6585921446713,31.986784634536,33.2479202811141,35.229113355241,31.7452809155561,33.6726213615657,33.0386165734712,33.0082629051149,31.6857376825701,32.113475391739,33.7160896153632,35.6553642754325,33.5110883829434
31.3604671024964,31.7772576088505,32.8667789396804,32.3834943763609,31.6072744488602,31.9359849779598,31.8098668434923,33.405044274316,31.3735285958157,31.8598546959697,31.3574618525481,31.3989975324939,31.0888227776197,31.2499837084531,33.2200845793946,30.8078571275489,31.9700469102509,32.0880979574185,31.8803600886572,32.4008704446487,32.2298482587246,31.7452809155561,31.6487822608651,31.5294063832491,31.5209309190791,31.6857376825701,31.4387329773433,31.1939733070697,32.3868722296163,31.9468855126372
