226586.026637901,227712.431563158,280642.401353628,254963.639885659,472954.915183884,196264.887806711,149084.917465449,144127.62689771,201917.169075366,213963.401477931,289220.347410825,181937.094675915,122242.739504949,214354.694019274,161412.455532819,150435.724967572,146105.29724934,240617.776483915,215949.420834915,204418.718056541,172839.119187117,191618.715445299,5140559.02993703,306480.44067432,222328.784867505,168482.378412895,229266.908778783,259201.874428295,238440.400565516,416143.368955306
196697.664409876,200164.781562917,141935.408477315,129341.392483092,132730.435286518,196264.887806711,149084.917465449,143303.116834949,190262.665805092,156514.22998998,268565.198512869,169355.542502258,106606.335326827,195430.274298053,100172.532813574,121767.241764242,143089.850535971,123543.94768277,197837.754839213,191699.175349411,172616.071425232,132313.899944832,247411.663260724,162893.99869478,135222.414073623,168482.378412895,224548.426154875,227005.544130644,202106.349368422,171132.610614954
196697.664409876,195380.967776941,135285.980043032,121147.961784278,132730.435286518,196264.887806711,128135.891538686,133398.002430932,189272.230656939,156346.556870917,247315.131086382,169355.542502258,97003.9786438441,195430.274298053,100172.532813574,121767.241764242,143089.850535971,123543.94768277,197837.754839213,181978.265694312,164952.923547742,128342.527829869,247411.663260724,162893.99869478,127819.165218943,165468.24519605,221251.813112494,140500.244902269,192195.185451276,167341.763237094
188379.729006527,179441.725047076,128350.23785908,121053.531683564,131830.53017613,176021.361211187,119325.938762146,116340.111105695,179175.199252491,153220.279701883,236326.551523975,169355.542502258,88261.4520133041,181204.65962966,100172.532813574,114270.071830323,134205.251686075,117109.355192555,190419.750336129,170343.867011048,143552.029793309,125686.245061711,237444.039287477,159579.940118146,127050.906798772,165468.24519605,194590.371249933,128521.737232987,192195.185451276,164312.561865534
151036.056514437,140389.392009724,90376.3417242213,88512.6227209646,110989.64500578,140625.646925857,77680.1884023732,75386.549387033,156019.196830968,130455.358630564,159897.97259242,148019.474172554,66033.5778341497,141415.801248733,81562.7080578244,65066.8291962332,115207.479556241,93731.5852325223,139599.283172022,134936.42813417,115319.060643681,108974.396989539,198344.949666402,131884.846845793,102291.97060976,152321.253905977,147988.842506656,108733.547832254,171669.420944947,136709.793554617
9011.96479920669,8163.90108502854,8000.49048504793,6458.73509613677,10718.0547742517,9892.23227563432,8026.86435564683,4573.96748242507,18671.6678472633,7925.67585278269,8760.42575260385,12721.3436618108,5938.58333608683,13200.3022375875,6125.6413859152,3435.56783472242,7282.00644872406,7009.33964481027,6006.09983336522,10327.5056763123,5503.85450548695,7038.89770619095,16010.6918543809,13508.3979973069,6879.4644131988,12779.5190404984,11692.1463510089,10961.4177322143,12003.9916821729,8146.27831571196
3.21801495091836,2.55850148295917,1.16179772007399,1.45508477021917,0.819064198791921,0.643923598814581,1.5104363300552,1.30979898571013,1.9862092814792,2.6010348548682,0.791821511462558,2.57834880006726,0.583593310191418,3.80781490956883,1.1596916010858,1.24886096155592,2.29193805647105,2.66331887859451,0.674266510811776,2.31120161816216,1.08663613377325,2.53351608931371,4.86638019135808,1.7815296997469,0.766953117340563,1.8944463760788,1.5269645439696,1.69824807909299,1.68458561879265,1.70602117005956
3.79846164832998e-06,5.70249267184408e-06,2.58464865510177e-06,2.72493980446598e-06,5.19215745953261e-07,8.44033820612822e-07,2.63778792941594e-06,1.3201824913267e-06,2.10219945984136e-06,7.39652887205011e-06,1.22903134069929e-06,3.04260674965917e-06,7.28224677004619e-07,5.85872544434096e-06,2.5382742023794e-06,1.14516865323822e-06,3.34778292199189e-06,1.4046847809368e-06,6.52092012387584e-07,2.39115138356283e-06,8.92433263288694e-07,1.65804135576764e-06,3.04886339108634e-06,8.99023234524066e-07,8.80640754985507e-07,2.48589981310943e-06,9.98331188384327e-07,6.53647475701291e-07,1.74816818798718e-06,4.3882691898034e-06
4.60227056464646e-09,4.57225723948795e-09,4.89171725348569e-09,2.15729869523784e-08,1.1010797607014e-08,1.35244135890389e-08,2.04158823180478e-08,8.05721356300637e-09,3.37640813086182e-08,3.81439804186812e-08,1.30276021081954e-08,2.92361619358417e-08,7.48036654840689e-09,4.32496563007589e-08,1.98717771127122e-08,1.58086095325416e-08,1.90730133908801e-08,1.97576355276396e-08,1.38088580570184e-08,2.37650965573266e-08,2.53305643127533e-08,1.53775090439012e-08,1.09262145997491e-08,1.94288531929487e-08,9.88370629784185e-09,2.37159838434309e-08,9.84255166258663e-09,7.51015249988995e-09,1.20651293400442e-08,3.67549546353985e-09
4.60227056464646e-09,4.57225723948795e-09,4.89171725348569e-09,2.15729869523784e-08,1.1010797607014e-08,1.35244135890389e-08,2.04158823180478e-08,8.05721356300637e-09,3.37640813086182e-08,3.81439804186812e-08,1.30276021081954e-08,2.92361619358417e-08,7.48036654840689e-09,4.32496563007589e-08,1.98717771127122e-08,1.58086095325416e-08,1.90730133908801e-08,1.97576355276396e-08,1.38088580570184e-08,2.37650965573266e-08,2.53305643127533e-08,1.53775090439012e-08,1.09262145997491e-08,1.94288531929487e-08,9.88370629784185e-09,2.37159838434309e-08,9.84255166258663e-09,7.51015249988995e-09,1.20651293400442e-08,3.67549546353985e-09
4.60227056464646e-09,4.57225723948795e-09,4.89171725348569e-09,2.15729869523784e-08,1.1010797607014e-08,1.35244135890389e-08,2.04158823180478e-08,8.05721356300637e-09,3.37640813086182e-08,3.81439804186812e-08,1.30276021081954e-08,2.92361619358417e-08,7.48036654840689e-09,4.32496563007589e-08,1.98717771127122e-08,1.58086095325416e-08,1.90730133908801e-08,1.97576355276396e-08,1.38088580570184e-08,2.37650965573266e-08,2.53305643127533e-08,1.53775090439012e-08,1.09262145997491e-08,1.94288531929487e-08,9.88370629784185e-09,2.37159838434309e-08,9.84255166258663e-09,7.51015249988995e-09,1.20651293400442e-08,3.67549546353985e-09
4.60227056464646e-09,4.57225723948795e-09,4.89171725348569e-09,2.15729869523784e-08,1.1010797607014e-08,1.35244135890389e-08,2.04158823180478e-08,8.05721356300637e-09,3.0983073884272e-08,1.90982518688543e-08,1.30276021081954e-08,1.91359958989779e-08,7.48036654840689e-09,4.32496563007589e-08,1.98717771127122e-08,1.58086095325416e-08,1.90730133908801e-08,1.97576355276396e-08,1.38088580570184e-08,2.37650965573266e-08,2.53305643127533e-08,1.53775090439012e-08,1.09262145997491e-08,1.94288531929487e-08,9.88370629784185e-09,2.37159838434309e-08,9.84255166258663e-09,7.51015249988995e-09,1.20651293400442e-08,3.67549546353985e-09
4.60227056464646e-09,4.57225723948795e-09,4.89171725348569e-09,2.15729869523784e-08,1.1010797607014e-08,1.35244135890389e-08,2.04158823180478e-08,8.05721356300637e-09,1.79668404598488e-08,1.90982518688543e-08,1.30276021081954e-08,1.91359958989779e-08,7.48036654840689e-09,4.32496563007589e-08,1.98717771127122e-08,1.58086095325416e-08,1.90730133908801e-08,1.97576355276396e-08,1.38088580570184e-08,2.37650965573266e-08,2.53305643127533e-08,1.53775090439012e-08,1.09262145997491e-08,1.94288531929487e-08,9.88370629784185e-09,2.37159838434309e-08,9.84255166258663e-09,7.51015249988995e-09,1.20651293400442e-08,3.67549546353985e-09
4.60227056464646e-09,4.57225723948795e-09,4.89171725348569e-09,2.15729869523784e-08,1.1010797607014e-08,1.35244135890389e-08,2.04158823180478e-08,8.05721356300637e-09,1.79668404598488e-08,1.90982518688543e-08,1.30276021081954e-08,1.91359958989779e-08,7.48036654840689e-09,4.32496563007589e-08,1.98717771127122e-08,1.58086095325416e-08,1.90730133908801e-08,1.97576355276396e-08,1.38088580570184e-08,2.37650965573266e-08,2.53305643127533e-08,1.53775090439012e-08,1.09262145997491e-08,1.94288531929487e-08,9.88370629784185e-09,2.37159838434309e-08,9.84255166258663e-09,7.51015249988995e-09,1.20651293400442e-08,3.67549546353985e-09
