948.68083048659,1153.02617894016,445.592377794107,570.742271752942,971.537062036497,553.453046565832,364.455760867783,907.341546761818,644.327292628689,681.314231815178,694.899173246533,1207.33876874838,721.222629282932,558.237319328482,1375.67263301502,1051.66071245817,505.294702334489,891.933374786799,524.303430829231,914.016285923529,844.291278719159,1230.24791863731,695.777229438461,440.46078051227,387.063602828161,998.127126096481,1069.498089058,904.749481131948,484.469398805505,376.984810953295
250.959751022681,361.507157241879,352.629718388282,570.742271752942,563.100691132009,187.532240639202,345.251423462181,287.584981002569,254.323558972568,185.727155619142,391.14731859176,242.143091304252,503.759171738305,155.722307888271,736.126352033392,778.50435184346,390.96206026757,337.301179369359,524.303430829231,460.409694220688,752.402917678187,369.638228431324,490.029468363131,404.964411016029,387.063602828161,567.418852531398,458.181919427283,597.208964569479,446.745148495869,376.984810953295
250.959751022681,361.507157241879,352.629718388282,481.412748083198,559.903221516096,187.532240639202,327.008363970272,261.165783571422,254.323558972568,185.727155619142,333.836254246526,242.143091304252,306.280803677849,155.722307888271,643.476213970554,458.635594537263,390.96206026757,326.928825488741,172.855065990953,400.573571631163,523.68710768799,369.638228431324,308.570668521688,391.931155084085,387.063602828161,310.107336833253,363.877355684332,275.355744341212,315.851003170975,277.164433843435
250.959751022681,361.507157241879,279.830131475479,214.975434570666,233.689107648748,187.532240639202,258.599287751714,43.6319138122346,248.907791115318,185.727155619142,333.836254246526,242.143091304252,57.8461029499085,155.722307888271,276.831992687185,458.635594537263,304.084177934429,193.334661922888,24.0213965877804,301.087179203761,523.68710768799,250.597181870698,220.11658086291,384.351537759811,237.881889965063,207.581470560382,363.877355684332,228.485605502885,80.0921141849292,234.973631326009
250.959751022681,231.336728329277,270.78225722865,214.975434570666,220.607073939293,6.30451577910344,8.22423460531536,5.86753736177002,248.907791115318,9.25690133224862,207.248832939002,242.143091304252,7.98497464031016,9.08916497156815,245.619519596016,20.3363709315092,22.795329121896,193.334661922888,6.54611637654716,219.620452808835,24.6126870056207,250.597181870698,220.11658086291,364.620566583752,174.168849064326,207.581470560382,15.5320418328679,220.796837119498,6.27288601436635,226.581854835408
45.4929567056083,221.11673791468,13.1733885886717,5.01962312706701,21.6948716181842,4.56144255331424,5.20160361975013,5.68107375953855,6.79382745918383,6.47205700265044,207.248832939002,8.64822800830802,6.60899805505801,8.19434875599381,32.0389715458664,6.29938102771644,2.63230848123953,7.23085621088285,6.54611637654716,180.129323425811,6.29584394601511,14.7206913082152,5.71913093684361,114.717353691158,33.757643339972,186.106709388645,5.23510884653842,220.796837119498,3.53652951520849,4.22891963992674
2.45378425782519,147.61922916807,7.89412370132595,5.01962312706701,6.78701477413938,4.56144255331424,5.20160361975013,5.68107375953855,6.75991441377482,6.47205700265044,202.601918050541,6.34284261097264,6.60899805505801,8.19434875599381,6.74569086658607,4.36782167024876,2.63230848123953,7.23029001851569,3.76396471742805,4.49639374660501,4.26402565751141,6.35002937791683,5.71155112790029,6.49929644007716,6.67935097552868,164.2290535828,5.23510884653842,6.21016911057086,3.53652951520849,4.22834595016116
2.45378425782519,78.5174675724672,5.72897959341299,5.01962312706701,6.78701477413938,4.56144255331424,5.20160361975013,5.68107375953855,6.75991441377482,6.47205700265044,128.548806607487,6.34284261097264,6.60899805505801,8.19434875599381,6.43414107781518,4.36782167024876,2.63230848123953,4.56060336767746,3.76396471742805,4.49454558987736,4.26402565751141,4.78113040217249,5.71155112790029,6.49929644007716,6.67935097552868,164.2290535828,4.26376804608094,6.21016911057086,3.53652951520849,4.22834595016116
2.45378425782519,6.60642681822355,5.72897959341299,5.01962312706701,6.78701477413938,4.56144255331424,5.20160361975013,5.68107375953855,2.8009841496355,5.09958231426003,123.373762206519,6.34284261097264,5.68125822085494,8.19434875599381,5.01530074039556,1.50187273761367,2.63230848123953,4.56060336767746,3.76396471742805,4.49454558987736,4.26402565751141,4.48605454336393,5.71155112790029,6.49929644007716,6.67935097552868,3.96506806804769,4.26376804608094,6.21016911057086,3.53652951520849,4.22834595016116
2.45378425782519,6.60642681822355,5.72897959341299,5.01962312706701,6.78701477413938,4.56144255331424,5.20160361975013,5.68107375953855,2.8009841496355,5.08498047230182,123.373762206519,6.34284261097264,5.68125822085494,8.19434875599381,4.46204872433987,1.50187273761367,2.63230848123953,4.56060336767746,3.76396471742805,4.49454558987736,4.26402565751141,4.48605454336393,5.71155112790029,4.92215201389445,6.67935097552868,3.96506806804769,4.26376804608094,6.21016911057086,3.53652951520849,4.22834595016116
2.45378425782519,6.60642681822355,5.72897959341299,5.01962312706701,6.78701477413938,4.56144255331424,5.20160361975013,5.68107375953855,2.8009841496355,5.08498047230182,123.373762206519,6.34284261097264,5.68125822085494,8.19434875599381,4.46204872433987,1.50187273761367,2.63230848123953,4.17056183565978,3.76396471742805,4.49454558987736,4.26402565751141,4.48605454336393,5.71155112790029,4.92215201389445,6.67935097552868,3.96506806804769,4.26376804608094,6.21016911057086,3.53652951520849,4.22834595016116
2.45378425782519,6.60642681822355,5.72897959341299,5.01962312706701,6.78701477413938,4.56144255331424,4.93135919217116,5.68107375953855,2.8009841496355,5.08498047230182,102.028789042643,6.34284261097264,5.68125822085494,8.19434875599381,4.46204872433987,1.50187273761367,2.63230848123953,0.788864119730988,3.76396471742805,4.49454558987736,4.26402565751141,4.48605454336393,5.71155112790029,4.92215201389445,6.67935097552868,3.96506806804769,4.26376804608094,6.21016911057086,3.53652951520849,4.22834595016116
2.45378425782519,6.60642681822355,3.16733126411691,5.01962312706701,6.78701477413938,4.56144255331424,1.09561376960369,5.68107375953855,0.648838605668516,5.08498047230182,102.028789042643,6.34284261097264,5.68125822085494,8.19434875599381,4.46204872433987,1.50187273761367,2.63230848123953,0.788864119730988,3.76396471742805,4.49454558987736,4.26402565751141,4.48605454336393,5.71155112790029,4.92215201389445,6.67935097552868,3.96506806804769,4.26376804608094,6.21016911057086,3.53652951520849,4.22834595016116
2.45378425782519,6.60642681822355,1.08334410575253,5.01962312706701,6.78701477413938,4.56144255331424,1.09561376960369,5.68107375953855,0.640309858255023,5.08498047230182,102.028789042643,6.34284261097264,5.68125822085494,8.19434875599381,4.46204872433987,1.50187273761367,1.14272860767301,0.788864119730988,3.76396471742805,4.49454558987736,4.26402565751141,4.48605454336393,5.71155112790029,4.92215201389445,6.67935097552868,3.96506806804769,4.26376804608094,6.21016911057086,3.53652951520849,4.22834595016116
