131955130307.158,91474058819.8447,127192795133.466,79180396310.6157,121166120482.957,147330074499.552,75023647753.3653,130851658682.508,56963385232.7784,117206554293.333,75938495313.7121,85723677546.5524,71074633811.6013,152626671591.235,88987417329.3358,161830243719.638,126711034802.153,107441324038.445,155813648248.8,110759951532.511,95959447834.2262,137466258767.813,152748702178.956,85432808748.8689,144336223177.25,112946150627.577,112257242811.169,98333820348.4883,179507931333.864,149784785671.818
131955130307.158,91474058819.8447,127192795133.466,79180396310.6157,121166120482.957,147330074499.552,75023647753.3653,130851658682.508,56963385232.7784,117206554293.333,75938495313.7121,85723677546.5524,71074633811.6013,152626671591.235,88987417329.3358,161830243719.638,126711034802.153,107441324038.445,155813648248.8,110759951532.511,95959447834.2262,137466258767.813,152748702178.956,85432808748.8689,144336223177.25,112946150627.577,112257242811.169,98333820348.4883,179507931333.864,149784785671.818
131955130307.158,91474058819.8447,127192795133.466,79180396310.6157,121166120482.957,147330074499.552,75023647753.3653,130851658682.508,56963385232.7784,117206554293.333,75938495313.7121,85723677546.5524,71074633811.6013,152626671591.235,88987417329.3358,161830243719.638,126711034802.153,107441324038.445,155813648248.8,110759951532.511,95959447834.2262,137466258767.813,152748702178.956,85432808748.8689,144336223177.25,112946150627.577,112257242811.169,98333820348.4883,179507931333.864,149784785671.818
129790137579.089,85778225095.2557,127192795133.466,75033185216.3028,111676273250.592,146173736501.402,69571585967.2945,126624740029.656,52292688916.4035,111810253953.3,72641163661.0817,85723677546.5524,67532459201.0614,146807002583.583,88184920776.104,154537138586.896,118111165924.057,105905532343.98,137597092005.761,102875536987.254,92649881642.537,132538126656.914,145694389974.084,84226454411.3014,142293220781.018,109764110871.894,101497087507.803,89986811351.8919,179031429431.786,142151655080.743
125793752604.287,77622931944.8678,123694973584.73,70560135174.6979,109788543941.916,138253051216.769,66964538407.4814,120781850624.116,49130988159.5312,100533848660.729,68377965189.5783,80379343765.7617,62019076955.098,140477060330.34,80609075403.1464,150457915316.766,109704960282.93,97501010630.2337,137597092005.761,97328343757.7981,87823575439.1161,125812871648.512,136616205957.491,76400990662.3458,133333724827.678,105147212024.767,97550774759.9461,82552910633.9406,166551445376.926,135013135529.887
108708068481.036,66129471451.6135,110083983167.275,60951764282.8061,94410680893.7377,115611754838.884,56753750093.0532,101756355873.574,41357414255.4646,89031226054.4936,56463344042.3252,72552536286.7545,55385725967.7453,126218995110.171,62939267993.6011,128316940018.067,87021377480.8095,84946762205.9166,118195403758.767,84031951065.1312,78103780547.1261,111101082860.058,117364688035.557,65951592499.2938,112299874482.906,88436165901.8795,84460979504.2911,63812289724.7834,148125228285.753,121553932019.669
94523548884.0678,42843138083.0771,78923271038.9504,40377554220.9228,67936400541.0592,72809682803.3302,36693985633.689,78187011127.0997,22044699438.9877,63700904952.1894,35957852182.219,48807553703.2281,40046902994.8258,95850392767.6678,31237551876.748,102255755700.235,59016209646.0099,64444357349.996,87119917998.5246,59712126274.6698,46921130127.8554,87991216270.672,78932934405.9558,48638344452.7072,76321731408.5053,53292885011.7317,56967581079.0459,37151454274.5948,106749883419.731,82924663861.0122
32134387523.6955,3969520258.20287,12854777659.2406,9514515969.715,14332198368.7334,10027951186.1662,6621905942.19251,15035456093.5575,5828067157.20654,16717366360.711,8734659402.72771,7725608968.96782,8577405760.52987,33032901466.3197,10909701143.0997,19170831077.2714,13974630462.7462,14382381300.4778,21493563535.8856,11864899608.6192,7007254978.90957,18332582761.4959,17233683216.3866,12006475755.4497,17528996971.9468,11611942005.6841,15714989847.5034,8640912082.40596,34197128536.2771,17633380082.6844
2716577704.80639,1298892925.1899,1279379574.40527,1183703394.69356,2064992859.2431,1250986096.33772,1213495835.80469,1592382295.33859,978322108.046527,2137161859.85068,1367374502.83833,1031814542.13888,1229974541.38661,3150827591.74301,1237797315.52796,2101649526.90892,1527482270.54155,1575279569.07003,2240693328.61589,1357703256.44899,1253853183.50226,1717131163.52616,1445706804.42454,1576163873.76703,2661372733.44778,1393561949.45148,1098212653.19008,1091246457.54623,3345303111.60233,2552814350.86545
81414740.7142216,35043823.7532317,74725823.8263661,44655224.8997745,60334850.4130788,61888066.7086789,56138278.0353641,87323602.2704924,46328707.6197603,96782151.5913213,71420649.0226635,53817339.120692,54609172.0134878,119563704.037175,72656379.49146,95627870.6104692,104190223.480849,82639541.9223984,77005575.7122027,70924706.2758185,71877607.0909853,64680387.1576872,81549296.2764064,51855706.5068941,80688147.2261126,39882153.8649617,97963285.2340268,50055249.0664857,103672236.380233,126521603.725775
269517.386880868,174617.473118914,235608.190632993,241394.148100038,318128.034631905,177991.07161971,196466.334281551,323528.199677377,174352.796634542,233574.461840034,258418.789542468,144963.594291791,128545.062011801,301024.149238654,206563.51395512,205872.479770092,402422.322282358,396622.411918652,207698.304399383,130911.193977378,265319.444131361,235342.264198825,513069.242257704,351725.279211587,522902.645055557,197085.264475598,298562.893234068,237192.194907025,381043.383982592,372965.21671853
48.5875217980082,3543.53792057877,2487.84578970025,3880.37276504219,291.492866027489,3589.24963102044,34.1243609447289,2308.9814924303,31.6809451257012,5692.33392826753,276.036397756226,2743.90482035362,1326.44925650303,88.3985534137445,652.92942506699,1111.59859950187,21.6142534098514,2467.43553208947,487.404270777919,208.766638420175,3169.1306724099,3632.44880013605,197.38146590988,974.598254898229,72.60790513561,4603.97242186412,3027.90387984572,313.516789310809,2981.53799484023,3739.91824100294
20.6236700594879,967.247971729371,1530.09340324407,2405.05293546969,156.18956583772,1129.25354498113,19.5819415408809,1712.05953921188,19.0025918775459,3679.08277165539,91.8213632959206,575.180943600985,774.12148400952,48.2964575560079,202.996855411156,621.253456999062,3.7694808609787,560.854906456477,256.806070245283,133.209070921525,587.037211868519,1496.54261749602,89.8492193707839,769.405639021594,32.9209273081268,1833.3160178302,2010.32836902062,181.290533102572,1198.0781849102,1685.39354493821
8.1641687188494e-08,1.98155731823135e-08,7.75444419787163e-08,7.10043224216861e-08,8.55563655477454e-08,3.66268153584315e-08,4.09879845619798e-08,4.99908878737187e-08,2.44628637346977e-08,3.05964533708902e-08,2.19447855442922e-08,2.25533511866161e-08,3.77859663558411e-08,5.26856496207984e-08,4.01891639967289e-08,2.61318717775794e-08,5.45175566912803e-08,2.52101131081872e-08,2.78817964272093e-08,2.28749286179664e-08,2.68216240328911e-08,2.95241306957905e-08,4.23937223104076e-08,3.90767098679135e-08,3.36558656499619e-08,2.34210517646716e-08,5.47920535609592e-08,4.66708769408797e-08,2.68453135277014e-08,2.57918060242446e-08
3.03956966263286e-08,1.98155731823135e-08,6.4943066035994e-08,4.15207637161075e-08,8.55563655477454e-08,3.66268153584315e-08,1.51046037899505e-08,1.98237444237748e-08,2.44628637346977e-08,3.05964533708902e-08,2.19447855442922e-08,2.25533511866161e-08,3.77859663558411e-08,3.25113092003448e-08,1.87180546618038e-08,2.19998810280231e-08,5.45175566912803e-08,1.7471990076956e-08,1.94930862562614e-08,2.28749286179664e-08,2.68216240328911e-08,1.66223941278076e-08,4.23937223104076e-08,3.90767098679135e-08,1.73206586850938e-08,2.34210517646716e-08,4.11778415809749e-08,2.99267384207269e-08,2.68453135277014e-08,2.57918060242446e-08
1.55901886955689e-08,1.98155731823135e-08,2.00299439256924e-08,1.44495260201438e-08,1.78802395112143e-08,1.76230940951427e-08,1.51046037899505e-08,1.41213405413509e-08,1.4237002687878e-08,2.1708032704737e-08,1.00631183386213e-08,1.72806835507799e-08,1.32155548726587e-08,1.66801754630796e-08,1.77497838649288e-08,1.70400511478874e-08,2.18115161487731e-08,1.00885699794162e-08,1.81783263997204e-08,1.56759938363393e-08,1.54882116021327e-08,1.20117817914434e-08,1.16329772481549e-08,1.71637282164738e-08,1.47629890534517e-08,1.68626570484776e-08,1.55905581777915e-08,1.79596213456534e-08,1.47975214304097e-08,2.20207709844544e-08
