1973.98165083071,1498.64508348745,1811.62856106873,779.3302907002,1190.04919954347,1678.67539238363,2365.59817192444,1106.76702777022,1389.92973859623,1260.50548806156,1659.53287780795,746.974357914956,1009.65367726279,1708.42630316161,858.737649154346,2231.21909016669,1336.44261992807,739.390942975139,2124.72891550937,983.504669435586,2125.90313993468,1260.7772988366,1144.66453845815,1321.53293287834,1270.95528911494,2877.00725188899,628.145801054881,628.263087104242,2729.35114414954,2646.69041374778
1821.17197945756,1428.12811106975,1719.09833333961,779.3302907002,1151.84977104183,1559.26508382617,2222.60432275905,1008.03247572771,1332.00776660262,1180.54784143715,1644.84899404913,716.124431063495,944.795733672825,1627.25110492095,796.346445638532,2110.82998718277,1213.59323374778,694.925049300879,2102.77365509695,954.748132968829,2032.5202201007,1151.67406434487,1100.00735188643,1321.53293287834,1094.05031979507,2701.40607401443,628.145801054881,618.368438905653,2400.53011335043,2607.61541875921
1821.17197945756,1428.12811106975,1719.09833333961,779.3302907002,1151.84977104183,1559.26508382617,2222.60432275905,851.775104235438,1332.00776660262,1082.14284741511,1644.84899404913,716.124431063495,944.795733672825,1627.25110492095,796.346445638532,2110.82998718277,1213.59323374778,694.925049300879,2102.77365509695,954.748132968829,2032.5202201007,1151.67406434487,1100.00735188643,1321.53293287834,1094.05031979507,2701.40607401443,628.145801054881,618.368438905653,2400.53011335043,2607.61541875921
1579.15560923208,1169.92829693731,1590.66900078647,779.3302907002,1080.2644200493,1443.5142794632,1895.24104045335,768.59033524503,1248.57047210919,1052.54168402115,1546.20128426033,714.781133291175,898.580719586294,1439.81790970145,678.748213393405,1950.87710913948,1167.7290426736,623.009795580586,1632.78725888283,894.775248847717,1963.51916860253,1033.5977784695,1052.75021029745,1239.29587784185,801.830561966349,2499.32655827396,594.981862560066,586.620885161911,2350.97516999402,2466.31171143475
1411.17095392251,1129.8379682127,1271.84313966146,746.030284941755,985.214547586382,1253.49741403574,1661.46611246784,639.670829302072,1102.63860871141,911.296073127764,1132.25786748598,610.764841318882,822.394271168708,1303.35573904258,638.24209867325,1736.20901573071,980.376180430603,594.816714459374,1298.25469857015,800.403825084873,1438.72974000364,900.140940546133,851.073665527008,1158.93412164376,599.339610812207,2214.00911351628,574.758805074082,560.161479985492,1941.06750723121,2077.60963325302
1170.72973699505,872.86744028406,690.890776249675,678.110572710654,692.271746280038,1120.21907103436,920.388949900047,532.250252276137,916.232455823201,820.645532948669,852.126726228649,501.592406041896,670.820031419411,1033.90702738729,596.219108706256,1333.2282951358,744.667920695667,587.710517905325,1029.38160496211,692.788771679959,958.601677440642,750.146780398859,652.187829015596,1070.66195113385,306.399787188423,1390.24134509569,540.292014635817,531.771618120008,1398.36662167405,1195.51711267874
942.247605532613,380.403096533954,178.686010123347,563.107906834043,442.173471843795,766.143044615895,267.964289701903,401.451398771055,624.608184811911,763.95508897634,622.549273376635,428.675898944191,569.676697902248,968.327370008805,558.138306723361,618.084718605548,516.577988598537,554.45132620495,882.139320424694,593.094128026823,550.992585745332,549.685129760614,472.101288299897,845.940520307438,213.068628952836,385.953033871258,528.72740225643,502.979932579014,803.191106995729,905.819508977037
769.275613259157,177.615242881083,159.161750780071,486.401989204265,403.684169906043,569.228526475545,238.68047470988,222.070577143857,490.759168511107,677.110792663655,477.50241045979,402.258186694946,496.908124834366,726.927809148844,533.791040217498,415.606222367638,395.217486402999,505.934975984658,768.287669261918,488.120293643816,494.045300942922,429.994937052629,432.77726806521,728.037466140581,181.708666035257,169.232274114967,511.67321413678,484.477933375813,446.071221574755,605.139327831161
698.950422249291,121.741306885964,109.993597831878,411.78450510524,355.446185445114,407.354675226896,214.101044638369,120.818137626334,436.017799633824,648.540333543046,446.826539773117,353.617355293632,447.937664295079,551.997042319146,527.010349752559,383.74185219904,348.542003734679,489.539202301635,674.609257371823,416.564945540673,432.587716035349,400.873303003594,381.282193822329,665.305753331888,119.661718948146,122.999412894983,503.653974860343,479.442389870315,364.919917923613,453.812062623394
686.546454481406,103.903318945833,102.280354728917,404.713325197246,344.825428693097,369.609855315284,209.685820849346,103.645144920234,417.879781362553,608.642448107546,427.992211625887,348.560125513689,441.654749719251,512.028945085655,526.674541855485,337.036052427206,334.423717499812,486.933796161215,625.124203232793,397.016907405641,418.970156030409,362.127166702819,363.525402674871,590.660697518312,103.420294531032,102.679338918135,502.8694934407,478.645385989916,336.753099355407,421.596489390256
685.621085941149,100.167206721865,100.111506799454,404.264118367954,344.609915148627,368.452272338779,200.075149355704,100.129678577369,417.502554254008,608.004047655752,427.352279069515,348.396527251536,441.256150487149,509.843382576732,526.66543119809,334.086169034363,333.478733206526,486.887902859223,622.670925810965,396.675831050147,418.621255547407,361.540874657214,363.116697427561,589.463880138917,100.169245208852,100.162945088201,502.844013180096,478.627835262007,333.526948270326,420.371184203131
685.293321408146,100.001818233983,100.001146916764,404.261815124379,344.609370892849,368.445017298211,200.000134951367,100.000981243104,417.499132685085,607.99428045623,427.350457250367,348.396238604125,441.254999695001,509.841435484811,526.665397402885,334.078109474626,333.474935701059,486.887478309642,622.659664137862,396.672006428394,418.619637365956,361.538703981065,363.115502741414,589.4616093375,100.001267265571,100.001017318027,502.843830888409,478.627562261516,333.51117855338,420.366379347657
685.150804021687,100.000001296135,100.000000932113,404.261814734215,101.345550361448,368.445015630846,200.000000070204,100.000000487839,417.499132094828,356.288145017636,338.580789614451,207.763659593797,358.983720126895,509.841426293324,200.322844365273,334.078105257681,333.474935164796,123.774731837399,622.659648332267,396.67200582711,418.619637075619,111.975614363175,363.115502632769,159.52549974589,100.000001712866,100.000000917424,369.292401815202,109.085387885461,333.511176768423,217.027152488228
349.560161855642,100.000000172389,100.000000218766,404.261814734215,100.000011340978,368.445015630846,200.000000041372,100.000000156635,417.499132094828,100.000090325201,331.637395987086,200.000001264966,351.523566318944,442.120509397365,200.000000625909,334.078105257681,333.474935164796,100.00010277907,358.295793474123,396.67200582711,355.285343680226,100.000036994753,331.24430853679,100.000269308008,100.000000139727,100.000000234947,333.922474387302,100.000066541081,333.511176768423,200.000014990332
346.053812456323,100.000000172389,100.000000218766,101.956868944192,100.000000197878,368.445015630846,200.000000041372,100.000000156635,339.496537086314,100.000000227566,105.473628382576,200.000000025165,351.523566317503,208.00410643383,200.000000022291,334.078105257681,290.520383535667,100.000000160448,358.295793288949,361.61788829577,100.000002315462,100.000000135872,100.000000481371,100.000000154972,100.000000139727,100.000000234947,333.922474377867,100.000000209112,333.511176768423,200.000000022447
339.52354736382,100.000000172389,100.000000218766,100.000000151201,100.000000146505,327.164706693213,200.00000002347,100.000000156635,200.000000017685,100.000000172978,100.000000169648,200.000000025165,300.142091673507,100.000000096766,200.000000022291,200.004501927605,290.520383535667,100.000000160448,200.03283975828,200.425497967934,100.00000015117,100.000000135872,100.000000159775,100.000000154972,100.000000139727,100.000000234947,333.922474377867,100.000000209112,333.511176768423,200.000000022447
