1963.69585690428,1579.61648793291,1800.78756505287,2208.44416601705,2273.44277056205,2301.6482351952,2105.19477052555,1805.01772265051,2142.94603461984,2218.0716161609,2136.39855401701,2061.26788405755,2362.1370312853,2052.80048663275,2355.83161872312,2002.99453643366,2214.17224016017,2082.57092281924,2019.7528084474,1616.75907792489,2003.33685872377,2030.05512693959,2224.01038033961,1883.03179717983,2040.90710219304,1973.72757051126,1962.09001121785,2274.26150911019,2008.13824334127,1773.7100752158
1963.69585690428,1579.61648793291,1604.67644441068,2019.12172046231,2052.09946997033,2292.62160493271,1867.81078455717,1394.92946644842,2142.94603461984,2066.49827069412,2094.94770164409,2061.26788405755,2039.5991778457,2052.80048663275,1810.15095233967,2002.99453643366,2183.78425150024,1893.11084141358,2019.7528084474,1616.75907792489,2003.33685872377,2030.05512693959,1818.69887900082,1883.03179717983,2023.92781371906,1973.72757051126,1962.09001121785,2140.91116235188,2008.13824334127,1773.7100752158
1931.29723670839,1579.61648793291,1604.67644441068,2019.12172046231,2052.09946997033,2205.35010870248,1827.31638902032,1394.92946644842,1888.35965685058,1839.9887303259,1933.89661124341,2061.26788405755,1962.72270175167,2052.80048663275,1810.15095233967,1914.14114615716,2138.05434497633,1893.11084141358,2019.7528084474,1616.75907792489,2003.33685872377,2030.05512693959,1818.69887900082,1557.46721748141,1593.91919483838,1973.72757051126,1908.93390284137,1998.51074311577,2008.13824334127,1773.7100752158
1805.31884792856,1579.61648793291,1604.67644441068,2008.97122142746,1924.96161252228,2100.51694536094,1649.782624537,1394.92946644842,1888.35965685058,1839.9887303259,1762.26429509061,2061.26788405755,1915.76255275368,1844.36810158682,1810.15095233967,1914.14114615716,1944.31252579903,1545.7558379757,1682.92666532793,1616.75907792489,2003.33685872377,1575.70671948509,1818.69887900082,1557.46721748141,1593.91919483838,1973.72757051126,1597.2478858901,1695.60730519359,1902.53154927078,1773.7100752158
1791.12387769379,1579.61648793291,1604.67644441068,1843.84700938709,1831.07262951582,1867.16081166472,1649.782624537,1394.92946644842,1777.46530120338,1502.21022155322,1620.42606628057,1873.67350314414,1915.76255275368,1790.57875373163,1806.66267121608,1836.28268067783,1793.84049488612,1545.7558379757,1682.92666532793,1616.75907792489,1903.882136586,1575.70671948509,1427.02312061908,1557.46721748141,1593.91919483838,1534.93391152875,1597.2478858901,1695.60730519359,1846.85380931449,1773.7100752158
1639.63240852721,1579.61648793291,1235.21557275428,1843.84700938709,1671.77867033475,1705.1378549087,1649.782624537,1394.92946644842,1763.64346025262,1502.21022155322,1620.42606628057,1865.59073186252,1408.15322764235,1727.85540271708,1686.66715741457,1836.28268067783,1769.15703946994,1545.7558379757,1682.92666532793,1616.75907792489,1895.64893811497,1562.90290778862,1389.96410735876,1557.46721748141,1593.91919483838,1534.93391152875,1597.2478858901,1695.60730519359,1701.35162247444,1614.26964694372
1639.63240852721,1579.61648793291,1235.21557275428,1843.84700938709,1671.77867033475,1705.1378549087,1543.7537876515,1394.92946644842,1763.64346025262,1502.21022155322,1620.42606628057,1721.31341900861,1408.15322764235,1658.08596282754,1686.66715741457,1836.28268067783,1735.58957363996,1545.7558379757,1682.92666532793,1616.75907792489,1710.82145536048,1562.90290778862,1389.96410735876,1557.46721748141,1593.91919483838,1534.93391152875,1597.04147490096,1695.60730519359,1673.45862267975,1614.26964694372
1639.63240852721,1558.45105892425,1235.21557275428,1744.47326660905,1609.06476362784,1705.1378549087,1543.7537876515,1394.92946644842,1763.64346025262,1502.21022155322,1620.42606628057,1721.31341900861,1408.15322764235,1658.08596282754,1686.66715741457,1545.84235008164,1577.84896838766,1545.7558379757,1682.92666532793,1616.75907792489,1505.33157695082,1275.50837512627,1381.1853547156,1557.46721748141,1593.91919483838,1534.93391152875,1597.04147490096,1491.16522408238,1673.45862267975,1614.26964694372
1639.63240852721,1558.45105892425,1235.21557275428,1690.9793978477,1443.89781500619,1695.41442783622,1543.7537876515,1394.92946644842,1622.02388406809,1502.21022155322,1446.61813092199,1578.80621703859,1069.34953534547,1406.11302226793,1686.66715741457,1270.2116881035,1500.75011520543,1243.6312227531,1682.92666532793,1314.11404386683,1164.86628782663,1275.50837512627,1381.1853547156,1479.32169471561,1567.56078808275,1534.93391152875,1589.06950154372,1491.16522408238,1673.45862267975,1464.72437970224
1405.75859204879,1558.45105892425,1186.98960395167,1551.75319242125,1443.89781500619,1692.08243177289,1543.7537876515,1026.01266692339,1525.88616316588,1502.21022155322,1446.61813092199,1385.08077036679,1069.34953534547,1288.36657847007,1405.9664850065,1270.2116881035,1500.75011520543,1243.6312227531,1518.97354059227,1314.11404386683,1164.86628782663,1275.50837512627,1381.1853547156,1479.32169471561,1557.94374188669,1201.9825567231,1325.27526193939,1253.78116690233,1443.24525674633,1190.48269387071
1405.75859204879,1137.4333060324,1186.98960395167,1381.55866824994,1018.03332560614,1354.89886612757,818.797721612892,1026.01266692339,789.453535948474,750.204312920313,1235.36559578726,1326.80259047909,791.766888839665,1288.36657847007,1075.53320317475,930.147640229042,1500.75011520543,1243.6312227531,1518.97354059227,1314.11404386683,1164.86628782663,817.570483681958,944.858375603036,1212.1889747636,1316.56408848666,1046.42579569363,1159.62307185029,1253.78116690233,1044.92429752748,996.20103820225
1196.24577348323,926.879162754682,1186.98960395167,546.518316856083,549.858762638623,865.854666091087,818.797721612892,1026.01266692339,789.453535948474,581.530900036049,1144.56953619375,1115.97607000935,664.849318555456,1145.53063862739,1075.53320317475,646.572882286639,569.059691983194,1031.89473690781,1013.2318200052,1314.11404386683,770.340416874985,817.570483681958,570.774006733083,909.085962589889,1316.56408848666,660.511909270551,960.566054310023,1253.78116690233,878.176075125897,996.20103820225
472.673471523605,910.874705089101,1155.55567193568,546.518316856083,549.858762638623,865.854666091087,729.925160732298,982.122907498237,789.453535948474,581.530900036049,1144.56953619375,961.15210248139,603.256219737041,752.866255426306,1017.64516862683,598.911663735171,569.059691983194,116.101835453767,90.1707194329265,1239.60715214062,446.627119305564,817.570483681958,570.774006733083,909.085962589889,198.97864543064,660.511909270551,960.566054310023,1253.78116690233,741.424907222672,996.20103820225
467.713689839743,139.92837905587,542.169980564048,180.864551372793,549.858762638623,539.662254873356,256.238519199786,186.037625017438,247.842494328364,178.788601822553,717.422695133327,13.6598427507679,603.256219737041,752.866255426306,515.087253978544,573.362183319868,240.298387509278,45.4853965783586,46.7349143586007,258.312951300401,446.627119305564,63.5043672469283,322.558701538363,626.661983489526,55.9924480231157,10.2448820630752,901.355664854478,650.018722929045,350.574682125721,522.116793289921
