3268858389.7509,6034570157.35144,2231089716.01538,8146850907.92074,1990417638.17627,2209984696.0449,7337197151.10529,3607087024.03051,8966635821.37319,2863093155.6078,1771422924.06002,2262972174.43888,2636870039.69547,12169998000.8467,25743439929.0474,788736342.348539,13565544726.1049,1780793790.62626,9700299341.90632,1269970452.016,19947773874.8658,57901584358.1815,1719385941.82274,12998003057.5289,15009336659.5069,3326435001.52828,2269453741.15824,4045867222.62718,24186782298.5301,4715578905.41738
126664548.666335,152705544.113025,46239798.3165842,148645621.940479,118501357.353064,75834365.2043267,241081723.766835,161012274.447423,162957895.540147,126348123.575422,93417615.2743632,84186148.3252123,62085545.81773,141900903.653106,334313998.335118,43681442.9113059,449656802.015923,31137321.2134831,146574771.090305,97661522.924791,371653875.558418,575056564.548705,49384574.6466494,229607831.633945,190859880.915157,132089731.05965,72628569.2770111,198117201.715608,356383953.68822,117740364.557291
4450979.13009206,3758852.66532593,3547850.90113203,6574831.61756796,4261934.27575366,3657392.15481522,10303494.6830858,4762417.43624795,8365654.14284862,4374434.72984178,2585210.36228355,5170120.44224308,2790296.1354978,10465689.0396495,16546254.8731665,2924787.19533328,16837013.4633697,2908856.37204893,8611062.90517243,5395584.6361385,13985125.1163484,39390322.5009487,1874627.21262811,8631936.61155263,7781816.52399265,6606467.44084289,4250013.19012239,11446579.7464871,16062841.0114234,9154285.87545782
111914.768891774,129186.913473956,84223.308962834,318060.262021657,131994.593568266,59601.2435309507,105009.928486004,105349.453621501,53946.3300160896,85609.9244303215,236356.511065538,58293.7354403086,58278.9604531967,129820.991919421,268250.173274087,64495.8349024937,451635.107609318,85704.4537181297,277192.059580561,108720.878465192,189982.728337093,121760.756140378,53789.4092573172,71638.5958268545,80172.4969003017,106240.241600315,120655.935353891,127172.482111589,357183.238900373,147559.558513552
93711.544944367,110813.216078354,75640.2350468148,297197.485502976,119602.791248058,53448.4631721402,83772.3122299725,95912.2490619915,37577.4428868488,76237.5849308617,226773.523122414,49839.9587488267,52552.674431889,116540.516683977,223850.009477817,57032.9430768033,407147.39280215,77490.7565798912,257225.525086849,93327.4374884182,148155.764145234,53162.59183337,50380.7931779681,56243.4225994851,65508.6003449259,96767.8554018459,110629.761030144,107786.968325951,331101.648556892,123651.29172704
19979.6393845296,17975.7330904132,18912.6160107786,45784.8218622312,20957.4854586699,15505.5971591009,21441.2399692053,33965.1605623146,16036.8505504942,37613.3888845248,59586.2014684011,16062.1707682872,21165.366776392,16770.471096561,40799.1796130017,20279.3135702487,49435.4435531679,17949.1104727059,57217.3063603759,23885.6613859053,19513.7354424957,19305.8243951346,19975.7069871631,22814.7277743364,21223.2902095555,20242.5567081541,30132.7528383432,26513.5604944266,23806.1590607971,27981.4269052401
13306.4580463717,10265.6989100174,10748.2657702843,15808.5056218369,15076.1763863007,8764.90726826856,10592.3108609655,16530.9090430637,11660.6952948857,21209.8978063361,29000.6780660505,12822.1129749096,16411.5927484646,9781.84806811385,19721.825799949,12701.7444326581,28832.1144631316,11944.5324956997,29298.9110719984,16643.8839619089,13167.8247922723,11764.9290695534,13314.1464571428,13773.364205363,12813.7289029077,12951.9125491102,15813.281575113,16614.789547653,16531.8367365789,17288.8376620079
8980.66247309316,5881.87193672799,7279.37828267098,10580.6422418093,9244.41573542072,6165.12444674392,5922.55251827027,10940.1284711742,7744.41018707129,7208.19908334551,9421.26825552561,7148.4113482876,8706.87177908076,5433.16243839263,10116.5078045557,7810.39523936945,11156.1457295636,8301.61436840943,6693.65308458754,8077.31631280567,7834.84390755539,6200.03501250403,8976.01263078314,8246.24902219713,8359.6047289777,9447.68509731763,7295.9065788789,9553.84873302344,7573.20584760987,9000.51330075014
5421.6586560293,4715.52648900469,5338.58512705733,6426.09011184621,5189.01238256504,4314.91246151291,3957.68862349507,2403.20227195139,6210.53263374719,5169.15772617175,5144.58074771195,5252.98761197062,3947.49582270102,4395.31254729228,3545.190126407,2713.8185547535,4827.77224540647,3506.46474170011,5395.25185179982,4934.20073689386,5801.05634142476,3472.7758364175,5245.04723898847,5804.61294032298,3961.10401644134,3195.69809765493,4658.37112319281,4116.12759177487,4521.84685433465,6214.54876954156
4983.44327942498,4529.67475578595,3747.0421905175,2960.91721284897,3189.07216343437,3725.63615592473,3506.30701854245,1795.63321872547,5702.1946936488,4306.03961700652,1603.41258977716,5124.79421767907,3128.6513205744,2742.77144803798,3248.08222074322,2353.85554435223,2417.96201770974,3179.6307534421,5052.74031598273,4458.51301304155,2289.41602872553,2921.91276830317,2110.88592687553,3547.14403893803,3747.90409506276,2494.16795510902,4503.50907700929,3090.9929394111,1872.4595681894,2243.74687471187
4778.9867728958,4437.88524361788,3620.81147154667,2875.57666940895,3112.66117512837,3698.56557311367,3425.14227028125,1651.88976316527,5510.1451744602,4069.93567756907,1485.96740434644,5089.64819692514,3030.01091365152,2619.17667128803,3180.32800786289,2238.38767500471,2218.62140035608,2967.51937425284,4731.17680671868,4432.61289019844,2224.19296782066,2854.81390359464,2024.11571468799,3457.98951543431,3661.70556431367,2457.02560206772,4445.14668479408,2948.73599815527,1649.20645600286,2151.54679833606
4732.36169654096,4399.23830820163,3551.4959863855,2862.50685472837,3077.0641488353,3690.65594187488,3394.16515307255,1618.80195099442,5484.65364103268,4021.0891166252,1428.78152209127,5088.87594290178,2996.60053691463,2564.93190913125,3151.55792237041,2186.20299967619,2134.36360066842,2911.80368536779,4717.31557891274,4432.53317162197,2220.79393443502,2830.28740313159,1989.37458106441,3387.37147220914,3612.82333930261,2443.07351567978,4437.76153954478,2920.820105463,1625.74060377771,2131.17460379523
4732.36169654096,4399.23830820163,3551.4959863855,2862.50685472837,3077.0641488353,3690.65594187488,3394.16515307255,1618.62986369126,5484.65364103268,4021.0891166252,1423.94164935935,5088.87594290178,2996.60053691463,2564.93190913125,3151.55792237041,2186.20299967619,2134.36360066842,2911.80368536779,4717.31557891274,4432.53317162197,2220.79393443502,2830.28740313159,1987.11782372133,3386.7985244931,3612.82333930261,2443.07351567978,4437.76153954478,2920.820105463,1625.74060377771,2131.17460379523
3598.8557737255,4399.23830820163,3551.4959863855,2862.50685472837,3077.0641488353,3690.65594187488,3394.16515307255,1618.62986369126,3527.6671336019,4021.0891166252,1423.94164935935,5088.87594290178,2996.60053691463,2564.93190913125,3151.55792237041,2186.20299967619,2134.36360066842,2911.80368536779,4717.31557891274,4432.53317162197,2220.79393443502,2830.28740313159,1987.11782372133,3386.7985244931,3612.82333930261,2443.07351567978,4437.76153954478,2920.820105463,1625.74060377771,2131.17460379523
