1197638312.29905,8970722247.68459,13834338432.8192,15584322880.5808,4260077884.0942,434731430.061439,3356420805.6648,1746406865.72366,1423838296.53902,3492201562.02715,5539575650.31005,2367553017.6738,4594813878.11512,18337388173.0846,3614378797.44514,2350778790.72548,3138007314.46129,5394433130.78708,8046916242.42805,1293525801.97373,9320590123.33973,5042972063.38038,4534027258.3938,5754874761.72762,6064881986.10445,21400191688.9414,2989961617.92959,3882081862.09261,10935255998.136,6439688391.29507
1197638312.29905,8970722247.68459,13834338432.8192,15584322880.5808,4260077884.0942,434731430.061439,3356420805.6648,1746406865.72366,1423838296.53902,3492201562.02715,5539575650.31005,2367553017.6738,4594813878.11512,18337388173.0846,3614378797.44514,2350778790.72548,3138007314.46129,5394433130.78708,8046916242.42805,1293525801.97373,9320590123.33973,5042972063.38038,4534027258.3938,5754874761.72762,6064881986.10445,21400191688.9414,2989961617.92959,3882081862.09261,10935255998.136,6439688391.29507
1197638312.29905,8970722247.68459,13834338432.8192,15584322880.5808,4260077884.0942,434731430.061439,3356420805.6648,1746406865.72366,1423838296.53902,3492201562.02715,5539575650.31005,2367553017.6738,4594813878.11512,18337388173.0846,3614378797.44514,2350778790.72548,3138007314.46129,5394433130.78708,8046916242.42805,1293525801.97373,9320590123.33973,5042972063.38038,4534027258.3938,5754874761.72762,6064881986.10445,21400191688.9414,2989961617.92959,3882081862.09261,10935255998.136,6439688391.29507
1197638312.29905,8970722247.68459,13834338432.8192,15584322880.5808,4260077884.0942,434731430.061439,3356420805.6648,1746406865.72366,1423838296.53902,3492201562.02715,5539575650.31005,2367553017.6738,4594813878.11512,18337388173.0846,3614378797.44514,2350778790.72548,3138007314.46129,5394433130.78708,8046916242.42805,1293525801.97373,9320590123.33973,5042972063.38038,4534027258.3938,5754874761.72762,6064881986.10445,21400191688.9414,2989961617.92959,3882081862.09261,10935255998.136,6439688391.29507
1197638312.29905,8970722247.68459,13834338432.8192,15584322880.5808,4260077884.0942,434731430.061439,3356420805.6648,1746406865.72366,1423838296.53902,3492201562.02715,5539575650.31005,2367553017.6738,4594813878.11512,18337388173.0846,3614378797.44514,2350778790.72548,3138007314.46129,5394433130.78708,8046916242.42805,1293525801.97373,9320590123.33973,5042972063.38038,4534027258.3938,5754874761.72762,6064881986.10445,21400191688.9414,2989961617.92959,3882081862.09261,10935255998.136,6439688391.29507
1197638312.29905,8970722247.68459,13834338432.8192,15584322880.5808,4260077884.0942,434731430.061439,3356420805.6648,1746406865.72366,1423838296.53902,3492201562.02715,5539575650.31005,2367553017.6738,4594813878.11512,18337388173.0846,3614378797.44514,2350778790.72548,3138007314.46129,5394433130.78708,8046916242.42805,1293525801.97373,9320590123.33973,5042972063.38038,4534027258.3938,5754874761.72762,6064881986.10445,21400191688.9414,2989961617.92959,3882081862.09261,10935255998.136,6439688391.29507
1197638312.29905,8970722247.68459,13834338432.8192,15584322880.5808,4260077884.0942,434731430.061439,3356420805.6648,1746406865.72366,1423838296.53902,3492201562.02715,5539575650.31005,2367553017.6738,4594813878.11512,18337388173.0846,3614378797.44514,2350778790.72548,3138007314.46129,5394433130.78708,8046916242.42805,1293525801.97373,9320590123.33973,5042972063.38038,4534027258.3938,5754874761.72762,6064881986.10445,21400191688.9414,2989961617.92959,3882081862.09261,10935255998.136,6439688391.29507
1106309219.62514,7978299175.89397,11827759908.7449,15284964173.3181,4260077884.0942,311372260.535577,3139756273.54324,1621106554.02041,1338176285.34092,3423171242.19989,5539575650.31005,1961373792.04385,4204545382.3885,16836458195.1931,3300799345.74558,1666257166.86017,2753853928.09712,4885680343.82323,6193059543.58147,1162373949.15557,9320590123.33973,4328531194.14177,4158350201.11597,5754874761.72762,5674028832.52427,21284474926.8669,2541121259.59039,3617474190.93951,9618797066.44729,6031514896.67164
835255279.701412,6472075388.4666,10956684391.7066,12560755405.9112,3948512959.325,204636281.669812,3050477102.71312,1413616127.29299,1125290224.80897,2945038010.72395,4868938345.30957,1388628906.16228,3538486968.29761,14079489071.3361,2812648599.27081,1307233844.87056,1946313675.17904,4113445857.98759,5138595413.42823,1049088766.0834,8900169272.27647,4077676161.70941,3555426437.54798,4968499576.11396,4106080716.57718,18996907776.0155,1496429272.49262,3284776012.10133,7906002171.8923,4731378135.74143
342994249.295805,1438874804.13628,5810377672.69272,5773405544.62439,1956223429.07057,89477796.9570867,1902823367.75665,892149558.255907,393037413.155279,1400797661.30723,1635404654.3619,239874753.373714,1068466185.25361,8750636058.61254,1606113562.02089,566457730.346423,341458941.098958,2347229865.78151,2693061104.02609,537427563.401935,4263116284.85818,2354399415.54486,2336317094.24369,923528351.416452,1498697874.78806,9981437260.86578,279104234.029337,1141411596.8508,5071225201.71611,1653016843.23887
50912345.2319288,84644793.359047,262052769.9988,89083897.9233489,126094757.900959,47988400.7894713,161074331.143699,240632026.545109,35446842.6132337,93704144.5810401,176166252.098331,61188412.819391,135659283.754669,427486325.957864,104617693.591954,72412324.088158,135313630.330318,100425831.836988,89807179.9786927,127594705.362521,191447030.26888,185845821.046731,265460389.801211,99196145.4455012,213194602.1426,299078846.175042,30450584.0871954,122426942.865646,656594189.813407,84319584.3468465
16043418.1048753,30697651.0331345,26642959.876049,23446274.8044426,18708193.554566,17815502.5463526,15136606.7215624,15056651.7685764,14858940.9450261,10243501.0256849,16248073.2463711,19172866.8695813,31081398.7120696,12150947.5029579,8454963.64739884,14474375.1851064,27464361.5339484,17656957.5294906,12026685.6324645,20440971.8769812,22531691.9486647,21261176.3907866,17319458.3176948,29234441.4998066,30630500.8479698,25115813.5756275,7516658.5851447,16204347.3569864,77337687.4216356,5123893.33675048
4780177.85529883,3847032.49574838,6832418.94604596,3292679.13321,3976644.39565508,1280412.40576967,3462131.33570533,4278972.76145796,5275570.43700079,3600968.41640422,2355368.5066529,3168397.13368082,9239263.17959684,4872773.91117982,1990229.83149117,4454443.90204151,1979540.78076539,3151277.88230868,845345.866431048,7821698.93047257,6423583.9652552,6075805.89080381,4624299.69787387,4394094.04538791,9115185.82682934,2651604.71947922,2988577.07335541,5599364.96740167,10426840.956358,799490.510758165
257077.596529891,310415.696764162,325869.957118165,472557.283426498,311666.049394512,135343.554656709,837066.580844139,308125.816937214,516505.029351127,264102.924162973,66735.512087113,63600.9480091877,500994.818638529,458922.260630019,326941.254212717,155134.576364565,431150.901706272,273497.51908913,297227.823432299,514998.745797969,177714.906377432,289560.775577102,807580.911550364,99008.0971795827,146432.834152688,355079.531254523,290794.630480532,565951.751859432,711179.940990693,157619.524693361
977.021281943704,869.744291642663,1732.83621931282,1711.11187059921,1236.30253693385,895.940388236002,3613.1916098217,1325.33782960895,2114.62401892146,815.831360400611,935.06241733969,1487.77438372347,1158.45715555692,843.337044887526,2016.99741850153,3159.93276850588,4066.74835156225,1390.06288403543,2810.31604885753,1579.46231657101,1074.89025706091,1476.35367489805,1834.66812449954,1122.42092659279,826.971899147615,1983.19063623873,1384.65346141274,2044.36447773127,2222.12757447601,2241.76957008508
603.153257507046,528.841341853298,518.463795788615,597.069086035321,494.587190595047,475.009123428387,616.964056588886,517.474052852429,638.854297619812,526.423221211334,561.25115409475,496.204602312947,447.827175047506,536.370581914926,662.728560665274,428.922112524681,542.343646213231,452.801650444057,554.285778795965,713.463832667578,594.543681565168,454.790224700871,550.305658818476,497.571831055089,320.474504200253,571.197455547292,450.296553285892,572.192205051129,587.116811908286,690.587265424034
