61119.7801426486,59466.3174519423,79596.9053861233,45318.9388015477,148466.989361139,91625.0863930588,116392.508152576,52705.0338761705,54897.4037589485,42480.0358749502,39885.6109683768,75029.4076178527,169361.147551621,226704.12013706,88125.216246044,95962.8263930934,143512.476047366,63842.8389640231,68918.8834261456,106992.997975308,83319.8321575735,109106.208244871,124124.593879419,110211.922659413,51667.1043451011,87998.2793927292,68817.4580525163,31562.4883033151,43603.0990711569,126204.596753707
61119.7801426486,59466.3174519423,79596.9053861233,45318.9388015477,148466.989361139,91625.0863930588,116392.508152576,52705.0338761705,54897.4037589485,42480.0358749502,39885.6109683768,75029.4076178527,169361.147551621,226704.12013706,88125.216246044,95962.8263930934,143512.476047366,63842.8389640231,68918.8834261456,106992.997975308,83319.8321575735,109106.208244871,124124.593879419,110211.922659413,51667.1043451011,87998.2793927292,68817.4580525163,31562.4883033151,43603.0990711569,126204.596753707
61119.7801426486,59466.3174519423,79596.9053861233,45318.9388015477,148466.989361139,91625.0863930588,116392.508152576,52705.0338761705,54897.4037589485,42480.0358749502,39885.6109683768,75029.4076178527,169361.147551621,226704.12013706,88125.216246044,95962.8263930934,143512.476047366,63842.8389640231,68918.8834261456,106992.997975308,83319.8321575735,109106.208244871,124124.593879419,110211.922659413,51667.1043451011,87998.2793927292,68817.4580525163,31562.4883033151,43603.0990711569,126204.596753707
61119.7801426486,59466.3174519423,79596.9053861233,45318.9388015477,148466.989361139,91625.0863930588,116392.508152576,52705.0338761705,54897.4037589485,42480.0358749502,39885.6109683768,75029.4076178527,169361.147551621,226704.12013706,88125.216246044,95962.8263930934,143512.476047366,63842.8389640231,68918.8834261456,106992.997975308,83319.8321575735,109106.208244871,124124.593879419,110211.922659413,51667.1043451011,87998.2793927292,68817.4580525163,31562.4883033151,43603.0990711569,126204.596753707
61119.7801426486,59466.3174519423,79596.9053861233,45318.9388015477,148466.989361139,91625.0863930588,116392.508152576,52705.0338761705,54897.4037589485,42480.0358749502,39885.6109683768,75029.4076178527,169361.147551621,226704.12013706,88125.216246044,95962.8263930934,143512.476047366,63842.8389640231,68918.8834261456,106992.997975308,83319.8321575735,109106.208244871,124124.593879419,110211.922659413,51667.1043451011,87998.2793927292,68817.4580525163,31562.4883033151,43603.0990711569,126204.596753707
61119.7801426486,59466.3174519423,79596.9053861233,45318.9388015477,148466.989361139,91625.0863930588,116392.508152576,52705.0338761705,54897.4037589485,42480.0358749502,39885.6109683768,75029.4076178527,169361.147551621,226704.12013706,88125.216246044,95962.8263930934,143512.476047366,63842.8389640231,68918.8834261456,106992.997975308,83319.8321575735,109106.208244871,124124.593879419,110211.922659413,51667.1043451011,87998.2793927292,68817.4580525163,31562.4883033151,43603.0990711569,126204.596753707
61119.7801426486,59466.3174519423,79596.9053861233,45318.9388015477,148466.989361139,91625.0863930588,116392.508152576,52705.0338761705,54897.4037589485,42480.0358749502,39885.6109683768,75029.4076178527,169361.147551621,226704.12013706,88125.216246044,95962.8263930934,143512.476047366,63842.8389640231,68918.8834261456,106992.997975308,83319.8321575735,109106.208244871,124124.593879419,110211.922659413,51667.1043451011,87998.2793927292,68817.4580525163,31562.4883033151,43603.0990711569,126204.596753707
56240.8674824471,53184.2759063399,77621.9328070407,42265.0495542604,148466.989361139,87557.4191932157,116392.508152576,50488.747609468,52087.1420418831,38398.4602927017,39538.1067057074,73057.4200572694,163401.982912777,203622.253638293,88125.216246044,94621.6362350375,137126.328942921,61321.4378714116,62447.7731084438,96045.8468631993,80082.9846063404,104791.516769339,124124.593879419,99927.1677362439,50264.2354588948,82195.9632772502,66489.1567003551,31463.9717417717,40846.7107808367,123652.545784754
54626.5489514213,53184.2759063399,76829.2994794788,40952.7995495852,138435.739965443,85088.032993179,116197.131427187,49855.4036821692,51986.1501340462,36558.1794584649,36743.6435690913,69008.8515175231,147829.882709981,203622.253638293,84674.3317364349,91712.8231806282,136526.524344066,59562.2286845796,59878.1970461291,88316.7509186219,76749.6851901107,103240.278889008,121831.132064749,99927.1677362439,50264.2354588948,76639.7838054865,65869.8851151641,29066.4996364562,39391.1469464638,117706.258413085
44225.9640351644,44943.0582366434,62560.7682697262,32675.7714723122,96122.1753555232,67327.2644617713,98135.4073267578,38867.7687321822,40387.5319880631,29453.9593915266,29729.0710416895,48230.4861743301,107493.634916653,163985.464526899,67636.2493621879,78464.88473295,103295.491990012,47357.7118062667,47729.4232076335,67457.8442489,60188.8432798306,83138.7615054995,91575.6440384551,84439.7428973884,41248.1446264201,60444.7298287934,49047.3452806269,22969.4529320188,31536.7114423163,95839.2475500046
21205.3016327093,22827.15479662,30632.7468156029,19515.4996048451,37762.2437739147,28117.3052421164,47320.6325767505,18189.314068328,18430.4867862844,16531.2263079191,14965.0905285422,19896.3699601012,33581.9879236291,54905.0693156624,28637.837236172,34288.4413471926,36797.9281074047,23486.3133888744,24046.8425018571,21428.3631491849,24724.0388528604,37488.3490232389,34086.4243104836,33798.1589181841,20987.4016716861,24899.8507057531,24246.3073640278,13914.0718846797,18860.1545370985,33976.5547579254
8510.2145600471,7868.56420868423,9178.77326433792,7866.69371362425,8240.01223198712,7793.83762752836,11699.8065188833,6799.3910772538,8193.07753135729,7095.16666173222,7472.44399030443,7185.29010300786,9027.06187682514,8229.010070555,7004.58824221566,8563.97219454615,8673.4101693681,8078.1787252599,8626.46518325884,6712.74430979102,7841.57791123514,8778.99593208744,7315.33075485595,8234.17533176131,8705.21908760814,7700.88733535355,8405.89513563172,7593.19163557877,7672.67810789946,8260.53802784369
4745.47473837813,3813.50441582974,4516.03249402198,5263.28752182316,3105.29962612268,4279.13785888298,5132.31136966907,3830.35789753611,5119.15603788977,4496.16659295785,5737.87227463869,4003.2137878683,3850.57030356939,2805.13949600904,2669.00716047994,3147.22273708655,4119.15823401074,4311.23617352018,5077.19272536511,4245.8984094215,5274.35391980901,3216.17035821147,3177.19212153054,2794.90128783836,5274.32107331294,4234.52240123669,4536.42739039996,5743.24765044402,5118.50641329112,3158.88847664679
4260.87055989249,3321.31485304408,3969.76435287378,5002.06546549078,2847.5884421066,3958.57018399178,4732.09477882814,3459.95446126748,4557.57901282628,4251.33401056789,5561.56931509652,3682.71047043942,3662.65110016695,2533.88670252521,2229.08560786052,2827.0449046333,3903.75008550428,3936.30102637919,4601.37684273395,3744.94499585983,4812.74208967872,2887.75066838564,2920.41744491666,2481.37400827091,4802.50626296964,3948.62593829191,4294.78259847827,5348.04386159198,4922.75862055375,2851.20693883755
3930.0171435307,2945.482846045,3670.74350855242,4410.55118818815,2426.14904869617,3709.47212732393,4392.75985485282,3130.05094633602,4191.03588413526,3972.60042353875,5258.24604758591,3313.22753921566,3411.90588248458,2207.03304209515,1871.26148411377,2364.0240275266,3581.90944985794,3618.47650773656,4153.07776075524,3425.39597879541,4299.44362460923,2508.66483052739,2614.56474736633,2032.80236215832,4261.33455286432,3488.68291152835,4031.20237339779,5120.42322627302,4543.51888039968,2556.195486937
2603.3420657664,2844.54630121144,2506.26104771188,1976.19636447724,2006.73408900793,2666.583310965,3290.23448036774,3032.03289072906,3272.59983331795,3289.28093053785,3234.45426783067,2838.04252906615,3342.8015473023,2105.99606431458,1739.33586762293,2255.11144034463,3265.57583596601,3554.25272783444,3206.62903176019,2434.03014728946,3993.08358683039,1513.50180617297,2560.13482114163,1950.43410282424,4152.22285865934,3255.98613940105,2949.44891199713,3811.65833300197,2806.95644981101,2499.51253952768
