15525915.2927727,116546820.889932,427412651.205213,166468723.259485,386058720.971561,295031106.886586,149497951.014577,119155081.467947,151666836.962,549873218.61969,21133164.4705389,1820055981.09485,66407540.0900913,285681200.868871,322110788.324931,2010109143.17798,89140771.0927233,374092205.483446,287477747.014503,275362850.948153,570879678.838678,229551414.663267,39974088.567107,455345859.183123,166126068.10213,726346139.887204,162892113.948147,243235998.89657,131103194.281107,50549662.3895015
6438486.23239846,61513748.4150506,114257930.746231,44486650.4880488,83791172.4692855,15671359.496236,67690602.7543134,41802402.0432906,28091522.7762452,14374511.3426089,12248513.9338399,19535131.7104381,13456089.9771049,81673834.5230067,19255339.2293679,46613927.0656507,25304073.7758341,14401338.3579461,45292451.03182,99134229.0407499,58342190.3663663,48451328.7594349,9513011.98486092,117885308.006648,22609828.8499575,25139371.8389395,80040755.7339545,45871035.2277262,74692591.1794547,17758853.4234093
4804074.08259921,25808208.2295133,58146772.938997,26759486.4524419,33247886.4911102,8730296.80146724,31891428.0678416,22427877.1593606,13964080.8644316,9422843.92856043,9623533.38232516,3516656.41730549,7757222.98932804,41713943.6489297,11241181.6200058,19230582.9111696,6960971.2985397,7118412.71466554,24354547.1398783,48374255.9620546,29572660.8229995,29140123.5819835,2934887.42545549,35587936.4835376,12479425.989358,8996558.05138753,38231273.6833207,26008296.3892084,46933490.773778,9185932.88021405
2657348.5183959,1160062.5297876,16002090.6837841,17796568.6853874,8579599.6049132,3687004.085447,2809005.67426911,4351448.07360946,1790807.78732314,7349229.50179498,7597406.67952128,1970048.37272251,4966465.0676618,5384455.10030681,4706537.56900008,3160595.19391229,1384660.61226164,2319212.21912126,11161162.3386366,6836854.09853782,7657015.09773989,8611294.15108533,1712794.22468792,6149072.32137954,6327548.02556419,3465239.82819513,1071660.82906352,8671861.87134623,4982181.04471476,4368391.68007648
833777.035175365,357090.47418224,1883068.72375506,3354936.50954129,3107616.62972874,435255.347022767,851128.509179308,862227.155208153,487860.674720872,912265.354533745,921324.05444876,879322.475070078,1230612.37985369,383429.06677181,914392.886373988,294008.827743683,254102.374498576,502984.420642142,1800593.47475422,1235063.87507554,3034966.13010174,4065034.03101535,858544.473455576,1483740.84691203,212364.284134887,1348384.25967271,328049.419059454,2953707.02464822,648843.746481413,399227.594113067
110483.771282123,26220.3117844547,144156.176708046,110796.428252376,69250.1423098108,128545.06911289,65517.5182053404,88760.9199054382,90496.7621746542,120364.64625393,113798.127920793,50433.692918421,79399.6508519926,165559.914029916,106934.651642021,143499.275796136,123942.244073566,91070.2533495424,88406.9692894607,35216.7113121083,137081.10920966,135435.35807312,136098.600669001,95620.5772089517,131412.232379892,110943.613708128,149005.828410955,81188.6825412285,178680.91453925,95985.9758615534
12515.5439735932,3260.27389659662,8668.98553382121,9648.20583832548,12848.9283630627,11606.5465281341,8925.5826032165,16764.6794717923,6310.99438520611,12916.2964062202,14572.3271617688,7181.10662044437,11552.9611252043,9122.21738312607,15859.2530124605,14888.7093583082,9018.36173561853,13193.6878336414,6664.04064980908,5774.18714177002,5685.14983545941,18898.0950942851,26202.1605793945,11889.3586815954,21512.8588781732,17341.9800591846,21692.5573365975,8904.64894949274,17261.8643359969,23398.0419157693
750.216028611375,610.937907301386,662.594673365618,820.867547836188,853.957478821996,625.69194458627,337.136181830777,615.565989617634,685.961649870119,469.077837248016,383.077671148955,1003.59891465101,1069.86787204757,1137.04183128058,1176.85038617616,459.604766216161,1022.75633780876,497.596296149571,733.232663908588,505.629613832928,658.706334286513,771.343411355936,667.568436783657,816.6095547614,603.643605656629,871.886960902803,658.683060972892,543.441226203731,526.870034923906,561.04702539836
619.950581639143,413.692110443597,580.648285122009,595.466505556183,630.111632660134,438.204328426857,284.921028984023,507.888538553731,621.763659728257,349.885234009789,321.64749152103,871.331940053648,714.773432496163,975.114138471261,1010.42883989478,369.450595869307,725.546054902761,436.971531867602,592.096407113891,446.299077181028,444.128864191239,692.728378026016,450.013097933004,673.241180946241,468.048569232564,738.797082363709,489.696010151635,405.815007219671,496.4413111062,445.316925952739
432.758063121028,133.404752507313,348.063069379221,296.934989933166,334.42552316141,286.893499759972,220.454710189538,346.08031230451,541.308062276865,130.953946659587,245.089556409392,685.326888311274,440.844266563477,745.21450102821,637.339473364193,229.202794002932,547.036170965752,343.237907262756,514.040581172458,210.263841048803,210.368633848615,606.08427604884,268.514958333686,501.522365464397,364.025339635138,399.068575513476,203.939481569972,312.822005303495,416.937403350522,258.62922724513
432.758063121028,133.404752507313,348.063069379221,296.934989933166,334.42552316141,284.569826389873,220.454710189538,346.08031230451,541.308062276865,130.953946659587,245.089556409392,685.326888311274,440.844266563477,745.21450102821,637.339473364193,229.202794002932,541.857980178238,343.237907262756,514.040581172458,210.263841048803,210.368633848615,606.08427604884,268.514958333686,501.522365464397,364.025339635138,399.068575513476,203.939481569972,312.822005303495,416.937403350522,258.62922724513
432.758063121028,133.404752507313,348.063069379221,296.934989933166,334.42552316141,284.569826389873,220.454710189538,346.08031230451,541.308062276865,130.953946659587,245.089556409392,685.326888311274,440.844266563477,745.21450102821,637.339473364193,229.202794002932,541.857980178238,343.237907262756,514.040581172458,210.263841048803,210.368633848615,606.08427604884,268.514958333686,501.522365464397,364.025339635138,399.068575513476,203.939481569972,312.822005303495,416.937403350522,258.62922724513
432.758063121028,133.404752507313,348.063069379221,296.934989933166,303.525656549014,284.569826389873,220.454710189538,343.750221866675,424.014560827192,130.953946659587,245.089556409392,428.571595660518,355.494767460002,403.299021286415,398.034157067032,229.202794002932,295.122496315159,343.237907262756,400.989492868411,210.263841048803,210.368633848615,497.663317633876,256.317835032895,501.522365464397,259.343591227497,399.068575513476,203.939481569972,312.822005303495,366.228607025441,258.62922724513
432.758063121028,133.404752507313,348.063069379221,296.934989933166,303.525656549014,284.569826389873,220.454710189538,343.750221866675,424.014560827192,130.953946659587,245.089556409392,428.571595660518,355.494767460002,403.299021286415,398.034157067032,229.202794002932,295.122496315159,343.237907262756,400.989492868411,210.263841048803,210.368633848615,497.663317633876,256.317835032895,501.522365464397,259.343591227497,399.068575513476,203.939481569972,312.822005303495,366.228607025441,258.62922724513
