3780.13640852543,2733.59100692786,3306.50966221437,3050.16374848385,3111.4668053086,4288.37429847796,4764.4165675829,3928.42934904126,3615.53666812014,2869.5156626766,4139.80872560455,3681.81730855439,3225.12470716676,3469.63341969827,3403.4828835289,4000.22929230622,4447.73783094675,3871.42257083941,4082.40838312115,3635.92831419343,4098.69976486773,3734.79446537842,3125.95369011132,3351.13306587006,3657.8263807391,3418.93514466655,3539.04563687997,4345.78870541479,4101.15282232221,4420.00226547029
3780.13640852543,2733.59100692786,3306.50966221437,3050.16374848385,3111.4668053086,4288.37429847796,4764.4165675829,3928.42934904126,3615.53666812014,2869.5156626766,4139.80872560455,3681.81730855439,3225.12470716676,3469.63341969827,3403.4828835289,4000.22929230622,4447.73783094675,3871.42257083941,4082.40838312115,3635.92831419343,4098.69976486773,3734.79446537842,3125.95369011132,3351.13306587006,3657.8263807391,3418.93514466655,3539.04563687997,4345.78870541479,4101.15282232221,4420.00226547029
3780.13640852543,2733.59100692786,3306.50966221437,3050.16374848385,3111.4668053086,4288.37429847796,4764.4165675829,3928.42934904126,3615.53666812014,2869.5156626766,4139.80872560455,3681.81730855439,3225.12470716676,3469.63341969827,3403.4828835289,4000.22929230622,4447.73783094675,3871.42257083941,4082.40838312115,3635.92831419343,4098.69976486773,3734.79446537842,3125.95369011132,3351.13306587006,3657.8263807391,3418.93514466655,3539.04563687997,4345.78870541479,4101.15282232221,4420.00226547029
3780.13640852543,2733.59100692786,3306.50966221437,3050.16374848385,3111.4668053086,4288.37429847796,4764.4165675829,3928.42934904126,3615.53666812014,2869.5156626766,4139.80872560455,3681.81730855439,3225.12470716676,3469.63341969827,3403.4828835289,4000.22929230622,4447.73783094675,3871.42257083941,4082.40838312115,3635.92831419343,4098.69976486773,3734.79446537842,3125.95369011132,3351.13306587006,3657.8263807391,3418.93514466655,3539.04563687997,4345.78870541479,4101.15282232221,4420.00226547029
3780.13640852543,2733.59100692786,3306.50966221437,3050.16374848385,3111.4668053086,4288.37429847796,4764.4165675829,3928.42934904126,3615.53666812014,2869.5156626766,4139.80872560455,3681.81730855439,3225.12470716676,3469.63341969827,3403.4828835289,4000.22929230622,4447.73783094675,3871.42257083941,4082.40838312115,3635.92831419343,4098.69976486773,3734.79446537842,3125.95369011132,3351.13306587006,3657.8263807391,3418.93514466655,3539.04563687997,4345.78870541479,4101.15282232221,4420.00226547029
3780.13640852543,2733.59100692786,3306.50966221437,3050.16374848385,3111.4668053086,4288.37429847796,4764.4165675829,3928.42934904126,3615.53666812014,2869.5156626766,4139.80872560455,3681.81730855439,3225.12470716676,3469.63341969827,3403.4828835289,4000.22929230622,4447.73783094675,3871.42257083941,4082.40838312115,3635.92831419343,4098.69976486773,3734.79446537842,3125.95369011132,3351.13306587006,3657.8263807391,3418.93514466655,3539.04563687997,4345.78870541479,4101.15282232221,4420.00226547029
3780.13640852543,2733.59100692786,3306.50966221437,2511.96443883558,2749.44843154369,4247.98347815062,3981.14737906846,3613.42516062494,3615.53666812014,2869.5156626766,3550.4426734463,3391.86973438682,3225.12470716676,3469.63341969827,3208.77614485894,4000.22929230622,3846.90036549366,3574.34830501593,4082.40838312115,3409.11636987469,3228.1265669206,3523.44203351324,2988.05866340053,3351.13306587006,3353.76265871892,3138.13055895737,3127.65602708897,4345.78870541479,3489.13657875979,3939.46365834484
3513.33327225893,2733.59100692786,3306.50966221437,2511.96443883558,2749.44843154369,3532.36830107829,3858.86668545147,3576.72631168424,3359.3764652143,2804.32694817652,3550.4426734463,3391.86973438682,3225.12470716676,3469.63341969827,3168.64419198355,3958.82702653688,3465.0174531578,3526.74564799535,4082.40838312115,3409.11636987469,3038.33239489985,2953.0294737669,2988.05866340053,3351.13306587006,3353.76265871892,3027.85130813341,3110.52450478906,4115.91454932842,3489.13657875979,3342.05066332382
3438.48182401543,2733.59100692786,2523.60018779868,2332.42781854537,2278.43651949945,3276.75077154598,3730.41686971925,3180.30120835618,3283.32785315306,2511.47019923991,3550.4426734463,3040.07893344368,2749.8721459694,3028.88798153052,2976.16482935849,3358.6360821039,3465.0174531578,3217.99816589467,3612.02462900462,3119.25703743518,2972.47034439416,2722.60757405641,2422.48665564897,3281.83037553638,2709.7108882661,2336.67421648487,2930.71277674325,3181.68210138611,3423.67099811393,3294.27997348227
2901.16515151495,2733.59100692786,2093.83337721858,1580.60168910079,1450.02946145504,2900.94033438589,3216.03704908303,2425.25396755824,2570.29650047825,1978.74932887794,2958.0272824156,2017.74477688423,2500.36564359441,2255.85623112514,1972.17488584687,2597.47428145969,2869.72029013882,2474.57671941902,3183.26809837706,2890.75246851181,2558.04490663613,2313.92522039996,2308.29132680874,2515.86860953947,2694.85484602783,1967.66232562865,2067.33252009724,2971.63720790804,2977.25015502681,2970.59057864222
2387.96464974529,2575.98039189612,1760.85665121785,1316.63859762468,1230.91789532653,2497.48295020381,3047.44351082195,2074.49351557074,2124.47429445513,1737.65249695421,2503.2946940871,1767.30060686656,2119.32716057662,1675.28415182538,1701.01817523467,2053.382992103,2589.62845504295,2045.17133085153,2584.24036280901,2615.97507240216,2095.25377738261,2096.36819620104,2029.0345760042,2287.6271151104,2319.36043224042,1713.19467643899,1861.63860506293,2533.83429595863,2613.02048316276,2586.34788498204
2168.71598584309,2517.16718315589,1661.64594489912,1229.04837073428,1120.70716839366,2398.84660792217,2954.53270421825,1965.00132681751,2035.86886358635,1673.09744247464,2409.12935105183,1642.83925270393,1955.89839119107,1514.97826352938,1596.8515950999,1934.8119523704,2506.56555900387,1934.35757849133,2447.98202732809,2484.76142117707,2021.55041059862,1901.81536243597,1967.77421530822,2167.31576678769,2144.59373468348,1579.48698996065,1733.08480519489,2421.45081497102,2550.38838119026,2538.27522853334
2125.98652413369,2509.05067145525,1650.21863905191,1204.38007367721,1098.63067991033,2357.57096010389,2942.10161888345,1953.06357631505,2006.92365644545,1664.23777399316,2400.20345623351,1569.48035280287,1946.76606129386,1494.98868111117,1554.00694123121,1916.61984589931,2485.7196770167,1922.73940244814,2432.28770558669,2442.77003896224,2011.64992734586,1845.49203090006,1952.87934761008,2160.92374918327,2120.68864300004,1553.60271221841,1717.80156883199,2394.88614100518,2529.11133715434,2521.55531931981
2123.10192496622,2406.95196895777,1630.73748000906,1204.27694632063,1087.06975672525,2325.26580807537,2861.0334783665,1952.65341442055,1969.37766632564,1664.14828340899,2388.51964339291,1547.90923305884,1931.03780792428,1492.14414054918,1553.47644046092,1884.21030464114,2485.33511568357,1922.64565735133,2416.92319786416,2403.09080581382,1907.00889840275,1845.1825289262,1848.60194367904,2146.81323213353,2098.37335622423,1553.39151231225,1704.6546020902,2388.35306228274,2483.17141467673,2517.69419186033
2118.77468115845,2406.33996842866,1630.61801604502,1204.24079497855,1084.00677498076,2322.96957006179,2700.03483466723,1946.86926994703,1969.10252207903,1663.7003276708,2375.87617773249,1536.76492695433,1930.03405740827,1488.6116846345,1553.26154738406,1880.79991069391,2485.10910234465,1922.20963902283,2416.00345555214,2403.02106969208,1884.22306169085,1844.69476582856,1846.77982377798,2145.38432144807,2098.27233870974,1552.57942288202,1700.45868990381,2386.4580054676,2458.51887394414,2516.39286249111
1548.67644889164,1172.9433771564,1626.90924306347,1204.17780615433,1084.00661764821,1336.73695925973,1422.6041611154,1946.86035795673,1133.09024708809,1296.99964543161,1496.34869896265,1536.76492695433,1928.77161936232,1324.9763900534,1553.25826791406,1880.76282111277,1142.53616401359,1524.14977098826,1442.86972722293,1558.82946395419,1678.76344566385,1679.41153365877,1716.41095778536,1925.18966125886,2098.26264102848,1551.60457559449,1559.66014886948,2026.62121225732,1634.61776581156,2136.1574588166
