5709.48850239775,5270.60210275336,4885.81579037584,4317.19656456332,4016.4824062019,5099.82311260358,5545.24068878653,4548.16087512648,4363.0236134764,4977.19388100622,4333.82242217049,5155.1136834758,4624.97367563751,5004.58725846466,5105.70406520145,4738.38404053538,5651.10657766149,3731.25563595702,4960.88698384186,5402.87274065712,4917.02498450805,5060.53034499053,5239.76378812021,5218.48154263191,3989.57856780965,5521.03033598011,5755.01688964194,4600.5646556339,4700.13350998151,5631.21967022149
5007.23987715884,4619.04126185672,3963.47175102394,3843.45857893889,3544.62261839366,4550.66273433175,4935.51761931533,3596.66538627085,3787.84971941616,4051.39920788112,3772.83898058211,4446.30129981806,4028.15869402098,4368.72804956167,4487.79866627824,4206.6452680087,5057.82779160027,3055.86998361673,4392.67484500724,4602.96856210123,4372.70704220554,4575.49874670983,4456.33087734243,4433.64218032526,3036.50287193009,4748.24465996461,5223.42654072156,3697.64939741279,4153.79353516543,5016.00103661663
4912.15521711333,4550.74444306323,3805.04509961527,3731.14218358979,3452.59169230406,4437.03284952041,4848.09396220893,3456.06273458967,3707.52672092086,3925.57953981546,3636.34838340887,4209.97071285401,3912.02405416192,4262.04114462285,4359.39593728276,4105.41852894049,4971.95344724219,2927.89926709002,4285.93306715299,4491.44682663136,4268.07064095572,4435.76658658405,4340.96899354499,4225.09087009949,2911.5438427368,4643.11559829024,5134.30373396203,3588.22987298905,4025.86851903813,4991.75801033796
4875.83122405257,4543.18631489898,3737.34623018873,3660.8607349327,3388.95196394428,4365.86227294606,4813.6671837041,3406.61675056155,3699.27106929522,3915.4067834931,3552.59625439297,4093.90108254436,3858.86062555273,4256.58211373997,4297.53695861769,4016.10177774452,4964.50386746371,2844.30908287619,4184.12900025813,4478.24488354707,4174.93097017525,4373.48124370311,4340.96899354499,4207.54726923629,2904.2984351038,4626.06256784309,5065.27346428677,3498.06146173187,3958.57751477037,4941.44028961218
4827.54206284744,4539.7373098596,3687.83104403126,3625.17489154685,3358.73423558225,4322.07667699673,4750.83006933484,3375.2535737428,3697.91608428134,3914.42718665591,3530.8124511453,4025.67824696942,3799.89438711061,4250.92353595946,4262.88253273779,3966.52133126012,4954.28438081381,2822.23498682237,4121.89007557297,4471.97660359077,4112.58174323537,4364.2820294276,4326.63882746382,4206.93631741987,2903.96330758572,4577.90106222493,5043.05809159267,3397.74740025543,3944.70578682694,4809.04397138473
4748.29971266441,4486.6425337289,3633.3931426292,3585.91690168226,3357.82894049415,4289.79472288843,4698.63887788921,3306.04304239213,3554.73652309142,3820.59398706639,3529.96832243531,3988.68932095227,3748.01051560498,4127.33983712339,4239.57446742545,3965.25120367069,4834.55778355805,2821.53551810031,4119.53966703902,4369.43297022615,4100.0627066064,4337.62731914901,4169.31573027146,4138.07243249759,2829.37530004301,4529.91429938072,5041.75934664416,3331.59168541064,3938.95558372166,4779.60058386887
4738.87679797229,4424.626776895,3630.5025507134,3585.83346436871,3345.59177432196,4276.45609847924,4684.89559484377,3302.15771609874,3474.70614617113,3771.36998349314,3527.63359047867,3988.15803294774,3732.37961931805,4046.72130297335,4229.55625292728,3960.6591978202,4814.81294061411,2820.99385642237,4116.69623136045,4323.58765565797,4093.554994279,4329.41461083821,4144.70861579698,4054.24592514946,2757.82330882792,4444.92662611417,5041.69900625234,3328.90710747123,3936.9533034206,4761.23460166118
4736.82652629693,4370.85592811683,3625.01565020407,3585.82636287735,3345.1987191936,4271.23013366308,4683.27440595916,3299.44626976193,3451.9065170924,3766.95648386056,3523.93543654829,3988.11245279115,3730.65032837487,4032.56235477211,4229.51964673358,3954.77050263474,4795.04995680414,2820.39192568096,4105.8501044928,4311.58447001945,4093.23475234277,4319.5416238398,4138.74399192179,4038.21020374106,2754.64358273496,4441.75403571988,5041.55570934359,3328.39445799581,3927.10539364859,4760.02092908485
4735.81750430341,4358.03233228374,3608.47714383658,3585.82334423356,3345.130066176,4271.04356303823,4682.8671606591,3295.52465789211,3448.22447647731,3762.67535310287,3523.65424602931,3635.60844913423,3730.06650196929,4018.69111039276,4229.51652647721,3952.33866512309,4792.63682766485,2820.24286901773,4102.82476732055,4308.53451880971,4093.20917230225,4317.39473158006,4130.73527845309,4030.96339346045,2754.14228745435,4431.63312904364,5041.45815297824,3327.33251592981,3921.56283881851,4759.85186542182
4731.88293910181,4343.7276484636,3603.27345958774,3585.81372783131,3341.899100208,4269.28978622087,4682.53136476531,3293.11137567104,3441.62721159777,3761.59686565798,3522.59649941783,3060.62921792874,3729.86593418816,4018.38005787937,4229.45255273765,3952.24913847718,4791.03998731921,2820.06442108191,4101.17269722358,4306.27099713298,4093.19643861125,3402.92591037445,4130.26518149253,4025.41942662449,2753.76600572813,4419.20490953147,5041.43910908419,3325.13066262357,3920.88806787426,4758.62178326205
4729.64918802334,4340.4405178389,3602.74308426834,3585.72473479979,3336.13895083797,4266.09238469351,4663.73414903299,3291.06929127181,3439.61767292635,3756.42931133857,3522.17289292294,3050.15283935386,3729.80713751073,4017.63143536557,4229.30549221279,3952.24660365471,4789.35229989184,2819.99409218485,3914.38967094632,4305.77496228994,4093.19012064216,3310.44691281284,4129.3123009051,4025.41428451447,2753.17759297184,4418.1712620665,5041.33665354138,3322.94267168409,3920.21283665656,4756.52216016242
3799.12636768655,4339.62896530862,3602.72953283095,3585.59000846933,3332.36808825971,4112.00868029075,4626.60880753258,3155.40591721772,3439.58735403031,3752.84804385046,3522.13079759834,3049.85990886445,3729.80713751073,4013.57881408071,4229.29064372495,3952.19429358335,4421.69849182843,2819.96032825133,3816.16105440267,3898.28933936213,4093.1827615579,3302.06769460514,3722.43067323015,4025.41428451447,2752.39507588158,4415.38551760619,5040.87983525521,3322.83516503283,3916.0021632138,4755.44798579345
3742.8448001757,4263.34304403299,3602.72953283095,3582.34160473033,3330.96210535138,4018.99132533156,3623.52074334658,3122.63560043306,3439.58735403031,3752.84746508602,3522.13059313459,3048.72485633446,3729.80713751073,4012.95138598047,3952.1674215628,3952.15567309268,4313.2538249042,2605.91173818631,3815.90690915092,3894.29981823679,4093.07525219309,3298.95913841915,3706.66514030304,4025.41428451447,2752.39507588158,3612.91497257981,5036.67859327009,3322.83516503283,3913.98639863112,2691.77813616564
3742.27632638162,4206.26197315426,3602.72953283095,3576.67509969843,3330.36886009229,4016.97268797303,3490.31295394067,3110.3268512623,3439.58735403031,3752.84746508602,3522.13059313459,3047.60391239125,3729.80713751073,4012.95138598047,3653.23731756316,3952.15567309268,4311.56663480442,2562.37089347124,3812.55607878793,3850.63671320807,3323.67748793756,3298.27873212562,3706.18777559564,4023.64921294874,2752.39507588158,3517.69872066101,2614.46403040662,3322.83516503283,3913.96387507326,2659.48012880275
