2135.29494348669,1684.36227168817,2080.19336516572,1550.25679175316,1470.98982635872,1986.69017264515,2125.12691825901,2259.84293953297,2192.43995983356,2490.93636268057,1080.22861186207,2309.1901172211,2217.11236215209,2399.7615965444,2810.02947382038,2064.8973164129,2080.20857503604,2175.85145402583,1479.04785571975,1286.42666584926,1781.46452198221,1952.21832839684,1868.7000194632,1976.97065840481,1888.19096357265,1977.5850404854,2321.31496042777,2756.52186568057,2430.71014922577,2174.28696442626
2135.29494348669,1684.36227168817,2080.19336516572,1550.25679175316,1470.98982635872,1986.69017264515,2125.12691825901,2259.84293953297,2192.43995983356,2490.93636268057,1080.22861186207,2309.1901172211,2217.11236215209,2399.7615965444,2810.02947382038,2064.8973164129,2080.20857503604,2175.85145402583,1479.04785571975,1286.42666584926,1781.46452198221,1952.21832839684,1868.7000194632,1976.97065840481,1888.19096357265,1977.5850404854,2321.31496042777,2756.52186568057,2430.71014922577,2174.28696442626
2135.29494348669,1684.36227168817,2080.19336516572,1550.25679175316,1470.98982635872,1986.69017264515,2125.12691825901,2259.84293953297,2192.43995983356,2490.93636268057,1080.22861186207,2309.1901172211,2217.11236215209,2399.7615965444,2810.02947382038,2064.8973164129,2080.20857503604,2175.85145402583,1479.04785571975,1286.42666584926,1781.46452198221,1952.21832839684,1868.7000194632,1976.97065840481,1888.19096357265,1977.5850404854,2321.31496042777,2756.52186568057,2430.71014922577,2174.28696442626
2135.29494348669,1684.36227168817,2080.19336516572,1550.25679175316,1470.98982635872,1986.69017264515,2125.12691825901,2259.84293953297,2192.43995983356,2490.93636268057,1080.22861186207,2309.1901172211,2217.11236215209,2399.7615965444,2810.02947382038,2064.8973164129,2080.20857503604,2175.85145402583,1479.04785571975,1286.42666584926,1781.46452198221,1952.21832839684,1868.7000194632,1976.97065840481,1888.19096357265,1977.5850404854,2321.31496042777,2756.52186568057,2430.71014922577,2174.28696442626
2135.29494348669,1684.36227168817,2080.19336516572,1550.25679175316,1470.98982635872,1986.69017264515,2125.12691825901,2259.84293953297,2192.43995983356,2490.93636268057,1080.22861186207,2309.1901172211,2217.11236215209,2399.7615965444,2810.02947382038,2064.8973164129,2080.20857503604,2175.85145402583,1479.04785571975,1286.42666584926,1781.46452198221,1952.21832839684,1868.7000194632,1976.97065840481,1888.19096357265,1977.5850404854,2321.31496042777,2756.52186568057,2430.71014922577,2174.28696442626
1838.51491041301,1684.36227168817,2080.19336516572,1550.25679175316,1158.69167980259,1758.82778486962,1989.82885766215,1707.75127719819,2083.92003504433,2119.02924456419,1080.22861186207,1977.49066282176,2217.11236215209,2148.50849604815,2597.81415788894,2064.8973164129,1989.02396071428,2000.18826750648,1479.04785571975,1286.42666584926,1781.46452198221,1952.21832839684,1618.21413209066,1833.80092626198,1546.49988776448,1794.08714920454,2220.25928921569,2319.83979318909,2194.15221991865,1894.21102158009
1838.51491041301,1684.36227168817,1610.65179603136,1531.87308537759,1158.69167980259,1620.21036938775,1619.92620050116,1707.75127719819,2001.31644928377,1854.77300228034,1080.22861186207,1834.92247930042,1960.49118521742,1875.08459006822,2354.55858730965,1900.81356583467,1989.02396071428,2000.18826750648,1479.04785571975,1286.42666584926,1781.46452198221,1536.97386291753,1496.64170883727,1821.72921563144,1453.3978806553,1697.6073931838,1966.44419131273,2059.64947584131,2194.15221991865,1894.21102158009
1838.51491041301,1631.41692261209,1541.72973869576,1451.15733915948,1158.69167980259,1389.57404574302,1402.71823059846,1707.75127719819,1729.82164171087,1780.44363883737,1080.22861186207,1508.91475743572,1465.81541210695,1790.77955544736,2232.32709975363,1686.60205409984,1758.4971004884,1568.29955144929,1479.04785571975,1002.11556650005,1610.2114350612,1536.97386291753,1496.64170883727,1644.87712207354,1138.28720260102,1506.85362290368,1966.44419131273,1906.9238349845,2188.62927296678,1841.32989529263
1555.22479956914,1342.62308065424,1446.44315112138,1300.41097628449,1134.29421374316,1233.88944514668,1243.50807579981,1616.01432132881,1459.31250654379,1659.00675353377,756.13081868825,1306.40586000393,1276.46172273019,1325.70231885077,2056.88066386363,1365.60793338104,1579.49573096072,1397.71338257585,1479.04785571975,807.821140565059,1363.10384533005,1311.04864772334,1452.12193459204,1226.27618188514,696.047396173745,1472.09584497441,1966.44419131273,1743.79608364548,1892.86866447037,1713.86498531177
1367.50458241754,1260.48779611346,1194.28498145781,1193.73209508925,1009.5812767384,1107.57498753809,1070.81540637824,1513.17409487781,1292.98052657252,1462.31485672529,649.824492644401,1166.68815339135,1147.63913864426,1159.85374317301,1934.58599165818,1285.22238312259,1401.67382690516,1260.04835219416,1339.47309018807,712.549900167854,1239.93897916389,1242.25946610888,1192.34921179906,1082.15727126047,683.792825291266,1434.17898761508,1830.9517454746,1636.37755613126,1849.44001127212,1547.52916282698
1285.09221999586,1193.64694290176,1104.80764437331,1116.54526073242,932.437306377842,1006.36343590541,1019.83785811749,1459.17364734765,1242.68380911424,1389.39246032637,548.483134954815,1114.63316606912,1081.97889476257,1069.3910723957,1840.4481737791,1211.01884031659,1376.83104081236,1213.63474430987,1286.8484211287,677.968796334846,1164.21787919305,1185.15691181896,1092.13726682221,1036.17241397767,604.32304754451,1357.07658104654,1753.9238249905,1584.36563367666,1804.90163789785,1502.25497684492
1248.26839384357,1172.39206821841,1084.3927837715,1107.8606192117,923.061917972454,974.910044705438,1014.11211790493,1418.61746362171,1234.45175320155,1378.48834409193,531.159295491606,1096.80900550529,1050.18260252149,1036.72518591438,1826.84731831476,1201.8259605272,1374.66701878952,1206.90416247535,1275.56483956822,663.035337372391,1150.51585377279,1165.91307345068,1040.49120343096,1031.19482989391,579.843697335407,1338.82810313421,1736.43609488903,1580.99641104885,1776.06898306786,1494.42102984995
1246.19857212781,1167.45705499377,1080.93673517358,1107.74322023888,922.652094342149,974.070085884221,1014.0467242377,1352.17851559692,1234.33871244266,1374.18932598272,530.624156740491,1085.51155605175,1037.03352030996,1023.20260603067,1807.27677048092,1201.70676486781,1372.94135691405,1180.83979253945,1275.34924547637,662.864510610999,1150.26668833891,1163.37649700248,1033.25811586435,1031.16769604956,579.378363938041,1337.73959335101,1735.92805553237,1573.50950597316,1747.0770897079,1494.31822696819
1244.73134756996,1165.34524733798,1080.92090398161,1107.66286359592,922.543247412704,974.045647575328,1013.60993247316,1345.12961852505,1234.01053559369,1370.69981247142,530.623829715195,1083.46723976513,1035.37713419035,1023.1842083243,1794.28775592726,1201.60581827136,1347.00354880441,1175.87225247896,1273.85359165941,662.619714660525,1150.06005877226,1159.97835562438,1012.35436577618,1031.10059534787,579.316893214607,1337.63608315864,1735.85941845329,1516.29515551616,1735.97213324661,1494.19872823134
1244.73042843507,1037.34884312553,1080.91796310102,1107.6521389573,922.54276697672,974.044196674626,1013.02275012783,906.994027697728,1192.65012866989,944.632961409006,530.623829715195,1082.76036784081,1032.31925048519,1023.18016119145,1794.28292052505,988.441980008602,1326.15730811239,1174.55456345386,1242.42402353922,662.548993134699,942.839726211068,1159.90652943851,825.224488723768,703.397217873704,579.296405476605,950.978375581461,1298.71441293192,1194.92048205065,1029.43702436944,1494.08865233729
750.731854621904,769.894075012496,699.429268597302,450.353417232763,746.787827462135,750.606927757734,823.380243474568,906.989017577387,775.121679397765,622.032081703569,530.623829715195,698.232548928943,874.076481911352,996.567853183737,397.487933800856,988.437502720879,764.854623296427,890.941777424613,790.759577420195,380.732569287254,831.614845373393,833.079878035134,479.565581361505,628.366757563538,502.338808741865,540.480280804945,303.518556722711,665.145115158722,639.752196544619,821.556649465718
