1004.22013069906,751.990543600098,1231.6989689493,1319.82373431733,1322.12482860837,1761.55715826146,1355.06777958162,1210.02539315664,1000.70219034938,1150.27507936545,1078.03350957393,1047.4105502249,1234.34575775767,1016.12262505122,1044.78632697235,1531.17531004037,5679.21298570749,1088.7617839669,1376.89314383013,952.912584983603,1037.97397070146,1249.33653614335,1279.93337378904,834.69824496988,1417.92264917351,1258.88610735572,1176.72799768528,1331.74088026017,1145.43439435352,1598.04391938448
1004.22013069906,751.990543600098,1231.6989689493,1319.82373431733,1322.12482860837,1761.55715826146,1355.06777958162,1210.02539315664,1000.70219034938,1150.27507936545,1078.03350957393,1047.4105502249,1234.34575775767,1016.12262505122,1044.78632697235,1531.17531004037,5679.21298570749,1088.7617839669,1376.89314383013,952.912584983603,1037.97397070146,1249.33653614335,1279.93337378904,834.69824496988,1417.92264917351,1258.88610735572,1176.72799768528,1331.74088026017,1145.43439435352,1598.04391938448
1004.22013069906,751.990543600098,1231.6989689493,1319.82373431733,1322.12482860837,1761.55715826146,1355.06777958162,1210.02539315664,1000.70219034938,1150.27507936545,1078.03350957393,1047.4105502249,1234.34575775767,1016.12262505122,1044.78632697235,1531.17531004037,5679.21298570749,1088.7617839669,1376.89314383013,952.912584983603,1037.97397070146,1249.33653614335,1279.93337378904,834.69824496988,1417.92264917351,1258.88610735572,1176.72799768528,1331.74088026017,1145.43439435352,1598.04391938448
1004.22013069906,751.990543600098,1231.6989689493,1319.82373431733,1322.12482860837,1761.55715826146,1355.06777958162,1210.02539315664,1000.70219034938,1150.27507936545,1078.03350957393,1047.4105502249,1234.34575775767,1016.12262505122,1044.78632697235,1531.17531004037,5679.21298570749,1088.7617839669,1376.89314383013,952.912584983603,1037.97397070146,1249.33653614335,1279.93337378904,834.69824496988,1417.92264917351,1258.88610735572,1176.72799768528,1331.74088026017,1145.43439435352,1598.04391938448
1004.22013069906,751.990543600098,1231.6989689493,1319.82373431733,1322.12482860837,1761.55715826146,1355.06777958162,1210.02539315664,1000.70219034938,1150.27507936545,1078.03350957393,1047.4105502249,1234.34575775767,1016.12262505122,1044.78632697235,1531.17531004037,5679.21298570749,1088.7617839669,1376.89314383013,952.912584983603,1037.97397070146,1249.33653614335,1279.93337378904,834.69824496988,1417.92264917351,1258.88610735572,1176.72799768528,1331.74088026017,1145.43439435352,1598.04391938448
1004.22013069906,751.990543600098,1231.6989689493,1281.73844295095,1297.1565317848,1704.17085609374,1272.52153989936,1210.02539315664,945.481026573678,1150.27507936545,1078.03350957393,993.176559109733,1216.10420375781,962.54188585607,1008.75000254433,1463.95406929948,5038.33377163988,1068.42815263076,1334.35930911126,908.629695991978,966.22566039964,1249.33653614335,1279.93337378904,824.403633711303,1338.53379738267,1258.88610735572,1159.93427458195,1302.02320756274,1091.30647289915,1565.95756579553
945.026756462968,711.254628354573,1169.12427455885,1145.607212239,1223.98542306738,1518.11232445532,1214.36416074763,1191.59969791733,913.998654374622,1101.0022459605,1006.68960654626,927.416636701626,1132.87059971244,913.910192440215,1007.68507754544,1382.08409534301,3462.66735920223,1053.94765347393,1243.41308017528,859.340785337461,901.763517075466,1158.55749334504,1145.37945453009,793.750789451081,1180.69645084562,1179.1086970208,1078.0580336767,1252.710192011,1045.85377694596,1500.99377860268
861.760389761605,661.905880681928,1119.92274282071,1069.43972901255,1150.73487249131,1195.13157231792,1088.11327505898,1123.29987370133,876.173213990271,1036.35828021358,959.050436046925,887.413279879514,1035.0237435857,884.977005952815,952.564888000015,1273.08927876745,1684.4578347814,989.440545801305,1132.91650858539,829.505319992688,878.504748432607,1006.94153028019,1032.26290308287,742.734714311162,1006.01490828598,1088.76024813533,1007.40337527647,1106.56020144098,939.163799701335,1324.33003731895
814.086547057552,600.558293128724,965.121976616123,819.448096840865,1021.4785540762,934.82806909611,853.83438614773,1024.99496660788,799.734084384378,916.412979025843,886.201506142549,797.678054909924,926.268048030893,783.169925265621,834.264457952459,1045.97094096673,890.38362474134,922.189128690311,868.797215902508,757.352193973103,788.318720220369,847.042598422631,921.552690182258,657.116668466967,846.943575171674,953.4789723317,911.277414787853,976.110236992091,786.173501586526,1166.69266215127
678.394911952785,537.01551536637,808.544341996781,657.523856575359,898.787353086974,650.17959437734,591.800296791715,863.909280883393,684.938817751823,782.054010406796,769.112595984901,663.237000957488,823.019956184475,710.202089991327,786.95720548003,712.846487312595,491.607608362439,818.681673187994,332.71132921543,649.682699904443,671.688715428097,675.422295050811,754.624493835794,579.627452541058,662.459197180506,850.336626319265,815.774527526173,807.532544586943,670.37857787795,935.962818032435
633.553899402415,515.983882142189,741.760997566935,458.199171031037,828.64262377283,435.172592020717,409.524131739485,784.468482662547,655.931347058569,727.458623231381,722.440481016437,601.782202709511,741.492984717258,646.27536916127,726.630955370308,523.0940355451,299.165883688632,780.031601748218,134.730686531284,615.124590560635,619.946258446271,559.350014021858,646.932225138957,548.827878891605,516.025605729027,759.173097524407,757.273351690251,707.831855984584,546.624851475736,797.949812904699
620.621009236792,509.195987763532,734.625247586348,429.939770747349,824.386207765343,383.564112004693,394.259965914131,772.754635632065,653.220843065879,705.710510332153,713.380073698251,590.334328665929,732.570250766336,632.049888591702,701.270830576437,504.712207467751,280.241375465827,765.143689657338,105.574771299192,612.815605501449,610.861913180833,549.864469152177,634.81226884168,543.231198768643,506.176791619336,738.828785256672,732.56347226294,702.474516386252,539.322234645932,786.967546659079
619.166572838572,496.115428205472,727.061401162996,429.141262543956,803.188835463555,380.634319380277,388.700917728725,756.056204454848,653.098819566574,697.57010309542,711.484901328334,569.270778899521,730.541473750748,617.118301976435,694.189208768409,504.623769536481,279.189691879962,742.086830899995,100.017626726887,601.965825061857,601.748520306408,547.096706279673,626.846377474813,515.836916477074,492.012141113938,714.161509193274,710.267474900395,688.417678126281,533.467248399904,786.831167309164
619.16589351912,496.113244046782,725.785643848601,428.394538725769,803.149790625077,379.671750482222,383.329226445952,756.038170401641,651.946561926546,697.550857823847,711.47890574791,569.266325770731,575.934872188976,617.099233790557,694.089012307922,503.631886404613,273.524996408747,741.687323719938,100.00000048445,601.90376535257,601.742933117636,546.837304889037,626.82376688738,515.832965598657,491.855715510563,714.116568415313,710.171514586908,683.25394728984,533.438223223823,786.584882081218
323.831126805694,496.113243938734,477.754400849696,384.750932444552,642.316612091694,277.605266302342,383.329168411243,732.349101177234,582.190861575365,529.765037385635,400.102858694326,569.266316367451,532.403405244342,489.955068440843,345.435584530108,503.631592351242,261.965333491247,741.687290376123,100.000000026848,365.721956176566,515.456211516208,546.837298294197,257.80958395824,515.832963464656,491.855711929535,686.581136959759,454.237932435419,522.161253671276,533.438163183562,699.563994016475
314.4060194346,269.940614992895,315.358236526688,265.947150102497,313.389495756411,100.000000027405,328.014662679146,280.45258248534,256.923678503293,271.200901069713,314.193935637995,300.079799325675,308.376761048496,278.718851457047,276.932612424274,331.003372874659,100.000000038925,302.74791594483,100.000000026848,307.040560373852,253.686224108675,281.605665476298,257.80958395824,100.000000031281,100.000000021346,263.971725206108,105.799239682391,308.168888071255,294.333571392253,267.419077857965
