4994.22299244639,7582.11613343781,4246.15582535792,9967.12683343583,6285.0075818329,7142.74440018991,6735.35939425809,7366.430356688,7218.63638458362,11323.7589387132,6004.00617413459,5711.96285409653,7935.80210463482,4294.63770402399,9094.47092828335,5695.24057282056,4992.29815602831,5485.95492652793,10153.5105402358,6062.65535621067,5406.9378542898,6201.12740339307,4852.7483415028,5210.64347759525,7898.15642316843,7465.26305276103,6445.1218521984,4114.13079277152,6782.45992231318,5579.5238413343
4994.22299244639,7582.11613343781,4246.15582535792,9967.12683343583,6285.0075818329,7142.74440018991,6735.35939425809,7366.430356688,7218.63638458362,11323.7589387132,6004.00617413459,5711.96285409653,7935.80210463482,4294.63770402399,9094.47092828335,5695.24057282056,4992.29815602831,5485.95492652793,10153.5105402358,6062.65535621067,5406.9378542898,6201.12740339307,4852.7483415028,5210.64347759525,7898.15642316843,7465.26305276103,6445.1218521984,4114.13079277152,6782.45992231318,5579.5238413343
4994.22299244639,7582.11613343781,4246.15582535792,9967.12683343583,6285.0075818329,7142.74440018991,6735.35939425809,7366.430356688,7218.63638458362,11323.7589387132,6004.00617413459,5711.96285409653,7935.80210463482,4294.63770402399,9094.47092828335,5695.24057282056,4992.29815602831,5485.95492652793,10153.5105402358,6062.65535621067,5406.9378542898,6201.12740339307,4852.7483415028,5210.64347759525,7898.15642316843,7465.26305276103,6445.1218521984,4114.13079277152,6782.45992231318,5579.5238413343
4994.22299244639,7582.11613343781,4246.15582535792,9967.12683343583,6285.0075818329,7142.74440018991,6735.35939425809,7366.430356688,7218.63638458362,11323.7589387132,6004.00617413459,5711.96285409653,7935.80210463482,4294.63770402399,9094.47092828335,5695.24057282056,4992.29815602831,5485.95492652793,10153.5105402358,6062.65535621067,5406.9378542898,6201.12740339307,4852.7483415028,5210.64347759525,7898.15642316843,7465.26305276103,6445.1218521984,4114.13079277152,6782.45992231318,5579.5238413343
4994.22299244639,7582.11613343781,4246.15582535792,9967.12683343583,6285.0075818329,7142.74440018991,6735.35939425809,7366.430356688,7218.63638458362,11323.7589387132,6004.00617413459,5711.96285409653,7935.80210463482,4294.63770402399,9094.47092828335,5695.24057282056,4992.29815602831,5485.95492652793,10153.5105402358,6062.65535621067,5406.9378542898,6201.12740339307,4852.7483415028,5210.64347759525,7898.15642316843,7465.26305276103,6445.1218521984,4114.13079277152,6782.45992231318,5579.5238413343
4994.22299244639,7582.11613343781,4246.15582535792,9967.12683343583,6285.0075818329,7142.74440018991,6735.35939425809,7366.430356688,7218.63638458362,11323.7589387132,6004.00617413459,5711.96285409653,7935.80210463482,4294.63770402399,9094.47092828335,5695.24057282056,4992.29815602831,5485.95492652793,10153.5105402358,6062.65535621067,5406.9378542898,6201.12740339307,4852.7483415028,5210.64347759525,7898.15642316843,7465.26305276103,6445.1218521984,4114.13079277152,6782.45992231318,5579.5238413343
4994.22299244639,7582.11613343781,4246.15582535792,9967.12683343583,6285.0075818329,7142.74440018991,6735.35939425809,7366.430356688,7218.63638458362,11323.7589387132,6004.00617413459,5711.96285409653,7935.80210463482,4294.63770402399,9094.47092828335,5695.24057282056,4992.29815602831,5485.95492652793,10153.5105402358,6062.65535621067,5406.9378542898,6201.12740339307,4691.94796568613,5210.64347759525,7898.15642316843,7465.26305276103,6445.1218521984,4114.13079277152,6782.45992231318,5579.5238413343
4868.40788427457,7230.43773161379,4216.45130592305,9681.39500790926,6182.61619514975,7142.74440018991,6712.44899443084,7070.19074753547,7112.73817564743,11220.100604162,6004.00617413459,5575.68292103009,7701.53264303585,4240.78779091565,8872.26742373678,5586.89554373188,4992.29815602831,5406.17989718816,9959.87241441148,6062.65535621067,5091.11737991121,6041.35674210893,4691.94796568613,5085.81614559651,7732.10961115027,7436.01169938122,6258.13279150503,4005.5095968283,6642.90619395601,5579.5238413343
4725.46606395909,7003.18919129633,3980.67988555401,8992.63441928188,5935.71804540038,6796.01229203645,6328.63242299735,6668.96286221547,6893.8969254349,10752.7742763354,5561.50923613911,5205.47780562303,7413.78517577315,3920.16173383587,8611.84196147777,5299.45576858744,4622.76231915311,5112.09804174412,9251.34004513317,5680.47642065317,4858.69766637001,5713.86413875039,4193.92075541515,4837.4947248446,7553.56339707801,6706.65888705109,5892.84013325364,3587.23503082666,6312.07051286985,5268.78435266797
3874.18308262942,6031.29784978872,3299.63863004218,7599.25293530783,4899.84529893159,5826.9459635706,5209.11345766901,4828.05709482692,5745.38097333833,9130.03455495106,4253.85394177304,4361.6460589785,6106.32683189669,3305.98703161783,7337.06965171295,4412.00113212891,3832.24825182657,3913.8101947352,7439.87854467508,4758.35203375517,3986.89965481886,4491.4625548955,3410.89566563157,4031.55858999709,6451.55380432662,5744.48278690738,4610.037549705,3106.02343691611,5004.52059049887,4226.30216177256
2463.19980160885,3081.69343901959,2371.80789302251,4006.26142663376,3418.39049058072,3853.72647663491,2857.08565528012,2999.97729855678,3040.82280405612,5320.97188463698,2965.69834140496,3064.0113373441,4021.08567460738,2297.13894955118,3910.70140812295,2733.92044915464,2707.2608840219,2119.06217382715,3924.31465086017,3122.86153703801,2564.59229776321,2457.05885591742,2453.98420632497,2428.53416429808,3700.78561442304,3669.03485597442,2357.09429631879,2084.56683924923,2660.38441288083,2317.09279694371
1386.98546044402,1294.59182936628,1515.75794475964,1563.33288776161,1986.39385069341,2142.79906248239,1275.11800807593,1856.53743517896,1125.32796022365,1441.27441272277,1688.52515161095,1919.16710580479,2081.97890868374,1204.48477357885,1347.09145718196,1503.15933296285,1603.33202789876,1234.87257088788,1348.54919013698,1687.33468225423,1425.26082417525,1401.20499518474,1725.2008063927,1242.59407668857,1265.89057515979,1583.25962766237,1161.7343726807,1392.58504946507,1408.53717295431,1411.01699026031
1027.2941173255,884.170106980092,1231.48322928925,1011.16871166638,1533.65432963354,1671.54973159077,836.452269113839,1601.58157744341,707.140619190749,934.215335892412,1338.54896604421,1693.24938910971,1564.53481680143,876.61087339967,877.387016109019,1111.77538712022,1157.23416529437,917.464161218912,878.43089640315,1190.45453333658,1064.90778630612,1090.92242986107,1617.79750455943,810.404190274457,771.155422960134,973.427539277167,755.035509610784,1169.82765406452,1048.58206694043,1149.08431974806
1022.17215837593,876.239310912702,1227.31206478697,1002.13839511679,1526.42416442551,1668.23345743309,827.135493652468,1600.74979962185,699.313047731,919.418147791584,1333.93458725757,1692.05379127077,1560.19839427657,871.570899250453,866.0525530504,1106.32269340611,1149.75216094542,912.046137523651,873.719084860142,1179.69882449768,1062.45985232872,1084.79788910836,1617.66255222815,802.572050717206,762.508742379251,956.299969912209,747.789972809536,1168.20173834287,1042.10741103343,1145.27812699773
542.332495752496,876.238704634542,836.748519327702,1002.13794165593,1060.4327491169,894.35694775742,827.134844837321,1275.41675610383,699.312389422582,919.417417914456,1110.39912759107,1087.41542296648,1237.75558024836,792.010568986757,866.051897383156,815.319162357389,1023.21346166655,912.045815368914,873.718585636699,1179.40194113819,815.013035057853,1083.77359014435,1617.64184210456,765.479283632646,762.507995706454,956.298899212013,600.565912714547,1168.20172208599,1042.10709571886,1139.74699955433
542.108802299031,876.238704634542,637.444404971898,822.813651893109,953.940268165966,605.024087653871,827.134844837321,869.297092493911,699.312389422582,850.93165439453,933.647557633762,1073.74622291742,499.034838994041,756.588932649899,623.87410021718,815.097695574626,962.750957173052,771.47876004156,873.718585636699,658.463158760395,801.860823406272,766.069662144439,868.844227389279,765.108719540086,721.972524796613,943.474683761891,600.211961009037,723.336552671203,917.532415726977,1000.71577408663
