1689.56456523963,1988.2130155514,1869.57687291201,2129.94822057606,2156.85206994475,1783.58865214667,1506.66964783829,1897.10051788162,3192.12189659554,2574.91214492223,1788.5770959535,1562.14549975504,2085.57587838476,2674.4605977571,2592.42707865706,2453.57406292021,1913.54291612997,2718.51231745157,1981.2893504871,2208.13661947546,1817.67746462076,2299.73966447605,2458.38522972068,2017.46116534791,2144.39017426157,1696.73807781408,2060.98866075103,1442.98941985904,1710.04273952678,1226.53887538309
1189.90202253526,850.911829393724,938.313648286579,813.948963264587,1163.59615589196,759.519223395735,1165.60109332802,1212.27573067829,1151.29817805568,1377.34566900121,1057.23880559513,1173.34304152814,1249.76343915855,1170.58176068436,1167.07950830456,853.957149420526,1693.99945286577,1517.11225527939,1128.41320349807,754.279040073448,922.764312703431,794.79086520288,997.661816014539,1354.78117366598,704.729584224655,1134.95777965835,1089.59248860572,880.386706227871,973.091271566831,856.044582046638
965.249600641756,671.843169045063,692.743539362579,694.409382512322,873.743167095253,643.831074621786,1019.1141638281,1051.00431510538,721.238960218684,1072.30370149363,833.864981044672,987.396187982145,1057.25892343441,919.247649133021,857.303425365406,710.481362539456,1617.45557130842,1062.71879081778,849.674847577464,627.070719777277,717.529318720264,684.578147620147,729.423292952072,1035.16375141689,597.181241788554,934.912631260516,832.892823958514,736.201828332682,830.913746792966,731.187565696033
823.595360539078,493.232006073124,510.162657311235,503.5302676168,663.269652893404,460.256003100642,956.099377684934,922.284693421097,543.059233191865,862.275956008084,604.607839555815,891.237023810948,896.809658585015,728.197191555534,655.462788347013,522.527293924496,1572.6267810501,764.845719775446,670.676052360775,488.21091658298,534.080199957324,478.735474025867,565.944683889884,818.381874388063,431.527609079249,753.548388444275,665.94272325084,584.45034066914,629.606340990683,630.745997030222
814.687976171236,468.672157713342,487.49014117586,485.445882770153,626.194946005744,448.210873313587,954.490278788865,915.79366306009,518.308629860881,844.313867991274,589.062369267775,886.009912232418,880.77199453313,710.975114950495,630.400919489894,501.763758748229,1519.93980489533,730.942278431377,642.054917601949,472.746296157003,516.703467032959,459.140264105606,551.756700969533,802.715327142599,419.915734990335,739.916588920684,646.695630357094,571.022238636524,614.303281906405,623.897121893278
814.682128484145,468.634585511174,487.459158576183,485.424313035725,626.152702046804,448.197112200926,954.48891014341,915.743853442586,518.290106211444,844.296951492503,589.041778752965,886.000912671089,880.751305316403,710.951786669957,630.382948872055,501.740467242428,1403.89380499293,730.913846993666,642.024987929118,472.727844025655,516.681195214233,459.113317888579,551.738333878615,802.695084574632,419.900506582034,739.902124849648,646.672208736265,571.005964304367,614.287571536836,623.89140359222
627.635030327049,468.634585469135,440.890429799915,485.424312983172,489.407193763052,448.197112189559,561.483160478448,915.742870145712,518.290106205054,611.356382916122,448.085924821455,663.181290134139,624.199227432606,592.840315886946,630.382948844687,438.996801265251,1297.69296497943,647.293310534057,642.02498783605,472.727844003371,516.681195186365,459.113317852511,551.738333857516,471.802611123971,419.900506555873,715.546169505286,487.530703720955,557.198325890092,614.287571536836,623.89140359222
627.631567583876,468.634585469135,440.720509842236,485.424312983172,489.21613394208,448.197112189559,555.339959302578,558.363935859151,518.290106205054,611.290675935881,447.866802466876,663.175485714018,623.93476455135,592.689709545748,630.382948844687,438.884918967013,1274.99489275045,647.078962017316,642.02498783605,472.727844003371,516.681195186365,459.113317852511,551.738333857516,471.755407087421,419.900506555873,715.520551903733,487.386770632654,557.133311056781,614.287571536836,623.89140359222
627.631567582153,468.634585469135,440.720509677916,485.424312983172,489.216133794448,448.197112189559,540.943997699298,558.309237480339,441.206036581197,610.747797934765,447.866802214881,545.538114545641,463.699818875825,592.689709365312,630.382948844687,438.884918843904,1272.75551243418,519.72437405441,471.322774852395,426.687290849302,510.560308902344,459.113317852511,551.738333857516,471.755407042335,419.900506555873,477.506038377984,487.386770462145,557.13331097892,590.826990301065,623.89140359222
627.631567582153,468.634585469135,440.720509677916,485.424312983172,489.216133794448,448.197112189559,534.922223887421,544.775503616052,441.20123632826,610.71547504919,447.866802214881,545.496620517481,463.589310371057,592.689709365312,630.382948844687,438.884918843904,499.99964501282,519.554749315057,471.29478033035,426.638612019845,510.360203405018,459.113317852511,551.738333857516,471.755407042335,419.900506555873,477.465479376801,487.386770462145,557.13331097892,589.984038996832,623.89140359222
430.552933188889,468.634585469135,440.720509677916,485.424312983172,489.216133794448,448.197112189559,519.222529828561,458.006857176513,441.20123632826,456.56826369214,447.866802214881,509.18854742992,463.589310335591,592.689709365312,456.325055301173,438.884918843904,499.999207325267,519.554749257601,467.331523409071,426.638612000205,483.896152066417,459.113317852511,504.075892375653,471.755407042335,419.900506555873,477.465479372922,487.386770462145,489.057951587216,444.594165131297,623.89140359222
430.532925096544,468.634585469135,440.720509677916,485.424312983172,489.216133794448,448.197112189559,519.186600336388,452.809887037658,211.312704872611,456.566808463459,447.866802214881,509.182645774179,463.589310335591,592.689709365312,456.319733684792,438.884918843904,499.999207325267,519.554749257601,467.32914783718,426.638612000205,483.891881473586,459.113317852511,503.895145256678,471.755407042335,419.900506555873,477.465479372922,487.386770462145,489.054735479841,444.573375975668,623.89140359222
430.532925096544,468.634585469135,440.720509677916,485.424312983172,422.726880909931,448.197112189559,446.64894073318,452.809886943984,200.000112766341,456.566808463459,447.866802214881,499.063415033686,463.589310335591,486.977286221771,456.319733684792,430.083820358166,499.999207325267,467.519800703117,462.659970567922,426.638612000205,483.891881473586,459.113317852511,503.895145256678,471.755407042335,419.900506555873,477.465479372922,487.386770462145,489.054735479841,433.551561473158,623.89140359222
430.532925096544,468.634585469135,426.00970106622,485.424312983172,422.726870060003,447.705030503702,446.648918731769,452.809886943984,200.000000081057,456.566808463459,447.866802214881,499.063402011948,463.589310335591,486.977273255063,456.319733684792,430.083809271936,499.999207325267,465.757545076587,462.659965506943,426.638612000205,483.891881473586,438.508489708358,503.895145256678,471.755407042335,419.900506555873,477.465479372922,487.386770462145,471.938741246327,433.551551666575,601.327034781497
