100515.375012945,114357.852720004,118400.641332872,115532.89705177,132173.768861009,120517.179021833,64728.3932728931,125289.209403471,144978.121773433,127057.066045797,118337.328144026,88795.3269025013,133927.311607252,185056.609855467,145714.257252257,138817.994235221,102064.828299493,161042.472382131,76419.1628063404,90238.7064377455,107736.994130532,94277.3831033196,93658.2347213987,110807.33851105,61442.5804202692,106525.237923822,103438.139023341,97899.6704985001,83318.0429708827,147731.541048283
53318.0049058239,55193.5297322601,74320.4694348741,61862.5589773422,84774.2547173987,68185.9099961552,39119.9027116105,59438.6915598158,79477.9097354502,52866.7906041267,80955.3300902037,44859.0611999981,62728.0183634349,86362.7192804535,65355.788322528,80359.8749404027,64487.135705415,82945.9287839011,48732.070764926,61764.4035851796,57381.42965879,61523.6072104762,47470.0461143625,64172.3342306785,40620.6588192318,56869.8135411168,59807.8510967092,60039.5951578909,54905.1194082422,90755.5301475862
33012.1053288653,32439.9782155842,47230.0814312704,37602.6234718237,54071.2678350853,39211.0545732508,26851.7689348862,36660.9979164021,41471.7944827676,30139.1505544613,50185.0615365614,21676.026305204,35108.5699004971,53523.0936249329,34632.6207399825,48899.3598565997,43698.6118001652,41590.5349658343,35053.2844675347,43851.9563617036,34789.1930420777,39769.0652514056,28789.6034676796,39144.3557600039,26398.1267195288,34388.1769006752,35850.6465388262,36115.346195752,34340.4485021752,57448.3342130707
21061.165664646,18267.1624588735,20848.775712922,17957.2363548146,28464.3349304559,19239.6009359143,17701.2175154338,21585.0592178136,21027.4879450159,13192.1026329233,26048.6282937733,5447.27874588487,16953.4781348794,24250.6217409169,11004.5421767222,22771.6126133978,23584.495603868,21211.0551199374,23699.4765633519,24134.9316025882,17698.8845453946,21822.172062044,9817.12164223568,20962.1733266837,17053.1142280991,17223.9079620519,20106.9368683625,18342.9961831801,16828.976051995,32104.3815059323
13041.4258772416,8521.59225384314,9080.65742352419,7680.49823119724,13682.9900248807,9219.35622613477,11002.7148660047,12393.4986996671,10126.421832834,1215.58723124692,9543.45648747688,696.70100931871,7475.18891963932,9144.4064671159,917.196968173746,9785.33383453751,12119.9409501809,11964.0584565238,15455.8682942349,12578.3033687699,8983.30851524858,12559.3615785982,1129.43224888114,9472.19170845124,10480.7067533963,7683.26413174491,8580.35453764657,8443.98033858446,8022.59118697842,16930.8648578577
12689.7447854567,8060.57416268158,8394.11258821039,7140.13915811243,12944.6842363652,8808.75682078567,10788.8623724071,11672.7070043351,9674.73408534355,303.708429248882,8340.16426592902,302.60770804488,7071.02382093523,8185.43855342129,302.933033825986,8917.07445060479,11588.4058822404,11477.7245141699,15230.9781397774,11988.838770676,8555.94317741735,12146.3904616438,304.427253409135,8557.64795809818,10346.0431035723,7179.062718376,7978.29674180321,7899.60424147664,7563.68073601168,16118.5107898181
12689.6350515881,8060.48030959148,8393.91990421676,7140.00679146176,12944.5355768994,8808.63373461815,10788.8146107773,11672.526889188,9674.68601556863,300.043583612241,8339.76687490962,300.031722100746,7070.92884710119,8185.25887611341,300.03164845275,8916.82398828128,11588.2761746022,11477.610126505,15230.9183031506,11988.6686143753,8555.85627787594,12146.3063323089,300.056371838291,8557.30751999717,10346.0283335139,7178.95866443406,7978.07100922135,7899.46405205393,7563.5413863982,16118.339394074
12689.6350123872,8060.48028041716,8393.91985495985,7140.00675033299,12944.5355330821,8808.63369330552,10788.8145975536,8533.38354262515,777.135208011259,300.000500247359,8339.76668177668,300.00044080162,7070.92882136131,8185.25880917814,300.000369357355,8916.82390355842,11588.276139116,11477.6100881062,15230.9182804609,11988.6685639036,8555.85624570973,12146.3063011169,300.000743241376,7723.12436657547,5870.62795917892,7178.95863364263,7978.07091859885,7899.46399629234,7563.54133273892,16118.3393584631
5396.82883098614,6712.23927578563,7682.37555320893,7140.00675033299,9841.68186346271,7524.12417207609,5692.2201321885,8070.76943401672,304.236411546393,300.000005694757,8339.76668177668,300.000006013555,6281.45451814981,6514.5562528735,300.000003979332,6718.18527336844,9746.57956810545,9584.64807986322,9029.9398988639,7638.06251552619,8555.85624570973,5533.63335196089,300.000009346857,5972.9906367585,321.692925503688,7178.95863364263,7978.07091859885,6611.64500196525,7563.54133273892,6172.45346350524
5341.90855300913,6667.33896989786,7525.24338805828,7140.00675033299,9731.36281793798,7466.46337568716,5637.738788764,8070.52041969648,300.064675580621,300.000003969086,8339.76668177668,300.000003812065,6235.70240890778,6452.13122888691,300.000003685659,6546.30847244927,9694.8450824928,9353.56601553647,8979.68078942966,7572.51417131726,8534.69812421404,5481.5587198163,300.000003650181,5972.32520055327,300.295194541665,7178.95863364263,7978.07091859885,6531.52515675575,7563.54133273892,6024.10255257178
5341.88852433453,6667.32515038664,7525.20190349136,7140.00675033299,9731.33171780092,7466.44613441483,5637.71871548126,8070.52022203359,300.001079052851,300.000003969086,8339.76668177668,300.000003812065,6235.68849157487,6452.10970003193,300.000003685659,6546.25972841675,9694.82975993192,9353.49624323869,8979.66726206733,7572.49693554609,8534.6809877066,5481.54256078635,300.000003650181,5972.32469201716,300.00386776194,7178.95863364263,7978.07091859885,6531.49945421995,7563.54133273892,6024.07051917868
5341.88851633148,6667.32514512835,7525.20188747334,7140.00675033299,9731.33170663627,7466.44612881907,5637.71870848279,6557.99136720172,300.000018920398,300.000003969086,6654.30341191988,300.000003812065,6235.68848683759,6452.10969210593,300.000003685659,6546.25971090204,9694.8297543595,9353.49623731931,8979.66725596253,7572.49692866328,8534.68098166124,5481.5425543917,300.000003650181,5972.3246918448,300.000052001039,7178.95863364263,7978.07091859885,6531.49944572628,7563.54133273892,6024.07050675202
5341.88851633148,6667.32514512835,5475.19935692483,7140.00675033299,7726.84599348159,5011.85434819784,5637.71870848279,6075.91162569683,300.000003301984,300.000003969086,6351.56870344449,300.000003812065,6235.68848683759,4805.31583980796,300.000003685659,6113.08430443063,9024.01588656986,6800.80918534932,8979.66725596253,7572.49692866328,7694.74524973405,5134.95400719653,300.000003650181,5972.3246918448,300.000003072325,7178.95863364263,7978.07091859885,6531.49944572628,6418.7304980227,6024.07050675202
5341.88851633148,6667.32514512835,5471.12665850467,7140.00675033299,7718.51162409299,4999.76587418244,5637.71870848279,6075.65193297055,300.000003301984,300.000003969086,6351.40112003305,300.000003812065,6235.68848683759,4802.5623219133,300.000003685659,6106.14593429143,9019.91449661036,6798.08915029853,8979.66725596253,7572.49692866328,7688.03244963811,5129.73839541095,300.000003650181,5972.3246918448,300.000003072325,7178.95863364263,7978.07091859885,6531.49944572628,6418.163033981,6024.07050675202
