21063.5852791699,25611.8969809249,19458.1099440057,21463.644735682,26463.3231547334,25932.5401468141,15832.6541574288,24104.8686444339,27672.1618918463,36289.0533737918,22443.3442759882,29200.1877542904,24357.544960297,25713.3918293353,24983.3298199634,28794.9874542444,27585.3620499454,18190.1965585625,24705.1978684878,16986.2387265831,25084.4504179289,25450.6915134037,24083.3910205772,22324.3224545463,26105.1675039691,17139.1649354234,35712.5577962419,17184.6871712259,22344.1678681784,20601.865723253
21063.5852791699,25611.8969809249,19458.1099440057,21463.644735682,26463.3231547334,25932.5401468141,15832.6541574288,24104.8686444339,27672.1618918463,36289.0533737918,22443.3442759882,29200.1877542904,24357.544960297,25713.3918293353,24983.3298199634,28794.9874542444,27585.3620499454,18190.1965585625,24705.1978684878,16986.2387265831,25084.4504179289,25450.6915134037,24083.3910205772,22324.3224545463,26105.1675039691,17139.1649354234,35712.5577962419,17184.6871712259,22344.1678681784,20601.865723253
21063.5852791699,25611.8969809249,19458.1099440057,21463.644735682,26463.3231547334,25932.5401468141,15832.6541574288,24104.8686444339,27672.1618918463,36289.0533737918,22443.3442759882,29200.1877542904,24357.544960297,25713.3918293353,24983.3298199634,28794.9874542444,27585.3620499454,18190.1965585625,24705.1978684878,16986.2387265831,25084.4504179289,25450.6915134037,24083.3910205772,22324.3224545463,26105.1675039691,17139.1649354234,35712.5577962419,17184.6871712259,22344.1678681784,20601.865723253
21063.5852791699,25611.8969809249,19458.1099440057,21463.644735682,26463.3231547334,25932.5401468141,15832.6541574288,24104.8686444339,27672.1618918463,36289.0533737918,22443.3442759882,29200.1877542904,24357.544960297,25713.3918293353,24983.3298199634,28794.9874542444,27585.3620499454,18190.1965585625,24705.1978684878,16986.2387265831,25084.4504179289,25450.6915134037,24083.3910205772,22324.3224545463,26105.1675039691,17139.1649354234,35712.5577962419,17184.6871712259,22344.1678681784,20601.865723253
21063.5852791699,25611.8969809249,19458.1099440057,21463.644735682,26463.3231547334,25932.5401468141,15832.6541574288,24104.8686444339,27672.1618918463,36289.0533737918,22443.3442759882,29200.1877542904,24357.544960297,25713.3918293353,24983.3298199634,28794.9874542444,27585.3620499454,18190.1965585625,24705.1978684878,16986.2387265831,25084.4504179289,25450.6915134037,24083.3910205772,22324.3224545463,26105.1675039691,17139.1649354234,35712.5577962419,17184.6871712259,22344.1678681784,20601.865723253
21063.5852791699,25611.8969809249,19458.1099440057,21463.644735682,26463.3231547334,25932.5401468141,15832.6541574288,24104.8686444339,27672.1618918463,36289.0533737918,22443.3442759882,29200.1877542904,24357.544960297,25713.3918293353,24983.3298199634,28794.9874542444,27585.3620499454,18190.1965585625,24705.1978684878,16986.2387265831,25084.4504179289,25450.6915134037,24083.3910205772,22324.3224545463,26105.1675039691,17139.1649354234,35712.5577962419,17184.6871712259,22344.1678681784,20601.865723253
21063.5852791699,25611.8969809249,19458.1099440057,21463.644735682,26463.3231547334,25932.5401468141,15832.6541574288,24104.8686444339,27672.1618918463,36289.0533737918,22443.3442759882,29200.1877542904,24357.544960297,25713.3918293353,24983.3298199634,28794.9874542444,27585.3620499454,18190.1965585625,24705.1978684878,16986.2387265831,25084.4504179289,25450.6915134037,24083.3910205772,22324.3224545463,26105.1675039691,17139.1649354234,35712.5577962419,17184.6871712259,22344.1678681784,20601.865723253
20258.0609720239,24967.1672150587,18995.1208417372,21277.7686431106,26463.3231547334,25932.5401468141,15266.9489299578,23419.6315860732,27295.0640411538,36289.0533737918,21897.242961968,29200.1877542904,23289.649948727,25527.3603252922,24983.3298199634,27619.3032199782,27468.3928696724,17222.1663165971,24536.5121232324,16986.2387265831,23037.9646758812,25045.6201699682,23947.4171374849,21106.3402879808,25598.4576008969,17139.1649354234,34758.7119439628,17184.6871712259,22153.4313350605,20496.616610462
19487.4721964113,24441.1130749175,17801.5474639728,20369.292826179,25133.8594666525,24540.457192409,14344.8998121612,22316.0603451413,25714.4809510116,34536.0138871525,20405.466956815,27968.636119522,22823.923444378,23856.1875346856,24041.5067776367,26696.7644467381,25365.7764479486,16870.2557310858,23602.0225371419,16118.6987951284,22481.6764212643,23695.469829245,23137.6909547773,19427.5933171112,24515.6805046107,16663.2700554644,34756.8824486423,16284.8027103551,21812.7438483412,20176.1724993962
17969.3722693598,21003.6051207693,14914.0740341554,16675.6639113638,19388.6733233382,22776.0797082485,12412.7528936028,18220.0337674351,20893.3861358522,31273.3669723906,15513.4675472041,25680.4876510043,18619.3237807407,22005.0409207257,22019.9915711952,23182.522287804,21888.4379855431,14467.8870678833,18817.0889407714,15386.8804565762,20249.2083264559,19849.9670804323,20598.7097774345,13324.071017741,20570.790389163,14496.3552316859,29772.5664672527,13469.8426379032,18368.0862323987,16937.398650149
13411.5060288981,10892.1763955424,8252.55587053916,8459.46741341378,9740.69572974778,16823.6674977664,6720.37531197431,9423.66308898927,12214.9156385784,19991.9431083832,7025.29622129816,16913.6266873277,9566.88585924336,16200.7678249668,14545.5643985892,12997.3072599101,9269.71593702193,8722.33648451539,8970.85137159814,11762.1892945733,11756.9075329085,9845.34726967264,14725.0109595121,5178.50722841027,11409.2567945305,11151.766192743,19910.1427640392,7641.04771765675,10067.4011435062,10860.9202722768
5435.93272640961,2399.68119585783,2930.43432438556,2945.07828903021,3020.24954080055,5294.61957924961,2818.72245635443,3255.35764702048,3090.09972057947,4880.88911329221,2227.17817220883,5435.81949055746,3120.73485326245,5580.33970401638,4590.54582154506,4466.11913143923,2289.24725880437,2574.38744759004,2377.66455107321,5982.39120685097,3517.46891709424,2759.37397001975,6722.94832279698,1878.54405668612,2839.04222045747,5673.61948106897,3881.40714209308,2116.74141997653,2947.38578871922,4354.1996952825
1869.93733421757,1356.73940405669,1727.19437207803,1901.82766106317,1871.49572154257,1782.82715048324,2061.47644817101,1896.87602620684,1470.30951377132,1699.33017119872,1570.8059335448,2252.89097510234,1691.29977400722,2127.5455326946,1930.40472450797,3041.73779109703,1313.40252071294,1847.38033609587,1459.27905630731,2482.69206847209,1982.05545347993,1750.56592716942,3394.86572340045,1263.82905163553,1723.4710570726,2716.38948703959,1735.21083881006,1296.11024518935,1656.86764552418,2098.56498775826
1749.70788212434,1341.94740817045,1721.55940346615,1900.61188251715,1861.5736383714,1499.48210110135,2058.76852445956,1867.66162228198,1427.79407290576,1448.02661998542,1568.04183355231,1937.42834744587,1679.51776390988,1991.0349483296,1700.51321978815,3016.43841707685,1297.45581863216,1843.40861168904,1449.97923213693,2191.83928850029,1942.17885373798,1728.59538505192,3270.53352016591,1262.09902611568,1716.32524419972,2358.03143772017,1721.57396299824,1289.64540466758,1602.44293243931,1969.54478217959
1746.61309880368,1276.89059769305,1720.14217848781,1881.23728417359,1848.92191791673,1499.48040769725,2057.87912954801,1857.79100073191,1426.64914739994,1245.00892862724,1565.05982524477,1879.07540201118,1662.06962010655,1986.58942664783,1641.09334825289,2984.39198610259,1296.61330213644,1840.70836316082,1433.22604519286,1200.57313622166,1940.09235869506,1726.94845315179,3005.34326228119,1261.46644483008,1699.86572936869,1650.14138838053,1721.2514045702,1273.78503362833,1602.07168681657,1969.39726124969
1731.53207277939,1275.76429741698,1702.61035036171,1851.3539543702,1492.87168478212,1499.48040769725,1432.36614719093,1504.33142696785,1388.15084993458,1244.43530831733,1563.77985570003,1849.02241254296,1654.49086417534,1375.81826532947,1639.29091103676,2976.08063689692,1296.60604836151,1840.34833832013,1425.03021289219,1200.29661107032,1556.70224178742,1726.85119275897,2981.7395378996,1261.42402667051,1228.52879250107,1645.1547921268,1688.07659658742,1273.65021839756,1509.71481970273,1150.34032806479
