73137.8550964378,83634.958164874,57461.103875427,40055.1591563999,58835.3461379205,46471.6926862291,45686.7907159914,64217.6042984626,47532.2562348424,44228.8128645411,48748.4735218321,39876.0115429454,49282.4849641669,55093.0527434417,60988.7416778032,59285.9408456912,44489.0731273991,36227.8519637327,56231.2040314636,62667.8745273028,64290.1921845654,22666.1849048165,50303.7066106317,47125.2279127826,29451.9764835108,36876.4977430731,34501.9241686183,33357.8243617047,41025.7100593478,20672.4493298644
73137.8550964378,83634.958164874,57461.103875427,40055.1591563999,58835.3461379205,46471.6926862291,45686.7907159914,64217.6042984626,47532.2562348424,44228.8128645411,48748.4735218321,39876.0115429454,49282.4849641669,55093.0527434417,60988.7416778032,59285.9408456912,44489.0731273991,36227.8519637327,56231.2040314636,62667.8745273028,64290.1921845654,22666.1849048165,50303.7066106317,47125.2279127826,29451.9764835108,36876.4977430731,34501.9241686183,33357.8243617047,41025.7100593478,20672.4493298644
73137.8550964378,83634.958164874,57461.103875427,40055.1591563999,58835.3461379205,46471.6926862291,45686.7907159914,64217.6042984626,47532.2562348424,44228.8128645411,48748.4735218321,39876.0115429454,49282.4849641669,55093.0527434417,60988.7416778032,59285.9408456912,44489.0731273991,36227.8519637327,56231.2040314636,62667.8745273028,64290.1921845654,22666.1849048165,50303.7066106317,47125.2279127826,29451.9764835108,36876.4977430731,34501.9241686183,33357.8243617047,41025.7100593478,20672.4493298644
73137.8550964378,83634.958164874,57461.103875427,40055.1591563999,58835.3461379205,46471.6926862291,45686.7907159914,64217.6042984626,47532.2562348424,44228.8128645411,48748.4735218321,39876.0115429454,49282.4849641669,55093.0527434417,60988.7416778032,59285.9408456912,44489.0731273991,36227.8519637327,56231.2040314636,62667.8745273028,64290.1921845654,22666.1849048165,50303.7066106317,47125.2279127826,29451.9764835108,36876.4977430731,34501.9241686183,33357.8243617047,41025.7100593478,20672.4493298644
73137.8550964378,83634.958164874,57461.103875427,40055.1591563999,58835.3461379205,46471.6926862291,45686.7907159914,64217.6042984626,47532.2562348424,44228.8128645411,48748.4735218321,39876.0115429454,49282.4849641669,55093.0527434417,60988.7416778032,59285.9408456912,44489.0731273991,36227.8519637327,56231.2040314636,62667.8745273028,64290.1921845654,22666.1849048165,50303.7066106317,47125.2279127826,29451.9764835108,36876.4977430731,34501.9241686183,33357.8243617047,41025.7100593478,20672.4493298644
73137.8550964378,83634.958164874,57461.103875427,40055.1591563999,58835.3461379205,46471.6926862291,45686.7907159914,64217.6042984626,47532.2562348424,44228.8128645411,48748.4735218321,39876.0115429454,49282.4849641669,55093.0527434417,60988.7416778032,59285.9408456912,44489.0731273991,36227.8519637327,56231.2040314636,62667.8745273028,64290.1921845654,22666.1849048165,50303.7066106317,47125.2279127826,29451.9764835108,36876.4977430731,34501.9241686183,33357.8243617047,41025.7100593478,20672.4493298644
70778.601040454,77264.2332057951,54947.0249790581,37037.4217252611,56993.6429686435,44178.0131235442,44402.0168558214,61241.3242719188,45927.5054968806,43234.3193996142,47247.1282174668,39876.0115429454,42897.1064753838,54392.707352304,60988.7416778032,57211.6160004036,42305.0052828097,35853.2690478815,50833.0589409021,62667.8745273028,58187.3751506795,21980.4750603564,46846.6215887516,46775.5535965777,27704.1088327426,36876.4977430731,34501.9241686183,31914.67613933,39403.0231949262,19385.0409956385
63479.920889032,71415.0652176323,47944.2763363815,36418.2502379506,48011.7976543434,39212.3503502477,41629.4821659865,48854.6415370389,42106.0477286727,40022.1194547767,36486.3140973812,38449.0580570157,41824.3917276333,49344.5143423701,49619.2981493647,49485.1706875426,37467.2337149227,32198.1114671919,46018.2231518225,57061.6065842941,51881.2184407908,19562.4194672014,42564.2441459337,39857.1156891588,25262.0174311927,33798.8713052299,31792.2526633279,29500.4238262288,34664.0924935171,17934.6756121564
53632.5472418073,40500.2755005492,29905.4809209278,27861.2840528554,38709.1227421335,27072.5361227002,32680.9485744381,30613.9915711587,35779.1147899158,26905.9157897137,20807.1042482135,27289.5910650584,33002.1658726009,38139.7248901773,32182.867728471,35141.4153927323,24517.5454375057,24495.7722075511,25777.4136327091,43335.1454963358,28924.3703876184,13527.9996100694,26697.7968946908,25270.287196761,17706.6238313798,26128.9081803111,23880.9657749069,23971.9507888793,22325.2145634103,14824.2544500683
26649.5286973888,11561.2139312634,12146.743364358,14694.0141564295,17834.8067907446,11380.455711988,17109.7170212805,9575.50138747916,13017.9970898272,9952.16679824638,6495.05487998631,10669.3784501723,14731.7312761383,17674.5088067557,7156.73469534535,10564.2603465625,8563.97840620685,12940.6688298997,8136.7773780114,15567.4343382208,8739.16237033527,6008.61529864993,9221.86477486365,7695.01767749993,7711.82086291532,12335.043086943,11557.6579016386,13099.3710585126,7896.00278166542,8933.85814668958
5271.55182327637,1700.0767843848,2514.77940552248,4256.6753467812,2697.24627596303,1851.70064658883,4876.19118989705,1240.05235352271,2760.66161146004,2339.53972304271,1369.23405567568,3343.17753878396,2798.73951132929,4564.47450677572,977.739467972595,2133.50938712709,2987.81519988206,2952.01932949779,1362.6045584569,4374.41074507449,2365.86251515456,1393.49511986247,2382.65056402378,1951.28667723541,1636.59685858771,3442.60941572513,2417.42074430604,4418.65420273687,2050.62344259806,1986.02072167
766.52714793787,582.02210737313,668.085696968702,679.605632849021,547.937470351083,599.201794826488,852.240735705043,567.385645545066,590.441815408867,581.492339867092,576.46004193356,746.70075314596,569.444879139914,749.198062791743,546.030587469275,644.040429998245,664.712952080314,623.180984106436,558.472575680336,883.327574596971,593.428640890229,550.237221501102,580.886753699648,578.322865063376,598.899150170469,659.783049207263,659.971763506192,866.193643554947,632.298402439813,626.805549639384
503.682212787749,551.676227154439,531.246732653133,561.426437279047,463.318970264361,566.9211430129,483.55666479414,510.960903249746,509.24667908449,519.827294475287,557.912638805498,475.933283805716,523.266287757208,518.098838322429,519.758519979994,562.159656984764,520.934154036872,545.782412674164,535.360839302574,536.547799651737,519.903166317437,494.093745393736,515.05243917515,510.382653959914,529.773483971089,521.956908204924,539.833338020529,559.491376276439,554.615765348961,532.85504015646
500.27036496336,519.762034159666,520.339481682237,518.398790213327,462.303307376235,511.59272085784,460.112610114972,509.372411545145,507.995661303182,515.262794166836,510.004150078634,463.049537005989,509.355581031812,500.759019853299,503.379620006611,503.205536697328,515.59279975755,506.274039970634,515.32513585891,507.772372489488,515.01690295638,461.512727362526,509.314656215293,509.257574339882,513.523904056404,511.205788287843,507.835956293209,509.464341194604,508.610940748566,508.049112502519
499.427973949435,493.957483620536,470.606047971384,496.726161866267,458.848762706813,507.743760728723,458.848723863144,507.741597684955,507.694720463206,514.447003649929,507.742311660246,458.848911931419,507.744768836943,499.559493245642,499.502087028284,496.678010518436,511.126824851614,498.428425585031,514.446196002418,507.694696478935,514.446817043383,458.848734453432,507.739801154488,507.741327720066,501.39946900626,507.6950992224,507.694704672775,507.694704397335,507.735934771109,507.694741366698
458.848722726025,484.494586391505,458.848722734404,496.669277594674,458.84872272571,507.69469285369,458.848722725721,507.694692862053,463.226609361694,493.915336081976,507.694692850908,458.848722725772,507.694692848644,499.427876696792,495.203045657823,458.848722725774,507.694692846159,496.669277594663,493.884813137153,458.848722725793,493.885117230415,458.84872272572,507.694692855537,507.694692899021,466.346084528412,507.694692846089,507.694692846083,458.848722725717,507.694692846213,507.694692846279
