7268.53968274232,6840.33423983364,6546.37739180552,71764.2163830563,25586.3115490426,19310.2446373708,13966.7460062263,7750.48427375596,6843.41691585646,8544.29491915821,18987.3708053357,13233.0036933072,11075.8333461819,13435.849983354,4982.59037323824,15204.9564917033,9951.17942917466,9259.23437309231,11384.1067081056,219382.70933643,21197.5204750378,52233.147165496,9793.85881866277,641163.975335917,19178.6192272271,9811.38682231889,7570.9630179882,15232.3165766033,58585.7214140894,7501.3010919443
3662.85533115594,3721.77400907739,3247.97526115353,4365.25747640551,3706.23709320048,4139.90144959018,3613.66823034004,2809.83695650491,2985.79983378877,3668.84483388706,3051.40687382167,4109.4955249624,3960.03157344381,3912.44370121356,3007.92296063626,4011.16383325884,3374.73298376202,3504.64150535559,3650.96594053856,5833.93403888812,5038.97507485651,4825.7264783696,2932.42878816454,4721.03287977733,3812.05537641334,3815.28957029448,4111.4508380529,4057.98186181251,5461.28480415779,3098.97817047538
2616.71036495611,2644.95983018761,2621.03353686281,2900.051435094,2417.58572532698,2164.91712721178,2518.53414273984,1830.25363908624,2127.53704568382,2869.85489292214,2223.74757673667,3026.9578435461,2994.83689950464,2775.97732031182,2651.76892794197,3085.25855219626,2204.80383798544,2127.14562709623,2532.02619039998,3531.42053920522,3472.02073742044,2847.69310979513,2063.43994133774,3019.20487113675,2779.17687312095,2677.15341761138,3429.26589575684,3066.09445158354,3187.53448395239,2018.08298764636
2388.91708821549,2348.91286575161,2263.54708349274,2738.34480443273,1808.86505589721,1525.86065753585,2094.47390177344,1557.01454453358,1822.76270210399,2523.48034869887,2046.88647350547,2497.92048667581,2492.41482861795,2325.53982362665,2449.44510739763,2696.09827543449,1877.03274853153,1678.15769891739,2265.96560821297,2730.00534612362,2824.957473697,2170.19947860041,1782.20938999714,2553.00865798588,2537.97793490117,2246.77232858953,3004.40390401828,2708.22381724429,2493.88032669672,1798.00216469599
2320.71527091982,2242.79973721374,2110.93865291149,2523.01250941506,1475.53780992282,1269.41523766539,2014.26798405895,1484.9163513643,1736.03133418798,2132.7719806082,1850.177338955,2214.98265419264,2113.83781057865,2053.34838692048,2313.92294189835,2611.05622438325,1784.23534460505,1548.51770987706,2209.97279214217,2388.87604231051,2560.83121791076,1994.77458816709,1565.22638202671,2296.74452215195,2282.94364985735,2154.13506529205,2457.1767810843,2431.94249436722,2140.4196286713,1723.15466467067
2179.49759651628,2232.25148789114,2104.09885860007,2383.84413571873,1435.95515392295,1249.41524066548,2005.92003189529,1139.37051220834,1677.74400618981,2030.60817719585,1788.52122289942,1973.95058098634,1867.47786614396,1947.66429683609,2241.98605530554,2553.66348170046,1701.4708323177,1538.59144964827,2158.14996537675,2076.8841891203,2450.77196177645,1847.69747272178,1542.68671768906,2235.55285447937,2192.51343984714,2012.4466384337,2405.57968905113,2397.12330527168,2115.26739898021,1684.27011414575
2073.11897561709,2195.08666470847,2102.21085994829,2355.58480153569,1434.54017697745,1246.91978269044,2005.67059836852,1136.05578950072,1676.69434064668,1867.92601762895,1713.66477814042,1828.25060966683,1618.55161028025,1940.77217492216,2037.75965623898,2542.42397891908,1645.28153555677,1531.36754381784,2148.12155281444,2073.18326194303,2446.11960540674,1846.62876384455,1538.23320883883,2156.74031643613,2140.6442547778,2008.65411721017,2398.12720817384,2394.41105489209,2113.472532098,1676.76778842201
2070.21182623042,2194.74546895899,2101.81501364152,2355.3325479665,1433.24790106418,1246.84615082686,2005.4540722969,1135.5412179582,1676.63870198943,1856.89235253602,1709.1239987773,1819.44548259411,1601.59763706906,1939.74379280869,2024.84771363394,2541.30289230999,1644.77766279027,1531.3392505365,2147.4455753137,2072.75943984923,2445.76719142111,1846.2999902315,1537.88150314185,2082.75880615446,2140.05876212054,2008.55322384306,2398.09805913037,2392.60070109672,2074.49362908701,1676.74608212879
2069.90944460481,2194.70004935503,2101.79405867699,2355.23646618904,1433.24095694407,1246.66950560499,2005.42830018761,1135.51040189249,1676.63681407027,1856.06903327714,1695.89120482307,1817.75439108751,1601.34964302669,1939.61343495961,2024.84771363394,2536.87712454349,1644.76085152055,1531.32844197981,2147.42782337986,2072.74231111458,2445.61651694525,1846.28974287237,1537.48166609906,2067.68460072171,2140.01294856987,2008.52245817917,2398.08515242985,2392.45558413496,2074.48360128548,1676.67001923963
2069.7516213124,2194.69912179067,2101.79109674137,2355.23299539101,1433.24000914969,1246.63615050684,2005.4196365994,1135.5040769011,1676.63670049481,1856.05364362359,1695.89103609447,1817.73163247952,1601.29489418276,1939.60905372919,2024.84771363394,2536.83720800231,1644.76016584006,1531.32722985762,2147.42274328977,2072.73826638669,2445.58937179499,1846.28692741415,1537.47727807358,2067.04586939449,2140.0071958632,2008.51941272028,2398.08345599494,2392.42195022164,2074.48246460711,1676.66321317518
2069.72653533955,1468.0231792476,2101.79109674137,1736.68463783899,1330.59974088025,1246.63615050684,2005.41935894684,1135.50277235872,1600.53554069334,1856.05161459957,1695.89103609447,1817.73069266851,1601.25143024081,1939.60877887999,2024.84771363394,1759.48574294314,1271.38632279512,1531.32720295969,2147.42223944577,2072.7378816304,2226.63314768877,1570.01633354699,1537.47582192409,2066.58723130345,2140.00664183686,1457.45183103806,2398.08322449454,2172.98595806454,2074.48230140448,1676.66296811341
1748.67036931888,1367.05277814009,1952.95824105122,1554.96570784769,1217.20183287823,1246.63615050684,2005.41935894684,1135.50277235872,1502.2191459737,1737.90889930471,1695.89103609447,1817.73059113151,1601.2507354619,1913.23985004636,1962.54173252449,1634.48265304513,1222.11120514377,1531.32720295969,1705.26719070467,1771.87818576519,2152.15312460086,1490.86747535075,1537.47582192409,1707.09465939731,2140.006508293,1415.23057679972,2351.3265733908,1774.19657210663,2074.48230140448,1676.66296811341
1699.78575237851,1366.93180888317,1944.07517697153,1306.10046221306,1215.73021469051,1246.63615050684,2005.41935894684,1135.50277235872,1498.10385477988,1692.15195760002,1690.46777931034,1817.73059113151,1601.2507354619,1850.83706415493,1813.66941399766,1633.23902687357,1221.52598862816,1531.32720295969,1600.60931949025,1761.2747329979,2151.54825699782,1451.25141763638,1537.47582192409,1704.07798337031,2097.18857320245,1415.16386334881,2346.20985170832,1773.75313062367,2074.48230140448,1676.66296811341
1683.95637090996,1366.92168147245,1944.01371318502,1275.99973884336,1215.71028405005,1246.63615050684,1909.62088213695,1135.50277235872,1498.08757562956,1692.01069268428,1690.45871962508,1817.73059113151,1601.2507354619,1614.47132113748,1813.3712830938,1633.23019313065,1221.51994154641,1531.32720295969,1598.13883698552,1761.18579344883,2151.53847821494,1449.50865381537,1537.47582192409,1596.34437328724,2096.83717818273,1415.16138071983,2340.58890426695,1773.74701815124,2074.48230140448,1676.66296811341
