197.795807659492,164.209807329243,189.829541259135,170.246745823372,182.200528622663,164.84115791445,184.728674523858,207.696457210891,214.011756444287,204.087243433268,215.767907845187,180.27744508479,221.545957693394,174.508801636839,194.589885297894,184.860296263243,178.409115747203,185.515611287411,398.434985901381,198.411877538099,177.418989233583,203.749188498033,195.884589703689,244.336699365791,179.539942732125,204.708223001178,195.35778318469,188.851678692063,179.883026412394,164.913063331398
197.795807659492,164.209807329243,189.829541259135,170.246745823372,182.200528622663,164.84115791445,184.728674523858,207.696457210891,214.011756444287,204.087243433268,215.767907845187,180.27744508479,221.545957693394,174.508801636839,194.589885297894,184.860296263243,178.409115747203,185.515611287411,398.434985901381,198.411877538099,177.418989233583,203.749188498033,195.884589703689,244.336699365791,179.539942732125,204.708223001178,195.35778318469,188.851678692063,179.883026412394,164.913063331398
197.795807659492,164.209807329243,189.829541259135,170.246745823372,182.200528622663,164.84115791445,184.728674523858,207.696457210891,214.011756444287,204.087243433268,215.767907845187,180.27744508479,221.545957693394,174.508801636839,194.589885297894,184.860296263243,178.409115747203,185.515611287411,398.434985901381,198.411877538099,177.418989233583,203.749188498033,195.884589703689,244.336699365791,179.539942732125,204.708223001178,195.35778318469,188.851678692063,179.883026412394,164.913063331398
197.795807659492,164.209807329243,189.829541259135,170.246745823372,182.200528622663,164.84115791445,184.728674523858,207.696457210891,214.011756444287,204.087243433268,215.767907845187,180.27744508479,221.545957693394,174.508801636839,194.589885297894,184.860296263243,178.409115747203,185.515611287411,398.434985901381,198.411877538099,177.418989233583,203.749188498033,195.884589703689,244.336699365791,179.539942732125,204.708223001178,195.35778318469,188.851678692063,179.883026412394,164.913063331398
197.795807659492,164.209807329243,189.829541259135,170.246745823372,182.200528622663,164.84115791445,184.728674523858,207.696457210891,214.011756444287,204.087243433268,215.767907845187,180.27744508479,221.545957693394,174.508801636839,194.589885297894,184.860296263243,178.409115747203,185.515611287411,398.434985901381,198.411877538099,177.418989233583,203.749188498033,195.884589703689,244.336699365791,179.539942732125,204.708223001178,195.35778318469,188.851678692063,179.883026412394,164.913063331398
197.795807659492,164.209807329243,189.829541259135,170.246745823372,182.200528622663,164.84115791445,184.728674523858,207.696457210891,214.011756444287,204.087243433268,215.767907845187,180.27744508479,221.545957693394,174.508801636839,194.589885297894,184.860296263243,178.409115747203,185.515611287411,398.434985901381,198.411877538099,177.418989233583,203.749188498033,195.884589703689,244.336699365791,179.539942732125,204.708223001178,195.35778318469,188.851678692063,179.883026412394,164.913063331398
197.795807659492,164.209807329243,189.829541259135,170.246745823372,182.200528622663,164.84115791445,184.728674523858,207.696457210891,214.011756444287,204.087243433268,215.767907845187,180.27744508479,221.545957693394,174.508801636839,194.589885297894,184.860296263243,178.409115747203,185.515611287411,398.434985901381,198.411877538099,177.418989233583,203.749188498033,195.884589703689,244.336699365791,179.539942732125,204.708223001178,195.35778318469,188.851678692063,179.883026412394,164.913063331398
197.795807659492,164.209807329243,189.829541259135,163.5197842044,174.114806065366,164.84115791445,173.307964898726,199.252167968416,194.491674341838,190.261694947674,208.462448808554,171.00478165668,221.545957693394,174.508801636839,194.589885297894,184.004993436047,173.588069067995,185.515611287411,398.434985901381,198.411877538099,169.635390626432,203.749188498033,188.171305136874,244.336699365791,179.539942732125,191.215024750246,195.35778318469,188.851678692063,179.883026412394,164.913063331398
189.196567268419,164.209807329243,171.229507991652,154.647239752889,166.74782729567,159.950972551529,170.846280274676,194.008262165367,194.491674341838,190.261694947674,188.922399834878,165.902690120822,203.905151394138,164.591216636501,192.765693391098,174.557287295781,165.394314075618,175.711264634295,197.451360702385,179.454707354269,166.377931701646,193.355002606565,188.171305136874,235.768284300397,163.357426425607,176.38967145513,179.974699474718,179.401827800175,169.588112895441,160.240276261986
177.773656363881,156.01801019848,169.997008006952,145.517520572878,160.409212478535,158.786640899915,148.740653916989,179.766637408801,177.320388982897,173.72864727988,178.967068240042,149.01678376656,193.834753475749,164.011720532426,183.366273597446,161.709951540981,160.450153502304,172.856135589382,194.770077445053,174.117116010532,156.284949646377,193.355002606565,184.697877001771,221.062198358164,163.357426425607,174.140325425933,168.130317791976,170.092072189916,163.956216226637,151.265103749553
164.493647494679,125.322343401361,147.11484439381,114.389045820531,128.005568738141,143.973278397103,125.359144236285,143.660104494552,140.49637832605,134.574179118523,140.01809307064,118.631282160543,181.442804712429,144.247358512968,171.937282782832,134.960570483032,125.346330523739,157.863172452734,177.948997431641,158.671827503963,124.137574535712,168.6315573823,142.201537094277,201.7513385116,162.749049395137,137.377939477482,135.061453467914,148.068628874121,151.115951836869,141.850745018545
127.406436053928,100.003093527045,115.568517406018,86.8673918839743,98.2675904079322,117.227981918576,97.0045155166765,114.967767326238,113.633009638074,106.853205818947,109.176610785799,91.7899088761633,143.118575587189,107.069091512628,137.204676122978,106.237757914829,100.769523790375,119.731913300199,124.309404371805,120.990648032589,95.5674134493528,147.490879882671,111.696069985807,161.897611727776,130.708844097713,108.115934974236,106.005290081988,116.252950849971,118.0997173003,112.296285365855
110.030032711898,95.352043652405,97.0242880619194,83.8563164337116,93.9755389682825,94.9569261642653,92.6432088816538,109.924870762168,108.535805394807,99.6012450644923,104.630263961799,86.1502600633253,112.25366373215,89.4829792324501,106.296630851765,96.3565309053595,97.2385672503672,96.7122902201127,104.741366934902,102.775664014061,90.2925250617332,116.966925119095,105.380423979754,129.694822864423,99.1170516733719,102.087942518463,100.523119065205,96.0579373419043,92.2019089689448,87.7815501392549
109.151241765517,94.3556640922671,95.095525753736,82.7653144934142,91.5008188880083,89.8048424777508,91.1326074255306,106.814256459247,104.290786574143,97.4542964486496,103.376430574942,83.5076056417197,107.000948486472,88.025509386879,100.475595485368,93.6661968833505,94.2720579166436,93.3656952839561,102.274708632933,99.9143570690158,89.1191809081932,110.167560058204,103.54830922354,118.666119622593,94.0322365426961,100.398539112921,97.2252906365801,93.092159534311,88.6203414617465,82.5078634589814
101.656961077859,91.5502724666453,95.0932732409103,82.2101014235338,90.9186822649733,89.7740689028597,89.778945757228,105.238338538348,103.953611402997,96.7848177923172,102.453764376616,81.7674661122498,93.4999849739755,88.0254387838255,98.7561304942545,92.1036367453887,88.4628758442253,93.3588400304576,92.2710015716971,99.9125400702385,88.2648589641879,98.942969880125,102.327269658693,94.3139722521314,94.0180332351982,100.072490075043,95.4263100314201,93.0914595054318,88.611537668048,82.4929653612887
101.189905678713,91.3335179636381,95.0932732409103,82.1302054457253,90.8908592254252,84.7396204213794,89.6877139036757,105.162518850299,103.92348682049,96.7154036620905,90.0340271985038,81.6276796673642,84.1366673309479,88.0254387838255,91.7261706405975,81.4278134021688,88.3488326622378,87.3709522838573,90.9821538073375,99.9125400702385,88.2242550889569,73.2201264897038,102.249302614768,90.1250822144373,90.8144099963895,95.0639864359323,95.3880882194053,93.0914595054318,88.611537668048,82.4929653612887
