167.477194113639,137.893993837176,172.883526813462,163.06999181703,147.078824328525,199.971647035418,182.006471152055,152.06099556247,183.095627934575,197.197582257879,165.585343668261,149.099157977698,149.900564605925,177.294537755582,176.984568868754,181.555751264508,165.518524956736,182.785495104659,188.291284105499,164.291371838594,142.944443778249,187.881898751527,201.488390362053,186.735984917763,192.763403831584,194.036579497596,188.667306274933,172.178231397895,142.724100147393,139.92121367643
167.477194113639,137.893993837176,172.883526813462,163.06999181703,147.078824328525,199.971647035418,182.006471152055,152.06099556247,183.095627934575,197.197582257879,165.585343668261,149.099157977698,149.900564605925,177.294537755582,176.984568868754,181.555751264508,165.518524956736,182.785495104659,188.291284105499,164.291371838594,142.944443778249,187.881898751527,201.488390362053,186.735984917763,192.763403831584,194.036579497596,188.667306274933,172.178231397895,142.724100147393,139.92121367643
167.477194113639,137.893993837176,172.883526813462,163.06999181703,147.078824328525,199.971647035418,182.006471152055,152.06099556247,183.095627934575,197.197582257879,165.585343668261,149.099157977698,149.900564605925,177.294537755582,176.984568868754,181.555751264508,165.518524956736,182.785495104659,188.291284105499,164.291371838594,142.944443778249,187.881898751527,201.488390362053,186.735984917763,192.763403831584,194.036579497596,188.667306274933,172.178231397895,142.724100147393,139.92121367643
167.477194113639,137.893993837176,172.883526813462,163.06999181703,147.078824328525,199.971647035418,182.006471152055,152.06099556247,183.095627934575,197.197582257879,165.585343668261,149.099157977698,149.900564605925,177.294537755582,176.984568868754,181.555751264508,165.518524956736,182.785495104659,188.291284105499,164.291371838594,142.944443778249,187.881898751527,201.488390362053,186.735984917763,192.763403831584,194.036579497596,188.667306274933,172.178231397895,142.724100147393,139.92121367643
167.477194113639,137.893993837176,172.883526813462,163.06999181703,147.078824328525,199.971647035418,182.006471152055,152.06099556247,183.095627934575,197.197582257879,165.585343668261,149.099157977698,149.900564605925,177.294537755582,176.984568868754,181.555751264508,165.518524956736,182.785495104659,188.291284105499,164.291371838594,142.944443778249,187.881898751527,201.488390362053,186.735984917763,192.763403831584,194.036579497596,188.667306274933,172.178231397895,142.724100147393,139.92121367643
167.477194113639,137.893993837176,172.883526813462,163.06999181703,147.078824328525,199.971647035418,182.006471152055,152.06099556247,183.095627934575,197.197582257879,165.585343668261,149.099157977698,149.900564605925,177.294537755582,176.984568868754,181.555751264508,165.518524956736,182.785495104659,188.291284105499,164.291371838594,142.944443778249,187.881898751527,201.488390362053,186.735984917763,192.763403831584,194.036579497596,188.667306274933,172.178231397895,142.724100147393,139.92121367643
155.604276089471,126.993932351682,168.309970591019,161.719877697386,147.078824328525,199.971647035418,179.577926380888,152.06099556247,173.93913838544,170.64862470428,162.502388044051,143.195378757493,146.05471959369,175.435935504044,164.23919823003,173.077016297315,160.104724179265,170.681584938487,172.443131979856,164.291371838594,142.944443778249,187.013739110033,200.710557315773,182.373585197312,192.763403831584,181.217341462267,188.667306274933,172.178231397895,134.730508745678,139.92121367643
155.604276089471,126.993932351682,166.106832133766,159.920345401315,145.882376398343,186.576216058545,175.895351531505,151.078471882655,160.878815291682,170.64862470428,156.871271669145,134.940968217433,133.153073838348,175.435935504044,149.34409436448,168.904478981945,160.104724179265,170.681584938487,169.538383386692,164.291371838594,141.238049668034,179.162306515165,200.710557315773,165.641422789095,174.341072721328,181.064515693792,186.621342877039,172.178231397895,133.175699101976,135.42491141266
142.602458144179,126.455050748909,156.561282696052,150.559852763262,128.785977137831,185.756972375681,163.906792323759,133.87884423598,160.020300955269,152.831145961209,146.668559348712,132.564536032213,124.878002812071,169.114443960053,147.686726279693,161.183869419807,148.324317742566,156.292981547786,169.538383386692,157.063792488007,125.981135651443,165.565207505002,181.468530066672,148.053487946182,174.341072721328,160.679105205895,177.548523146763,161.215933719588,126.202044507143,135.42491141266
119.816359333201,110.528225683973,129.713212398177,127.730885163805,120.632357218786,152.759017086815,137.699197388396,118.470283970947,140.903973728659,130.392495424264,124.827454378556,118.29025516511,105.386880450638,153.346018267582,113.724902441311,134.666819612756,120.188841409514,138.99689440592,163.464323200342,125.763073580859,105.503845237206,132.22324371973,156.796782616622,121.983044291205,148.183386439623,144.140946823807,151.657560070087,129.010258835497,101.381871351382,114.413002509062
98.2575326880356,90.8308672801288,99.4927620443841,102.997462728985,95.8044247844589,127.572336539906,113.369045884652,88.4592150383736,118.194160109562,105.409532493474,103.733158290368,93.2666336456431,88.9390429548172,123.772262097083,95.2408848694854,108.500473947184,100.054674717438,108.14623080965,121.780717947895,100.111395239406,88.1381133819182,111.686699263834,125.194785152489,103.563625202174,124.091644360188,116.160888339579,122.889720474077,108.979278047411,80.5700728709803,95.1818009850313
91.9989235627575,74.7358218690813,91.6201952461782,93.1148864068069,85.5949235105021,112.674984102839,104.973049247178,80.8667779615705,103.451185314147,97.2827716842904,88.1890782239939,84.3830819110457,84.0737645662383,100.086686640703,90.608958820555,100.050749339176,93.6441433808913,99.9316829547375,105.838364186912,90.3264731140347,83.7951060083651,106.296459516434,114.711511059249,99.5009120605098,102.016020618449,102.069931382501,105.132724589378,102.593440854496,76.5075889951801,85.7774554513801
87.5263694048873,71.7574874414498,89.3821241190018,91.9131078833626,83.2043429808048,110.454964472537,103.154342400729,80.2441047554355,100.577403509835,94.1410602218807,85.8947591720291,82.6723062189259,81.8250387998294,94.6657398643821,89.1092039419285,95.8100616127588,92.2633143591147,96.5818847244705,101.980322027958,89.5378175722589,82.0424070500208,103.406018556831,112.392766918097,97.0557948922983,99.0012446304885,100.596768374587,103.111792514363,99.069169333236,74.8425355611836,82.9130667502884
85.8417541290664,71.6203744712572,88.3685019141645,91.7906176983836,81.8794588806411,109.98272854346,101.394179876173,78.8272453211816,97.497650184426,93.0677194550227,85.5082095571896,80.8207313705741,77.9190521586693,94.4350575129419,85.1288514512059,93.0279719400195,91.9465591311645,94.7257001641547,100.552608527538,89.1595419427142,80.9355828405419,101.580529356042,111.197438564899,95.2644078387732,98.8860914555048,95.9461452992066,101.321299598865,98.7089469831578,73.4356692707437,80.7937697306629
85.6220383241837,71.5641152722008,88.3091877327532,89.0522341645542,81.7923075934963,109.941128163373,101.278218196474,77.7831482783391,97.3212952426632,92.8780131540457,83.1916884522861,80.5782583843051,77.5012874894275,88.6017260965466,84.9723163055687,92.6471828010143,91.9021295771951,94.6903277482954,93.1698356284999,88.7396213705575,80.535481098027,101.385554196295,111.048461292571,95.1516471889956,98.8860356729351,92.5903668021419,100.995891344146,98.6007714534463,73.3768950285041,77.8260410888277
79.762658895656,71.5641152722008,83.9335596067749,79.4773880715575,81.7922809950753,93.6733888027401,87.5734750759484,77.7652624641878,87.0368750242858,72.0067013321687,68.4551714184009,80.5781989447692,77.4852441078443,88.1027091601055,83.9602371220452,88.3962296656016,90.4283429238053,93.383753378732,79.4116123047428,87.3345335432432,80.5340364277057,93.6240025419711,97.0250333610753,79.690206967374,97.2847738680765,90.8934653393217,90.2045353451688,88.4464989896671,73.3754454053915,77.6045804685589
