10057.352224419,13622.992054482,10682.1038025725,11528.7396982654,9639.56372990498,8172.35778411411,12210.4554807513,10767.1788736238,11926.843372782,9624.14507624843,11251.0697882514,11240.9769840673,11931.2036178618,9862.96150513272,11623.8605466942,13688.6756812407,12972.7077310151,9651.18556355657,9604.04976101104,9866.29858783794,8575.87784967302,10473.4121970007,11419.7843333066,10331.1558225742,12674.4763810694,12172.6903479763,7345.11522430408,12685.5939666487,8945.87474589589,10101.8725503034
3751.12256926374,5134.3946099546,3948.80857235115,4324.25365431349,3751.16583244235,3081.10183369571,5012.54199354616,4770.4808333971,5216.8126301992,4030.19092942523,4664.7853404361,4324.09657763154,4783.93901407341,3921.96799754765,5045.22755205461,5150.41718561834,5707.42793500335,3738.71811833465,3658.14678161117,3753.63657266953,3308.46208557566,4216.6943903282,4467.969249214,4011.11561433106,4953.26789479599,5364.75082778696,2682.95885223281,5670.51359289827,3302.42329773056,4182.27718816897
2240.40589826213,2357.17157359544,2296.56770109284,2533.00046478564,2029.38876849117,1901.22831315313,2500.47619185119,2268.31141991005,2414.38945441607,2211.56998172349,2541.91382165222,2260.18901105101,2471.8409977725,2195.50543457512,2217.37196171242,2718.09759880842,2430.2973974829,2082.34495463866,2148.03003181191,2092.98523292917,2064.85373527431,2244.98423475505,2272.46841837345,2173.8273791952,2580.76140617067,2515.42738665923,1887.95601817969,2599.04009356237,2084.20879430356,2255.4384605739
1126.95518207254,1182.18492232082,1173.88572334661,1247.5757489901,1129.35718340548,1068.1841575522,1263.94273360873,1201.42403848856,1249.41776779879,1176.9349829515,1213.56911482945,1189.39972615537,1184.6537317567,1110.3989117198,1234.65221802549,1214.85442152305,1314.75021469344,1090.96936637577,1128.40875319965,1147.63240989439,1089.67278758039,1189.4779101255,1217.1768945791,1157.05802760599,1300.64829838764,1249.30047526173,988.034370879182,1254.15554840314,1076.84446263266,1139.73903151248
210.335208415796,238.79628841163,208.761600991493,204.953003813135,198.38264410675,206.688237680097,220.069625035312,212.81018920114,233.537886286782,198.542541661944,220.129291965989,207.589483184592,190.873994539316,207.512383053843,204.435689439263,242.667132683432,224.820341972636,192.627614161923,206.934216123338,228.084928590121,170.375824716862,201.169887450318,222.454198660157,196.209449084905,224.233467360143,225.45785772423,187.654961379036,252.81118389349,189.630887232581,178.523264832611
123.005923838444,121.55629897525,119.466071398384,120.000897637117,117.987516647447,121.49883531709,119.528117759524,124.84923376069,123.002392491357,118.790843190461,123.313211087871,119.612612833775,114.812028208817,120.786096842554,118.560437081526,116.645609506862,114.049653423012,116.410666915257,119.645393597001,115.859955494315,120.443773839198,120.719633253715,116.380067697856,119.301593889423,117.900280525383,118.840193023828,119.96908650744,123.774192636663,116.026448319038,117.829953977437
122.977749574379,121.521298759108,119.44047389832,119.972395502261,117.966879611896,121.469750646908,119.493089307948,124.820820917527,122.964919304015,118.767829554088,123.282636942215,119.585367041281,114.784721531662,120.75586391321,118.528296767252,116.612945269196,114.013226615835,116.383554458123,119.620280740882,115.824076039266,120.423153786081,120.69676578058,116.349595565709,119.273032845262,117.869436725597,118.805258642574,119.946652939423,123.731166028949,116.000342147847,117.81121051021
122.977738502042,121.521285947406,119.440462321509,119.972383840453,117.966870502529,121.469737142619,119.493075315849,124.820810475403,122.964904122075,118.767820065319,123.282624458306,119.585357638277,114.784708112521,120.755849846376,118.528280682229,116.612931124008,114.013212083228,116.383543183162,119.620267920415,115.82406148363,120.423144907857,120.696757232277,116.349582017635,119.273019203144,117.869424851734,118.805246891002,119.946640909256,123.731147817986,116.000332030362,117.811202479962
120.146497817802,118.527870225015,119.440462321509,117.331808638152,117.966870502529,114.647925122988,119.493075315849,123.54681966638,116.65089324938,118.767820065319,118.710227670526,118.54469179012,114.784708112521,116.31427511335,118.528280682229,116.612931124008,114.013212083228,116.383543183162,119.620267920415,115.82406148363,120.423144907857,120.696757232277,116.349582017635,116.207958583982,117.869424851734,118.805246891002,119.946640909256,120.167612205601,116.000332030362,117.811202479962
113.372859279836,112.026937698602,113.63553605371,109.641410975721,111.218370100894,112.015414097405,112.933166507238,114.857397523235,113.612992573152,111.928028403882,111.192316699565,111.875831923453,109.226220979908,112.138737417451,113.88281528537,110.977992971947,111.595990421196,115.50635632394,112.572725321119,111.823899187667,113.098983852334,114.764918990236,113.219371948994,112.608359616497,111.473994287745,113.02102421362,113.68242433822,114.230785938806,113.44100160723,113.682529192263
113.3701865451,112.024459624554,113.632548261241,109.63842767852,111.214420721098,112.014003336784,112.930169802275,114.854380945091,113.611557287391,111.925052512205,111.18880461679,111.873281888035,109.222963040464,112.136909870527,113.879740379364,110.974904967396,111.592814064733,115.502883585819,112.569356685884,111.82016569729,113.096036001742,114.761343838229,113.216536057585,112.606710513349,111.470909073752,113.018744831949,113.679490164235,114.228574083579,113.438308531729,113.679642519106
113.370185475706,112.024458464171,113.632547030958,109.638426372035,111.214419167841,112.014002741626,112.930168461836,114.854379609228,113.611556711569,111.925051385772,111.188803171707,111.873280882013,109.222961714597,112.136909021882,113.879738868781,110.974903808395,111.592812838161,115.502882393486,112.569355548776,111.82016406413,113.096034596448,114.761342262323,113.216534932517,112.606709843639,111.470907720367,113.018743806858,113.679488948942,114.228573207874,113.438307449873,113.679641290433
110.410114455088,109.133186697058,109.71471455939,109.638426372035,108.659307761087,108.408956665648,109.864312748233,110.670847802599,110.068203923816,109.094221863426,109.367966263439,107.263397279834,107.960049603743,111.090675499432,108.034053304108,110.632203807851,108.532646307867,108.028247067009,107.604018979384,109.408576673952,109.122818177475,110.439974550258,109.463961176564,110.768140480532,108.857629202569,109.946812811484,110.531428462539,108.648144154628,108.635445930975,109.501298067001
110.167419037387,108.750597644385,109.478529687725,109.638426372035,108.457460284239,108.26150611458,109.657075629289,110.466489883937,109.922071125324,108.883476297044,109.178747638239,107.016301514076,107.744965543572,110.974884036777,107.796067774351,110.362454340448,108.279557806183,107.827561512168,107.395512462696,109.23405478136,108.896478471392,110.265191907946,109.242186530241,110.659621357912,108.663400015151,109.715547668271,110.337726835148,108.434350661492,108.415544333326,109.315166770799
