1244.01940058333,1185.89593554096,1496.31390534853,1154.7485680952,1548.32126365903,1245.36420804591,1327.4800228862,1330.50171949055,1427.06888440402,1166.66673551099,1955.45991749493,1193.87901877908,1100.08835374781,1311.02064195823,996.561433672818,1407.67741132364,1439.62759225654,1159.29040556626,1030.20995165441,1452.05352338416,1146.35666391409,1313.81528024513,1594.50367712348,1216.10250352565,1234.52946642144,1218.55225906886,1765.06710683903,1317.53969517198,1204.17762749255,1154.16034297584
1127.04915940368,1034.8351773173,1334.61834369225,1022.43217699655,1365.10213121957,1102.65071733596,1165.3449865647,1201.06963248034,1282.69365594013,1012.38425100088,1698.02007706332,1050.24074794313,950.776895745313,1138.01783560703,894.136650342197,1238.24624879635,1258.19996377748,1006.37517684842,894.547204052132,1290.74141874609,997.322906438524,1119.025889389,1432.33109696177,1101.86023840175,1121.83166540154,1067.79121174845,1446.24842118555,1135.77765156722,1069.01015147,970.181881244736
980.949174077126,932.80451299559,1188.60197170813,915.272476123314,1236.25871785793,1011.71660962291,1050.69100350548,1100.8089132144,1194.00754602331,930.163325475556,1444.50249075906,955.327233166952,870.453142033856,1046.78850245657,811.986713710916,1126.82371453592,1149.77514359737,909.571129332364,799.884493692769,1178.28525862755,915.129361632492,982.669695272538,1301.83277384603,998.979043831114,989.059199217121,1006.07037852356,1277.42723114521,1049.64096216624,962.664112657135,923.767242829547
901.249273760525,855.938758797313,991.02409989161,835.803158951062,1150.53703602991,948.817113508733,1007.44444505832,1037.82658821277,1101.25274665705,858.214593177575,1176.7095473278,885.809926882303,809.528236221647,912.030937290544,742.837466096517,1006.39910712962,1061.30116854652,846.396571035264,733.961917018573,1087.29150892747,858.725312147116,911.124717724817,1212.26311375004,870.4190981748,913.626150463064,930.220243057371,1038.12143454398,973.686719977114,897.119013689729,851.022311532752
883.837438346238,835.035092685247,957.675805588742,820.141297096242,1124.70616305588,931.469258751285,987.194130071596,1021.06287968678,1079.90749058402,837.057892574556,1068.88495841469,868.838339652051,789.285979785622,879.982349203972,728.513423825012,978.398091332769,1033.14034156559,826.985587612546,714.665108914184,1067.9301561989,841.958741761094,885.889844532669,1189.39618866509,846.161085613993,893.758949402558,914.629499179813,934.449767875501,952.476516740181,878.812881179259,831.013023273911
883.509775274228,834.754510915762,957.129353890132,819.829854000329,1124.27597683235,931.262310823047,986.98219375084,1020.79906729337,1079.50380398579,836.745334825677,1067.57066754262,868.58599242236,788.991176769377,879.52643666307,728.298431883219,978.019533603915,1032.74306420141,826.789827869376,714.368581127241,1067.56796285619,841.722617063752,885.492269613238,1188.94963619721,845.699323628118,893.45704917685,914.347691939833,933.254629682893,952.155736843866,878.52926721519,830.769992724641
883.509675917723,834.754408211978,957.129156650561,819.829793355281,1124.2758786374,931.262245663524,986.982113698252,1020.79898855328,1079.50370236645,836.745281204623,1067.57030028518,868.585908477863,788.991101817289,879.526279912606,728.298383087332,978.019374589083,1032.74294112601,826.789764439888,714.368486029476,1067.56783971975,841.722535305467,885.492153891484,1188.94949832301,845.699204581299,893.45697556134,914.347623222873,933.254373606328,952.1556267284,878.529182617341,830.769879967745
867.235028322664,820.116201839603,957.129156630633,682.767629232405,897.272336877622,847.359797105672,758.993554613843,985.952084541461,914.778730569879,836.745281197278,1067.57030019215,868.585908469363,788.991101800262,865.323900124026,728.2983830847,798.891156740433,896.126790427062,826.789764431232,714.368486015266,874.155805510826,841.722535292834,816.166237353977,769.758963946018,845.699204551853,805.375670488307,843.313221553132,933.254373536872,798.357820275243,878.529182608991,830.76987993536
866.595979224009,819.828381469831,957.129156630633,682.533694223085,896.442326690405,846.693514497641,758.141510366226,984.988254967009,914.349064638116,836.745281197278,1067.57030019215,868.585908469363,788.991101800262,864.607214010945,728.2983830847,797.945982601286,895.444491521825,826.789764431232,714.368486015266,873.554956374415,841.722535292834,815.848070653014,769.087562167439,845.699204551853,804.905960649419,842.714211597998,933.254373536872,797.942125969707,878.529182608991,830.76987993536
866.595746448907,819.828235564018,957.129156630633,682.533631740684,896.442071071313,846.693303392751,758.141246511914,984.987917117551,914.348929811953,836.745281197278,1067.57030019215,868.585908469363,788.991101800262,864.6069338745,728.2983830847,797.945667700835,895.444316897931,826.789764431232,714.368486015266,873.554705942823,841.722535292834,815.847986877506,769.087327764214,845.699204551853,804.905736256691,842.714018190594,933.254373536872,797.941959635588,878.529182608991,830.76987993536
866.595746393967,797.704854102916,957.129156630633,317.749904987186,759.491139893285,846.693303359499,704.410503933134,808.807827471987,687.190223025689,836.745281197278,841.276911804242,663.440222871393,769.944507973869,757.70410257821,121.096238926556,797.94566767437,634.79283183529,826.789764431232,714.368486015266,784.940401050593,779.079543091878,454.054801534084,769.087327720378,837.61751830767,804.905736197569,783.061899726203,749.057738720174,797.941959600963,745.904821864466,830.76987993536
866.595746393967,796.948129403475,957.129156630633,312.41521970705,758.147989316064,846.693303359499,703.423860815918,807.894358743182,686.514688949238,836.745281197278,838.736801010593,662.630539482292,769.089596807272,757.150002409361,116.411135290917,797.94566767437,633.780498491263,826.789764431232,714.368486015266,784.016713287491,778.045854450379,449.718446152966,769.087327720378,836.745363332056,804.905736197569,782.026629087918,746.209104830221,797.941959600963,745.213042639994,830.76987993536
866.595746393967,796.947950328828,957.129156630633,312.414241527768,758.147644676772,846.693303359499,703.423625270511,807.89409595706,686.514520377825,836.745281197278,838.736255833843,662.630321201692,769.089388259123,757.149847746624,116.409993050082,797.94566767437,633.780208076889,826.789764431232,714.368486015266,784.016500973697,778.045613665283,449.717401178631,769.087327720378,836.745137423305,804.905736197569,782.026325525892,746.208557077599,797.941959600963,745.212854353336,830.76987993536
634.92888427538,796.947950328141,267.160179329137,312.414241382367,233.703166239262,846.693303359499,485.097162010177,386.496788106045,370.355987017483,653.024521804171,137.330413159809,159.697436101433,769.089388253596,757.149847746624,116.409992851338,287.140991599725,256.635680174214,700.596478590271,479.838990633123,740.522506125546,162.484871894787,136.553714072505,769.087327720378,667.846279148749,399.558045167704,237.660561398437,133.893659900581,604.280875172018,745.212854350865,830.76987993536
