1220.41444439772,12342.2396506112,1164.28682213515,4328.10859281148,2014.23174435964,811.608371250981,992.055817433633,1509.17025879081,1735.4415784096,14096.2889672179,7701.81198985465,1836.32242399989,861.366929419399,1838.25418364129,7477.71909059287,1029.05408027514,1920.20662838447,33485.3114308924,670.554624789131,805.484642571463,1205.71557332494,1323.83967635853,1972.27595217014,2102.01413097829,10004.9178809807,4673.80647388596,4779.18764189908,806.31114742481,1000.51548754789,2685.28409354065
769.994331242013,1089.07847414545,583.183222017196,935.696750967499,340.26057941144,714.760891282054,542.185433665447,858.41374548493,467.638394328522,1003.2339749914,905.686382048904,449.710163292104,682.235568571468,505.502982868962,1353.34697074114,725.083884526554,829.700564489143,1270.64862480588,595.816556206978,620.881721700216,463.733879311325,785.857574019807,638.832491144269,1040.97185168784,872.087347882532,1721.95849214306,1230.45651522885,655.070198797816,794.504083197903,650.81080203425
392.338347473205,1046.84660751561,583.183222017196,935.696750967499,340.26057941144,647.742081747119,542.185433665447,695.060141965941,467.638394328522,950.867716264686,788.452224787658,449.710163292104,624.731243349503,505.502982868962,714.463354629599,725.083884526554,292.962963194588,840.922595583359,585.978525297875,556.840759947138,463.733879311325,769.848937125953,405.865354224744,480.042504915577,627.823611687575,694.104261389103,873.533391197725,615.73502155608,491.659831764915,650.81080203425
209.472942751839,224.450365416382,241.505130864468,510.138999945627,263.791567481808,580.103185315582,334.259010166808,415.265897252464,347.072146757219,448.66260360336,491.725513110925,137.98900924224,574.714128795596,302.922896906582,386.527672930178,514.595015802186,269.592710757107,472.615802565007,575.009070832637,556.840759947138,429.427293273146,290.064139934495,73.0619497419559,357.034162005373,551.514134316365,652.421940133766,634.137243122191,577.453364148625,382.804521927105,400.224998777716
43.1896093487769,49.575629731379,135.878715465733,73.5791322602938,97.9355299564554,432.398934778691,176.276402552593,314.189418248053,162.898415704059,419.906899237114,421.89548433867,43.7946799752056,457.223253974558,137.471511043135,130.670791642448,164.943631992142,199.783925669679,328.657419009501,557.421132145517,546.181604639486,162.428872617752,179.989563552539,51.4154495727469,209.868483802381,163.71111644672,285.037820317013,181.073485859045,557.442356459571,382.804521927105,186.080654396131
1.61521858569745,1.27293225156723,132.463051462892,17.1506648848354,1.65099626738902,432.220016768271,120.007401552481,297.848942785049,130.734791344564,243.935783106027,421.89548433867,1.73358850571708,456.04633520381,120.011462406898,121.526341433887,121.755552599322,121.158450571269,239.942520261977,550.439564796009,535.963405584982,121.174060227127,121.437292930062,1.98570730581719,124.248412570566,120.109094066038,239.588990404186,122.088723380296,557.15005020709,382.804521927105,122.834418709499
1.42018034538137,1.05930506093705,132.438646794824,12.5320390397708,1.45471122567915,432.211147127307,118.996939802285,297.731868928558,130.651387901928,239.264613688041,421.89548433867,1.61926687061941,456.027854731366,119.903358128681,121.479377134061,121.48537965089,121.041908461893,239.470935267256,550.369398337751,535.588257521622,120.915068061021,120.969860027914,1.84487361924243,121.001773125923,119.924378278628,239.451849338604,121.041276363797,557.145628628153,382.804521927105,120.965164125778
1.41342579427533,1.05493426824683,132.436947033121,12.4773405766189,1.44305918117902,432.207018259794,118.879373229577,297.680739121965,130.647694327698,239.2524617058,421.89548433867,1.50624756878005,456.024951807281,119.84745275861,121.261390177189,121.247164422602,121.033782140029,239.465644105118,550.352346519822,535.578326540587,120.874909555417,120.964735591172,1.80356268824903,120.968522091426,119.907090961525,239.444667618985,121.030108378653,557.130126196258,382.804521927105,120.955403814071
1.41240555799618,1.05179029653527,132.436256387634,12.4723436833553,1.4416042655298,432.206095994746,118.871338748629,297.668474640438,130.64672186294,239.250549679071,421.89548433867,1.47695551427751,455.997073733561,119.840680134684,121.242598939217,121.053172024641,120.95785600816,239.465211372191,550.003404663993,535.577482240659,120.852224015381,120.963824370905,1.79536775759152,120.965686398758,119.904725718922,239.44336955881,121.028867957928,557.11978053038,382.804521927105,120.951505909825
1.41105378069983,1.04761408931518,132.266045005844,12.4661012885954,1.41633593036818,432.194975961365,118.863719048953,297.643999817607,130.64672186294,239.250535293111,421.89548433867,1.42144805845533,455.960922984008,119.825324263456,121.211867478984,121.034345602424,120.95785600816,239.456424472558,549.994651664266,535.573924380813,120.852224015381,120.950096087822,1.7472979443196,120.965438283006,119.867711275622,239.432355888814,121.028867957928,557.093394145257,382.804521927105,120.942423916475
1.24983232382419,0.995756260514327,132.222874680037,12.460863629072,1.39096303240694,432.159891903809,118.859276123871,297.63102019264,130.64672186294,239.237445290964,421.89548433867,1.41419939573871,455.924015058615,119.81922298331,121.209449489008,121.005708617496,120.95785600816,239.431215654624,549.989963757774,535.573436729227,120.852224015381,120.948705031432,1.73814017862878,120.962159928191,119.85959627037,239.379606783692,121.028867957928,557.091412201538,382.804521927105,120.938065948087
1.23783189009532,0.982028778228596,132.207835256553,12.4407394704458,1.34965895350456,432.138932029539,118.835107035957,297.560618641018,130.624398372933,239.195717473838,421.89548433867,1.34204458410591,455.871742044757,119.779131320143,121.199804869887,120.983251239772,120.947968501961,239.417634850812,549.989748413915,535.571862810613,120.833749506374,120.945910930533,1.68310363911655,120.959559259121,119.812245511318,239.374793080154,120.962993168773,557.056552307363,382.804521927105,120.927850437875
1.21695393263053,0.183250806863725,132.120383269686,12.3739932597707,1.30935144643877,432.063874835208,118.816994022993,296.587835471475,130.597495012244,239.189147757009,421.89548433867,1.27555129889811,455.813644221112,119.680271844908,121.186171744202,120.958272617885,120.934643305151,239.285072718778,549.988796038866,535.568753993369,120.815308228338,120.942154225947,1.59883702610114,120.954544666687,119.732519318592,239.37183259762,120.957944871356,556.969934565848,382.804521927105,120.912088346697
1.2075910773699,0.0298174992815348,132.054853744037,12.3688146029588,1.26681559096164,431.968052071652,118.811572796769,296.520738849789,130.597077575185,239.184542374648,421.89548433867,0.528520096081365,455.756887575708,119.593513279471,121.17388363353,120.840707633624,120.061009933703,238.448776483991,549.988308466697,535.542062767011,120.799789691034,120.934985437721,1.50341334429891,120.950922708,119.677367485698,239.370731787001,120.950219854574,556.882983932129,382.804521927105,120.903853932585
